0.444356
0.573962
0.471202
0.663941
0.015581
0.134445
2.56827e-05
0.239635
0.438258
0.707291
0.94689
0.729672
0.323354
0.402086
0.173345
0.177119
0.206668
2.2299e-10
4.04995e-07
0.28331
0.177923
0.420129
0.110902
0.130906
0.395695
6.10802e-11
0.234184
0.130905
0.234184
0.274995
0.130905
0.459139
0.69721
0.132404
0.554752
2.46447e-06
4.51051e-10
7.39274e-10
0.212622
0.212622
0.212622
0.46072
0.0393241
0.692015
0.232259
0.485373
0.973468
0.16963
0.00371612
0.00507044
0.142679
0.886774
0.257565
0.0593046
0.0593048
0.314021
0.546703
0.546707
0.457268
0.00561583
0.00714077
0.125948
0.0845007
0.376493
7.10726e-06
0.757592
0.321097
0.514676
0.0101834
0.514677
0.00346561
0.0059591
0.540513
0.540512
0.0983637
0.000346535
0.413447
0.389732
0.389731
0.42797
5.44107e-09
0.376492
0.286925
1.5496e-11
0.213694
1.29261e-06
0.599353
0.959507
0.667467
1.71325e-07
0.303547
0.594116
0.646335
0.0140252
0.301301
3.09675e-10
0.000113202
0.28086
0.376491
0.246734
0.0115904
5.71807e-10
0.330367
0.111606
0.146997
0.0823301
3.13414e-05
0.0833789
6.16115e-05
3.5939e-05
4.14097e-05
0.00010323
1.76104e-05
1.0018e-11
7.70696e-07
0.0350622
2.65665e-09
0.712053
0.0163928
0.546703
2.63077e-06
0.660152
0.00067429
0.060376
2.71611e-07
0.033413
0.0819605
0.193529
0.00215304
1.69231e-13
0.0653758
0.0545355
0.007044
3.01007e-09
0.412526
0.438517
0.000606828
0.000378249
0.460721
0.00123606
0.951445
0.397138
2.34509e-08
0.328716
0.0154203
0.0355267
0.261983
1.49797e-13
0.261983
1.84305e-05
3.63256e-07
0.0124005
9.977e-06
0.573959
5.22862e-08
0.304184
0.000168288
0.564146
0.638403
2.55574e-12
0.0104915
0.000220842
0.236266
0.953259
0.502246
0.169398
0.460722
0.757582
0.000151586
0.506042
0.167444
0.168929
0.0302291
0.0251694
3.35517e-05
0.181646
0.000799237
0.442283
0.186219
0.297996
0.690516
8.28437e-05
0.0218627
0.344132
0.293567
0.0490812
0.173612
0.413462
0.76253
0.00151023
1.22701e-12
0.0984983
1.18275e-05
0.231822
0.231822
0.925002
0.235733
0.769134
0.678837
0.114056
0.000201181
0.571629
0.186967
3.90933e-09
0.00368037
0.376489
0.0084492
0.00125729
0.413454
0.0646424
0.336196
7.21525e-07
0.0580417
0.00111011
0.664784
0.292425
3.64422e-10
2.11178e-08
1.97811e-06
0.236268
0.68741
0.029041
3.73159e-11
0.776968
0.00243017
1.86614e-12
6.40634e-15
3.03222e-15
0.1191
0.694683
0.672227
0.223012
3.87229e-09
0.19077
0.240439
0.323357
0.131832
0.63496
0.150506
0.929202
0.933589
0.261985
0.261983
0.14707
0.0397946
2.70881e-14
0.504176
0.399178
0.503387
0.180402
0.000669286
0.0222759
0.00148376
0.240693
0.537723
0.963431
0.0831832
0.270434
0.314953
0.00913957
0.243289
0.376489
0.423015
0.185663
0.185663
0.817802
0.618456
0.235731
0.00153851
0.577663
0.00014098
0.148898
0.376489
0.0646546
0.376492
0.118187
0.000279923
0.243759
0.358863
0.411499
0.174742
5.91848e-05
9.49865e-05
1.95473e-05
0.175467
0.600436
0.00465951
0.329945
0.0124688
0.450625
0.287163
0.224147
0.00118459
0.00306632
0.37649
7.13942e-07
0.231819
0.109165
0.000314924
0.314951
0.000719554
0.000962019
0.445624
1.89676e-05
0.446101
0.156421
0.967602
0.412528
0.00115182
0.0592285
0.354187
0.326
0.28228
0.376491
0.325979
0.000521217
0.000638343
0.115292
0.00511419
0.187687
0.572909
0.120712
0.133638
0.133637
0.825083
0.721111
0.336189
0.00139889
0.111307
8.82169e-06
0.698203
0.412468
0.261981
0.249466
0.964307
0.00600725
5.11858e-05
0.425158
0.147053
0.000422531
0.451731
0.930656
0.000931079
0.37649
0.266882
0.0924645
0.37649
0.00496181
0.48948
0.00012297
0.336202
0.0403575
0.14862
0.156053
0.545443
0.00380375
0.300649
0.188298
0.331094
0.211619
0.0492641
0.166525
0.65654
0.757586
0.297993
0.235036
0.376489
0.294387
0.352913
0.242529
0.376492
0.0819607
0.483423
0.00250779
0.000177463
0.000308729
0.604598
7.28846e-05
0.376493
0.261992
0.174672
0.329947
0.376494
0.35357
0.00823175
5.34609e-06
2.13154e-05
0.37649
0.00108515
0.0049818
0.489475
0.000376571
0.37649
4.63511e-05
8.03515e-05
0.376489
0.0146281
0.00102998
0.00355018
0.0910452
0.00181405
0.122967
0.0016362
0.0107138
0.286925
0.00142316
0.489537
0.376491
0.376491
0.376491
0.0458303
0.471204
0.674348
0.376493
0.0137615
0.0792149
0.0442808
0.418967
0.284488
0.284487
0.477988
0.833886
0.323212
0.721598
0.26605
0.0480237
0.426005
0.477987
0.426006
0.52339
0.0263332
0.0172411
0.0355363
0.216988
0.533863
0.0918211
0.239098
0.178802
0.445616
0.167655
0.02272
0.244546
0.0334616
0.321106
0.000164843
0.994108
0.329946
0.138375
0.0669667
0.295266
0.295263
0.423747
0.29526
0.000141572
0.204782
0.600426
0.273206
0.460719
0.132054
0.376489
0.147203
0.443368
0.140294
0.0032109
0.123001
0.297996
0.0109866
0.757586
0.673734
0.413446
0.26198
0.183164
0.712053
0.712054
0.320491
0.00353351
0.289197
0.345409
0.752144
0.434901
0.98359
0.00726399
0.00397172
0.110191
0.579618
0.0937632
0.223273
0.308942
0.460722
0.169883
0.0656264
0.689183
0.0571609
0.37649
0.376489
0.716057
0.000150611
0.127474
0.261983
0.28221
0.0424754
0.688625
0.106001
0.412469
0.514223
0.323375
0.569148
0.712079
0.286016
0.816578
0.396227
0.286928
0.376499
0.283314
0.283311
0.283308
0.530475
0.462363
0.289197
0.771546
0.156171
0.345404
0.321094
0.286922
0.286921
0.37649
0.376489
0.251416
0.60043
0.185667
0.32598
0.425154
0.425156
0.502247
0.715404
0.323353
0.358108
0.460726
0.287292
0.431124
0.898494
0.0915742
0.010982
0.376491
0.329945
0.868899
0.889372
0.37649
0.214268
0.104755
0.0274789
0.224242
0.186968
1.47297e-06
0.600426
0.00582691
0.376487
0.00224602
4.18794e-08
1.28496e-05
0.000184379
0.772864
0.430934
0.412528
0.547824
0.290899
0.0341287
0.192279
0.0860419
6.84467e-07
0.113257
0.954325
0.818953
0.260288
0.817847
0.307013
0.615959
0.0472484
0.412529
0.126959
0.249463
0.314951
0.0327833
0.438258
0.376489
0.246128
0.295259
0.30701
0.510873
0.41121
0.835276
0.376489
0.753025
0.557536
0.0426911
0.285152
0.376492
0.153309
0.502247
0.195721
0.477989
0.532168
0.37649
0.376491
0.968195
0.0349545
0.414193
0.302625
0.129009
0.692891
0.0292127
0.976148
0.713754
0.442279
0.177106
0.0354876
6.80381e-06
0.514196
0.261645
0.00611415
0.376488
0.261984
0.175127
0.158294
0.0381151
0.0154141
0.566
0.437448
0.376492
0.138055
0.244604
0.173739
0.948263
0.42302
0.0409227
0.000506378
0.0146869
0.423022
0.21011
0.187965
0.376494
0.376492
0.385601
0.264039
0.0552756
0.816561
0.376489
0.00598891
0.180832
0.376487
0.0210445
0.376489
0.0597389
0.64839
0.000549628
0.0385101
2.818e-06
2.67289e-06
1.84927e-07
0.300649
0.600433
0.336192
0.000102133
0.114056
0.61692
0.37649
0.376491
0.0685595
0.328291
0.527446
0.227269
0.376493
0.376493
0.53048
0.617496
0.197751
0.145089
0.573954
0.37649
0.104398
0.412527
0.20421
0.344536
0.227265
0.207044
0.0244565
0.935999
0.376489
0.376489
0.338079
0.461537
0.866451
0.111466
0.426008
0.0041281
0.000820742
0.737551
0.50225
0.502251
0.491304
0.101904
0.412532
0.573965
0.108862
0.122341
0.250717
0.412529
0.0923649
0.412526
0.412524
0.370407
0.376488
0.376488
0.376486
0.836961
0.376489
0.127475
0.261984
0.948144
0.856084
0.863629
0.197752
0.376492
0.866451
0.0284231
0.0640486
0.193618
0.0350932
0.227267
0.374623
0.0382987
0.376492
0.376491
0.00656794
0.376492
0.0474531
0.037266
0.773284
0.133638
0.67173
0.408916
0.376489
0.59037
0.37649
0.596894
0.314945
0.376488
0.323212
0.671732
0.255389
0.671733
0.177119
0.671733
0.671731
0.858459
0.444623
0.471203
0.180832
0.419694
0.376491
0.795266
0.376495
0.376496
0.224243
0.224243
0.0254456
0.0329894
0.0431835
0.224243
0.419823
0.114618
0.467962
0.0839161
0.0839151
0.061442
0.0154237
0.673662
0.376487
0.808657
0.967838
0.808657
0.723226
0.732296
0.485594
0.712052
0.224243
0.67173
0.137197
0.286925
0.210105
0.113102
0.723229
0.376491
0.0666318
0.671733
0.73091
0.26641
0.117203
0.668107
0.808658
0.671734
0.224243
0.137197
0.224242
0.37649
0.00202112
0.379271
0.020216
0.00931368
0.0624603
0.557716
0.314951
0.376487
0.706718
0.31495
0.300653
0.412974
0.376491
0.376491
0.314953
0.177923
0.116644
0.302625
0.137197
0.794209
0.305199
0.578003
0.184673
0.376492
0.651445
0.122246
0.360284
0.261991
0.189008
0.385677
0.7037
0.071149
0.0380317
0.00239718
0.344131
0.143597
0.22424
0.866452
0.637961
0.376487
0.149707
0.376489
0.783572
0.861632
0.205465
0.205464
0.344131
0.651553
0.651548
0.189597
0.37649
0.37649
0.300652
0.502569
0.502571
0.345408
0.300658
0.302625
0.174811
0.345408
0.651554
0.712055
0.307012
0.307012
0.314951
0.297261
0.00527432
0.349807
0.502243
8.63893e-05
0.321098
0.425138
0.100249
0.376489
0.413494
0.268729
0.641277
0.219341
0.376491
0.376492
0.376491
0.718248
0.133637
0.535708
0.283807
0.000129912
0.00985552
0.444342
0.444344
1.13476e-05
0.314954
0.383771
0.135931
0.86724
0.0133246
0.0629726
0.489474
2.08879e-06
0.454028
0.283801
0.376487
0.416723
8.54769e-14
5.25653e-15
0.425158
0.376489
0.258116
0.0161574
0.295265
0.950337
9.4258e-14
8.93808e-14
0.390929
0.376491
3.11506e-14
0.164575
0.552214
0.571639
0.376492
0.101616
6.27138e-12
0.541287
0.869209
0.270203
0.790695
0.336197
0.460725
0.314021
8.39863e-14
0.314952
0.617488
1.54805e-10
6.43711e-10
0.0784219
2.45053e-06
1.2863e-12
0.376489
0.336195
1.13358e-14
0.208151
1.13153e-14
0.235733
0.32829
0.651551
6.34177e-12
0.187822
0.385208
0.42515
0.537714
0.573962
0.376493
6.70207e-14
1.06677e-11
0.376493
2.54573e-10
0.997633
0.376492
6.06873e-13
0.376489
2.15236e-11
2.01709e-12
0.106192
2.17364e-09
3.11138e-14
0.548114
0.376487
0.287291
8.65988e-15
2.58474e-14
0.261985
0.376489
0.564467
8.9944e-14
0.261983
0.347257
7.01749e-14
0.412469
1.64942e-13
0.376491
1.09408e-15
0.261985
3.26929e-15
0.419809
0.419809
0.41981
0.192285
2.23582e-14
0.129519
1.27157e-13
0.45403
1.12942e-14
0.37649
2.11592e-14
0.537709
0.336189
0.124021
2.67911e-12
0.376488
0.261983
0.185665
7.06498e-10
2.40221e-14
0.757587
1.13403e-14
0.604602
4.42002e-15
0.376491
0.286925
0.266883
0.186969
4.41206e-15
1.309e-15
0.376499
0.262002
0.423029
0.314029
0.17532
2.28895e-13
0.114053
2.3528e-14
1.1324e-14
1.13021e-14
0.249463
0.525902
0.674333
0.37649
2.3221e-14
0.261979
0.376487
0.376487
3.12431e-14
0.236263
0.37649
0.376489
2.0565e-13
3.42716e-14
0.376492
0.454031
0.376491
0.235733
8.39606e-14
2.13721e-13
1.12872e-14
0.383768
9.86841e-14
0.180398
2.53404e-14
1.82525e-15
7.82389e-14
0.94708
5.27759e-15
1.32416e-14
0.533412
0.609765
0.46237
1.91076e-13
0.617487
0.37649
4.08086e-12
8.27779e-13
1.3298e-12
0.651545
0.295263
6.41719e-15
0.31402
0.423849
0.261984
0.376489
2.9294e-12
1.21437e-09
2.69865e-10
0.135336
1.92467e-10
0.292425
0.571637
0.376491
0.939839
0.376492
0.308957
4.34388e-15
0.235733
0.604607
0.674349
0.423753
0.413454
0.164576
0.789136
3.01204e-12
0.376488
9.53726e-12
0.489474
0.607615
2.48796e-14
2.77964e-12
0.249464
0.376487
0.249466
0.427971
0.345406
4.05188e-14
1.92719e-13
0.376492
0.249464
0.537713
0.809586
0.573957
0.177924
0.192279
6.51705e-15
1.13351e-11
2.93846e-14
2.15638e-13
9.19821e-13
7.83716e-14
0.376491
0.376491
3.11574e-14
0.376896
0.244546
0.423749
0.423747
0.000535716
0.00116896
0.161275
0.161273
0.347238
0.376489
0.971928
0.462376
0.462378
0.502567
0.342365
0.376492
0.0733232
0.948405
0.133427
0.0465678
0.0155387
0.416134
0.376491
0.376493
0.8053
1.85426e-06
0.621305
0.128713
0.422057
0.0197939
0.291545
0.130369
0.210107
0.532073
0.376491
0.376488
0.732289
0.376489
0.501031
0.501026
0.577992
0.117357
0.0425964
0.00153911
0.167244
0.878432
0.133638
0.0270004
0.00533418
0.37649
0.376492
0.91503
0.282412
0.00121127
9.22073e-05
0.851971
0.772334
0.6421
0.0334063
0.261991
0.0558355
0.0187863
0.600437
0.126854
0.0242346
0.126444
0.738413
0.616916
0.858611
0.0980512
0.502565
0.329701
0.313307
0.00146547
0.421327
0.0257173
0.65931
5.1274e-05
0.114054
0.286924
0.00337512
0.807814
0.229267
0.261981
0.651549
0.251411
0.251411
0.471204
0.15108
0.283319
0.960523
0.960521
0.361295
0.105578
0.757598
0.361295
0.236265
0.610875
0.413444
0.630124
0.97174
0.261977
0.323348
0.90567
0.133636
0.0474923
0.757581
0.376489
0.727368
0.727368
0.571637
0.261985
0.261984
0.224242
0.53358
0.37649
0.412999
0.34591
0.921625
0.300653
0.109099
0.0923639
0.0970657
0.270203
0.600435
9.54866e-05
1.51976e-12
0.477991
2.02024e-07
0.866815
0.0372
0.598459
0.233749
1.50189e-07
0.37649
0.174124
0.00900319
0.771551
0.598474
0.792798
0.728573
0.525901
0.416725
0.376492
0.81782
0.711886
0.445695
0.182552
0.423749
0.471201
0.345704
0.261992
0.416733
0.562322
0.445645
0.0964811
0.411565
0.323377
0.846903
0.0518257
0.776692
0.37649
0.302625
0.414317
0.573955
0.611632
0.564116
0.459305
0.734942
0.803925
0.334964
0.0849339
0.471104
0.412469
0.261985
0.261985
0.444339
0.0385649
0.0908
0.00317587
0.0901813
0.520612
0.508489
0.376491
0.17531
0.000502402
0.0512376
0.0632559
0.321106
0.261989
0.0290659
0.143313
0.423233
1.21203e-10
0.177923
0.00664124
0.712051
0.467963
0.503465
0.503464
0.00771904
0.124021
0.0996773
0.438258
0.434594
0.952911
0.31722
0.131833
0.383769
0.323355
0.289095
0.0793719
0.961808
0.503466
0.37649
0.0793741
0.425165
0.99801
0.423857
0.528892
0.321109
0.361296
0.70018
0.908715
0.376492
0.987167
4.73623e-07
0.240617
0.493878
0.823033
0.177119
0.175305
0.0400154
0.286012
0.131831
0.258633
0.11204
2.27587e-10
0.237655
0.376491
0.872958
0.395764
0.108463
0.181739
0.2261
0.210106
0.460724
0.114055
0.383767
0.354191
0.222433
0.389734
0.376491
0.630214
0.445633
0.376492
0.0965688
0.0615668
4.50493e-06
5.8829e-05
0.525901
0.106656
0.252011
0.137977
0.235731
0.16958
0.376488
0.297995
0.651551
0.651551
0.389731
0.376492
0.205465
0.376491
0.564128
0.423845
0.502247
0.376491
0.426009
0.376493
0.300661
0.307015
0.307014
0.641923
0.580794
0.389736
0.161271
0.376492
5.98177e-09
0.0445696
0.0218671
1.86957e-14
0.444335
0.417284
0.345407
0.26688
0.471196
0.361292
0.263448
0.37649
0.416726
0.571637
0.480381
0.361295
0.910316
0.376491
0.444562
0.0793718
0.397703
0.558049
0.742873
2.05868e-05
0.411211
0.175311
0.376492
0.199847
0.376492
0.210107
0.376492
0.376493
0.185666
0.261983
0.755717
0.157033
0.000108042
0.0592615
0.187968
0.858769
0.187965
0.187965
0.187965
0.187966
0.187965
0.757585
0.54128
0.651552
0.617492
0.37649
0.376491
0.37649
0.376491
0.987167
0.541282
0.403337
0.192284
0.376493
0.483423
0.483426
0.423019
0.111929
0.323368
0.323359
0.261983
0.376489
0.37649
0.376488
0.309578
0.32109
0.3977
0.397698
0.397698
0.376489
0.426005
0.325978
0.0711414
0.325977
0.147634
0.32598
0.113082
0.244546
0.73244
0.00228767
0.376491
0.376491
0.645294
0.219232
0.771555
0.919847
0.723501
0.376492
0.0412856
0.0886684
0.261989
0.503477
0.187967
0.421561
0.249463
0.521896
0.384062
0.37649
0.427971
0.261979
0.376488
0.376489
0.294637
0.816151
0.376489
0.376489
0.261984
0.376896
0.210297
0.37649
0.1539
0.477988
0.0524589
0.929838
0.000215174
0.000658304
0.261999
0.444349
0.300671
0.283334
0.442294
0.16127
0.361301
0.361295
0.415631
0.251411
0.530475
0.340456
0.535362
0.502245
0.929545
0.462363
4.3307e-11
0.487951
0.817228
0.279682
0.279682
0.947285
0.376489
0.90278
0.422052
0.151613
0.00306009
0.000906728
0.376491
0.302625
0.236264
0.959866
0.161272
0.213685
0.546707
0.573964
0.982465
0.336202
0.210107
0.384066
0.0580058
0.37649
0.0327429
0.33619
0.312611
0.276334
0.261781
0.291466
0.0702055
0.255388
0.525898
0.376489
0.8878
0.204392
0.126851
0.32598
0.604601
0.354187
0.66158
0.253994
0.253994
0.154687
0.525902
0.161273
0.161272
0.315987
0.315986
0.00143126
1.44665e-07
0.266895
0.331679
0.459275
0.261983
0.528975
0.155519
0.383765
0.210104
0.000203514
0.376489
0.57163
0.234619
0.23462
0.336191
0.419806
0.203349
0.376489
3.29385e-07
0.412471
0.376492
0.538029
0.376492
0.119892
0.300653
0.878772
0.334227
0.548121
0.182345
0.174811
0.109466
0.722719
0.811957
0.376491
0.376491
0.589643
0.376896
0.66676
0.412699
0.261979
0.02741
5.93731e-08
0.933872
0.376487
0.289626
0.134691
0.78851
0.65155
0.329943
0.187965
0.468942
0.336198
0.57164
0.376491
0.376492
0.210106
0.471201
0.313805
0.31429
0.759872
0.376493
0.0150005
0.0431674
0.302628
0.376494
1.34604e-12
0.000589863
0.573961
0.183297
0.884983
0.300653
0.177923
0.37649
0.0903552
0.0928811
0.389729
0.30707
0.813872
0.00021209
0.330948
0.445626
0.286012
0.114045
0.117708
0.94637
0.013652
7.11691e-12
0.0202306
0.471201
0.471201
0.333301
0.940783
0.924644
0.000509303
0.213564
0.224242
0.376493
0.00013513
0.0119646
0.210657
0.0359907
0.00199753
0.803928
5.49088e-05
0.959635
0.00326495
0.471199
0.376487
0.712047
0.131832
0.442278
0.930774
0.616919
0.483418
0.712052
0.564129
0.538834
0.596578
0.0661007
0.261981
0.158345
0.866449
0.376491
0.666174
0.460729
0.291782
0.344131
0.502255
0.289198
0.289198
0.578006
0.175309
0.0666335
0.0823743
0.0696091
0.260043
0.0243069
0.013065
0.376488
0.0171071
0.613546
0.494576
0.00247109
0.231936
0.402609
0.151097
0.376489
1.09036e-13
0.929197
0.302625
0.302626
0.0914508
0.448322
0.0222469
0.0333092
0.317221
0.605032
0.376492
0.640994
0.19526
0.00230109
0.454031
0.0268714
0.261985
0.425521
4.84917e-14
0.586608
0.336682
2.17685e-14
0.586604
1.82001e-11
2.1117e-14
0.300649
0.571201
1.31119e-09
0.000466266
0.215888
0.0246142
0.42797
0.0719741
0.19228
0.000722641
0.361667
0.673441
0.914875
0.376491
0.246326
0.293582
2.58806e-06
2.18632e-08
0.118447
2.19735e-14
0.286926
0.286926
1.0126e-13
0.617494
0.333909
0.133481
0.426125
0.336681
8.34919e-15
0.618637
0.483419
0.483415
0.376487
0.674336
0.376487
0.855091
0.503475
0.203094
0.376489
0.503475
0.851597
0.321096
0.321098
0.729416
0.321095
0.222603
0.140264
0.114055
0.336199
0.114054
0.114054
0.00881896
0.471204
0.257136
0.384066
0.257136
0.376491
0.961264
0.746615
0.426007
0.314952
0.0625096
0.300653
0.30065
2.04288e-06
0.697769
0.308945
0.308948
0.0485654
0.0619214
0.445624
0.412471
0.000609975
0.247673
0.376492
0.412469
0.412469
0.376491
0.412469
0.412471
0.117979
0.412473
0.371465
0.376494
0.212967
0.241299
0.270197
0.270194
0.376492
0.37649
0.37649
0.376488
0.376489
0.180397
0.156905
0.269946
0.412465
0.285
0.460721
0.499717
0.83418
0.149882
0.476515
0.78851
0.57846
0.0624834
0.338293
0.261981
0.707579
0.707579
0.26198
0.978238
0.978238
0.771558
0.861766
0.300653
0.376491
0.186973
0.376491
0.0946159
0.376491
0.384063
0.359204
0.11375
0.266881
0.266881
0.266881
0.345297
0.266883
0.182788
0.376488
0.37649
0.376489
0.376489
0.376489
0.376492
0.376492
0.771552
7.46483e-08
0.437282
0.771549
0.426009
0.771549
0.771561
0.771564
0.771567
0.261992
0.866462
0.376494
0.626894
0.376494
0.308951
0.308947
0.37649
0.376491
0.376488
0.37649
0.651547
0.651547
0.701106
0.114055
0.0240527
0.376487
0.258633
0.286012
0.376489
0.855093
0.85509
0.300651
0.272326
0.112943
0.564121
0.286013
0.342836
0.342836
0.37649
0.573511
0.898832
0.454033
0.445636
0.540539
0.540539
0.425295
0.376493
0.733305
0.0800971
0.383767
0.757581
0.293566
7.31198e-11
1.44629e-13
0.274498
0.358793
0.299522
0.293569
0.412526
0.0898187
0.202131
0.261984
0.315064
0.376491
0.253938
0.540523
0.0926162
0.238781
0.376491
0.233906
0.099407
0.241444
0.239458
0.376492
0.116943
0.236271
0.376493
0.0662968
0.0662969
0.376491
0.376489
0.37649
0.376488
7.66824e-12
0.376489
0.114056
0.292422
0.114055
0.00989268
0.384061
0.216844
7.52623e-07
0.95114
0.376489
1.63968e-07
0.517075
0.712053
0.460727
0.423749
0.757585
0.26198
0.26198
0.261984
0.289196
0.289197
0.186973
0.541288
0.389733
0.321106
0.235732
1.97949e-09
0.242528
0.929194
0.493883
0.242524
0.444336
0.187968
0.187968
0.444332
0.444333
0.729973
0.503469
0.712054
0.237565
0.210104
0.376489
0.185667
0.185666
0.761486
0.376492
0.489476
0.185664
0.065547
0.667681
0.00901297
0.25105
0.37153
0.604625
0.262007
0.541306
0.771594
0.133646
0.782607
0.376492
0.707409
0.58452
0.21369
0.37649
0.473976
0.703837
0.0422103
0.186968
0.625963
0.261981
0.880457
0.376489
0.210104
0.289196
0.376492
0.813682
0.546704
1.32554e-07
0.261981
0.423017
0.149143
8.38389e-12
0.697769
0.0780048
0.651555
0.571641
0.300659
0.933116
0.190233
0.0435034
0.321101
0.19228
0.438488
0.342777
6.19374e-14
0.613121
0.132618
3.04151e-11
0.133636
0.376487
0.483418
0.371566
0.66622
0.666218
0.483418
1.36448e-08
0.0026857
8.4052e-09
1.65694e-06
0.132619
0.359632
1.56886e-11
0.460724
0.292248
0.359639
0.930711
0.000752546
0.0016623
0.793906
2.94419e-06
0.712063
0.32598
0.871037
0.855088
0.0811713
0.205463
0.261978
0.460722
0.416725
0.416726
0.308941
0.210102
0.361292
0.376254
0.153361
0.712053
0.376489
0.161271
0.903041
0.286014
0.402736
0.855088
0.204856
0.131831
0.0526983
0.195217
0.286012
0.43826
0.00777267
0.114054
0.616927
0.461106
0.0824034
0.317272
0.0473586
0.0821437
0.0861588
0.246835
0.426183
0.37649
0.321092
0.938838
0.454025
0.39576
0.388537
0.30065
0.114055
0.188014
3.27403e-15
0.42205
7.12937e-12
0.546706
0.851962
0.031817
0.445618
0.321094
0.376491
0.412528
0.210108
0.329946
0.32111
0.321109
0.228839
0.187965
0.111048
0.135131
0.376492
0.103024
0.210105
9.81894e-15
0.376488
0.0290325
3.13472e-14
0.376489
0.187966
0.596695
0.711801
0.935331
0.423849
4.05214e-14
0.412526
0.855093
0.122689
1.50478e-11
0.553963
6.72853e-08
0.651549
0.321094
0.0833436
0.530475
1.68905e-13
0.878326
0.140949
0.477994
0.376494
0.103597
0.651558
0.344131
0.252649
0.41253
0.0336481
0.855086
0.192277
0.489475
0.905414
0.37649
2.45095e-12
0.376487
0.0674515
0.295261
0.376489
0.376489
0.376489
0.161271
0.0234912
0.0168824
0.412469
0.663941
0.502566
0.0448167
0.361294
0.251411
0.660491
0.224141
0.376493
0.158854
0.158855
0.376493
0.348097
0.92266
0.92265
0.922647
0.422048
0.37649
0.454025
7.80849e-05
7.44615e-05
0.116576
0.421728
0.376486
0.302624
2.22777e-15
0.0109607
0.566988
0.0548276
0.176215
0.176217
3.67552e-12
0.241443
0.181972
0.37649
0.376491
0.471201
0.0166431
0.186971
0.471202
0.502251
2.76261e-06
0.261989
2.19166e-14
0.0440136
0.205468
0.231822
0.261983
0.131832
0.234426
0.0629376
0.302625
1.12781e-14
0.0530615
0.383764
0.302623
0.0577499
0.384062
0.186971
0.124021
1.13397e-14
0.376489
0.389734
0.855088
0.30065
0.126079
0.323213
0.855084
0.321094
0.376491
1.27365e-14
0.233332
0.376497
0.307016
0.376497
0.376496
0.514018
0.438268
0.261985
0.502249
0.489333
0.162149
0.284212
0.559604
0.480511
0.329898
0.329895
0.38406
0.180074
0.85509
0.855091
0.376489
0.3211
0.114054
0.674342
0.085446
0.239697
0.192281
0.674338
0.712054
1.12891e-14
0.0848526
0.403435
0.777839
0.87274
0.286013
0.376493
0.650783
0.175311
0.444339
0.308951
0.300651
0.208757
0.261981
0.319632
0.454028
2.17734e-14
0.0869535
0.201628
0.454026
0.131832
0.124019
0.260458
0.54128
0.712052
0.293572
0.161273
5.674e-14
0.37649
0.376492
0.261981
0.37649
0.412528
0.329943
0.117976
0.196704
0.252648
0.293578
0.114054
0.20547
0.82834
0.000322918
0.48948
0.489479
0.286924
0.119892
0.0090088
0.261978
0.270263
0.454027
3.62893e-15
0.100179
4.76187e-10
0.483416
1.24282e-13
0.614639
0.00923199
0.000116079
1.80083e-10
0.422052
0.132619
1.19334e-10
0.286013
0.37649
0.0757688
4.72196e-12
2.61179e-15
0.187965
0.571641
0.293576
0.293578
0.471204
0.471204
0.376491
0.426659
2.24782e-09
0.89284
0.831231
0.651546
0.216794
0.286924
0.0500146
0.297994
0.344128
0.795948
0.376488
0.43903
0.180397
0.602921
0.327444
0.114055
0.286014
0.444337
0.124655
0.855087
0.321094
0.413445
0.708719
0.471436
0.114054
0.503492
0.038248
0.132623
0.321112
0.376494
0.376494
0.817826
0.376492
8.34165e-15
1.12968e-14
0.416725
0.185107
0.0110346
0.445613
2.42773e-09
6.93572e-07
0.00101426
0.397715
0.860779
0.23335
0.449422
0.425159
0.947073
0.321098
0.97016
0.906496
0.303546
0.381345
0.427973
0.462368
0.629052
0.404039
0.139403
0.0876982
0.578006
0.131835
0.502253
0.161271
0.210108
0.700126
0.376491
0.323213
0.205461
0.454028
0.421729
0.344131
0.376487
0.0504475
0.502246
0.376487
0.034175
0.445624
0.382835
0.416725
0.323213
0.376491
0.615704
0.893059
0.231304
0.0884672
0.0197388
0.135995
0.214449
0.227268
0.442285
0.234591
7.68816e-12
3.4122e-06
0.376493
0.548126
0.152687
0.209524
0.150031
0.0404615
0.123226
0.0691354
0.0363708
0.0603009
0.0864032
0.781665
0.283311
0.0855522
0.151379
0.412526
2.06024e-08
0.502247
0.50225
0.138236
0.00250942
0.437993
0.625931
0.0152066
0.98439
0.0806122
0.144714
0.321102
0.298625
0.0608794
0.132621
0.570198
0.286923
1.13602e-14
0.0681827
0.292428
0.419921
4.4258e-15
0.0989721
0.172718
0.483276
3.1546e-14
0.114055
0.444333
0.376489
0.00464232
0.37649
0.103486
0.376489
0.0437256
0.0199274
0.00981784
0.0132969
0.133638
0.210105
0.035321
1.58852e-05
0.768269
0.525915
0.329949
0.529306
0.188022
0.0751252
0.361301
0.0758386
0.376499
0.376492
0.376492
0.37649
0.548121
0.471198
0.136577
0.374767
0.595769
0.133636
0.836092
0.137415
0.426868
0.558134
8.72197e-06
0.878432
0.376489
0.376492
0.81782
0.564124
0.932538
0.54052
0.540519
1.89009e-05
0.103893
0.29243
0.133639
0.0540099
0.462385
0.425167
0.114054
0.573962
0.148056
0.376492
0.546705
0.184671
0.161274
0.307011
0.275807
0.37649
0.37649
0.376487
0.684168
0.337559
0.571633
3.08162e-13
0.757586
0.376489
0.757586
1.13171e-14
0.345409
0.00115823
0.314954
0.261981
0.962699
0.235625
0.136698
0.376492
0.376492
0.283319
1.42425e-05
0.273432
0.425171
0.336205
0.336206
0.336198
0.0803667
0.266613
6.05406e-11
0.133636
0.286924
0.00022142
0.180437
0.336188
0.302622
0.302623
0.75758
0.00404676
0.0251372
0.114054
0.129756
0.0231013
0.548123
0.127599
0.444339
0.0541139
0.0584625
0.779321
0.402608
0.37649
0.37649
0.345408
0.283317
0.571642
1.13592e-14
0.376491
1.13592e-14
0.0294651
0.376491
0.37649
0.37649
0.0309484
2.29301e-09
0.413442
0.114056
0.182383
2.81281e-06
0.0100313
0.153676
0.153678
0.0150534
0.669109
0.914451
0.757591
0.376492
0.623773
0.0448005
0.0164012
0.720384
0.0495015
0.444337
0.53048
0.280423
0.530483
0.124024
0.376495
0.000489682
0.376494
0.0308762
0.104073
0.0300522
0.210105
0.376491
0.205615
0.376489
0.0670264
0.212055
0.0367225
0.30065
0.733733
0.896185
6.40457e-05
0.0992117
0.376489
0.610643
0.525904
0.462373
0.46237
0.923748
0.525901
0.0044631
2.62829e-12
0.483421
0.483421
0.266889
0.26689
0.752858
0.0448915
0.866461
0.822613
0.720117
0.261988
0.774047
0.859394
0.454028
0.514429
0.454028
0.177335
0.167509
0.933479
0.0247734
0.0232571
0.261981
0.0932856
0.705142
0.912839
0.266887
0.266887
0.785943
0.797419
0.161326
0.100691
0.213692
0.0011504
0.0184346
0.0011464
0.967739
0.661757
0.249823
0.249825
0.227269
0.016906
1.44837e-07
3.93831e-11
0.376491
0.00274713
0.00189235
0.000159197
0.376488
0.181508
0.19584
0.23432
1.1088e-05
0.14308
0.383764
0.37649
0.0906384
0.111987
0.172717
0.297996
0.489774
0.161274
0.230625
1.2947e-11
0.149485
0.164142
0.238336
0.140159
0.314987
0.261987
0.502571
0.502573
0.502572
0.502572
0.962885
0.376492
0.0492237
0.287807
0.771549
4.76235e-07
2.94107e-07
0.137991
0.0460735
0.244544
0.471198
0.4712
0.188438
4.90158e-05
0.148929
0.000160051
1.20665e-05
0.0151348
5.30551e-05
0.471201
0.0446673
0.0114895
0.379597
0.806684
0.336192
0.806684
0.0748895
0.376497
1.21668e-05
1.59493e-05
0.249479
5.28562e-07
0.114722
0.185654
0.830655
0.00440595
4.84103e-05
0.0583918
0.26688
0.0193429
5.57141e-13
0.757577
3.33854e-06
0.00127999
0.584957
0.0616036
0.4602
0.00135154
0.00392461
0.000574139
0.00141476
0.000386935
0.90403
0.130345
0.427973
0.0114069
0.0573602
2.11956e-05
0.26405
0.231822
0.0659953
0.0192852
0.101101
0.208928
0.0435897
0.0486082
0.086714
0.652073
0.370165
0.370164
0.280996
0.525569
0.798035
0.484143
0.423746
0.117926
0.314756
0.301126
0.413452
0.446459
0.306872
0.314022
0.054226
0.145999
0.243649
0.00570498
0.444337
0.444337
0.483421
0.00960395
0.0504347
4.50439e-09
3.69922e-12
7.50409e-12
0.159515
0.177921
0.208255
7.92074e-08
9.21127e-07
0.000321933
0.0287291
0.00103398
0.0135893
0.130789
0.0356361
0.73605
0.133636
0.376488
0.328287
0.765587
0.535862
0.419806
0.419806
0.376491
0.141221
0.0918226
0.270201
0.397702
0.397702
0.503467
0.109393
0.503475
0.503478
0.389733
0.389733
0.0420405
0.161271
0.161271
0.411213
0.411212
0.0590962
0.37649
0.541282
0.356956
0.222274
0.261979
0.261979
1.11691e-11
8.72831e-13
9.88506e-09
3.37942e-06
0.00104699
0.934111
0.615525
0.3889
0.0835158
0.344133
0.266885
3.41941e-07
1.47239e-06
0.847932
4.09709e-07
0.423017
0.427976
5.03843e-13
0.105202
4.18624e-13
0.376495
0.295276
1.32564e-07
0.133642
1.76308e-07
0.132619
0.000236797
0.175307
0.000236786
0.37649
0.114056
0.000141056
0.442277
0.000141067
0.000141077
0.376487
0.000236827
0.000509483
0.599101
0.187965
0.356492
0.000509467
0.308945
0.122071
0.37649
0.786799
0.133637
0.540518
0.0396909
0.483421
0.000236848
0.000509528
0.356485
0.344131
0.114054
0.000509535
0.00261931
0.17272
0.976286
0.133637
0.000178105
0.674335
0.133636
0.308942
0.422046
0.376487
0.351756
0.00122876
0.577997
0.376488
0.286011
0.0404557
0.000385816
0.00122881
0.133637
0.842068
0.293568
0.222829
0.112363
0.133637
0.454031
0.182108
0.261989
0.175311
0.361296
0.00191004
0.00138109
0.502254
0.320737
0.320739
0.114056
0.32074
0.32074
0.00384906
0.000385747
0.376489
0.422045
0.320735
0.464058
0.940483
0.320734
0.440862
0.54812
0.376489
0.50225
0.546706
0.0677836
0.0673638
0.300649
0.31762
0.376491
0.376491
0.408916
0.186972
0.133639
0.46939
0.300659
0.314023
0.384066
0.073814
0.376492
0.571639
0.000522095
0.37649
0.376489
0.903985
0.37649
0.477987
0.376487
0.323354
1.41392e-07
0.289195
0.282209
0.0411395
0.00214057
0.376489
0.462377
0.185666
0.00164976
0.133638
0.426008
0.361294
6.5649e-05
0.0649678
0.328295
1.1414e-14
0.266906
0.262002
0.00858501
0.239193
0.376501
0.927414
0.539268
0.114056
0.26198
6.2292e-05
0.261979
0.300653
0.537709
0.651547
0.600423
0.00342028
0.687315
0.0399232
0.474403
0.00198873
6.45074e-11
0.462378
0.460727
0.651553
0.314953
0.42601
0.289197
0.502567
0.0049043
0.314953
0.168458
0.489479
0.344131
0.00439061
0.462388
0.00176854
0.376491
0.224242
0.261985
2.10488e-14
0.300649
0.00439039
0.466409
0.185663
2.10071e-14
0.430574
0.261979
0.00540564
0.00256767
0.539267
0.00451756
1.13371e-14
0.888253
0.00066164
0.539268
0.175308
0.617491
0.000604256
0.0360648
0.0929501
0.00200706
0.00200706
0.261986
0.616926
0.307013
0.883304
0.376494
0.000604347
0.454034
0.224242
0.721582
0.888257
0.37649
0.888259
0.283306
0.361293
0.133636
0.978384
0.888261
2.10601e-14
0.00135145
0.000604195
1.40863e-10
0.888253
3.40494e-11
0.286922
0.721582
4.73364e-11
0.376491
0.72158
0.113752
0.00135144
0.000902158
0.134543
2.108e-14
0.114054
1.13431e-14
0.114054
0.413461
0.293578
1.41038e-10
1.41038e-10
2.10751e-14
0.132619
0.239636
0.287293
0.888261
0.454028
0.000429689
0.308942
0.000429674
0.423746
8.34571e-11
0.618454
2.10896e-14
0.888253
0.287291
0.000429728
0.888254
0.256836
0.995651
0.72158
0.37649
0.597311
0.329944
0.376491
8.35479e-11
0.376493
0.721586
0.376494
0.000998346
0.806341
3.32649e-11
0.336208
3.4021e-11
3.3132e-11
0.239635
0.877563
0.261978
0.114056
0.287293
0.548118
0.72158
0.721582
0.175308
0.30701
0.051929
0.175309
0.314021
3.00603e-05
3.00574e-05
0.384065
0.0246191
0.918846
0.384063
0.361294
1.38804e-05
0.0199271
0.716646
0.842074
0.0534292
0.537716
0.847392
0.417389
0.281656
0.175312
1.13281e-14
0.866452
2.57514e-05
2.57493e-05
0.321092
0.389732
1.04713e-11
0.37649
0.287291
0.777839
0.168361
0.440862
0.489477
0.489476
0.502247
0.376489
5.40639e-15
0.133638
0.000253595
5.40059e-15
5.39648e-15
0.483421
0.205462
5.39136e-15
0.376492
0.376492
0.376493
0.300653
0.376494
0.261991
5.70592e-08
0.302626
1.84764e-10
0.571639
0.721579
5.39349e-15
2.46669e-12
0.344536
0.261977
0.376489
1.10808e-14
5.4014e-15
5.40934e-15
0.425152
5.41228e-15
0.286922
0.287291
0.910284
0.477991
0.842069
0.133638
4.72687e-12
1.12991e-14
0.618457
0.460724
1.12851e-14
1.13251e-14
0.235732
0.721584
0.376491
0.300653
1.13603e-14
1.13599e-14
0.483423
0.419809
0.187967
0.218717
1.12108e-11
0.376489
0.37649
1.1278e-14
0.693908
0.376487
0.229263
0.192281
0.0904905
0.0233321
0.0225948
0.000694993
0.0247256
0.164226
0.376492
0.376491
2.66158e-14
2.65942e-14
0.376491
0.0584987
0.454029
0.24714
0.523386
0.246843
0.0163849
0.376498
0.01249
0.415975
0.148818
0.134123
0.152902
0.842067
1.12944e-14
0.721579
0.376489
0.335494
0.626874
0.331408
0.22424
0.693851
0.000118293
0.175308
0.721585
0.0142229
0.721585
1.13202e-14
1.13097e-14
4.72526e-12
0.000275375
0.842068
0.721578
0.287294
0.97838
0.73104
0.604601
0.721584
0.376491
0.376493
0.483422
0.376491
1.13596e-14
0.114055
0.376491
0.37649
0.103974
2.73008e-12
1.12805e-14
0.000412182
1.12809e-14
0.000275329
0.537707
0.0337851
0.577993
0.303545
0.343299
0.842073
0.781669
0.361294
1.13042e-14
0.37649
0.175308
1.12963e-14
1.2907e-07
0.37649
0.419044
0.17531
1.13494e-14
0.721585
0.261989
1.13609e-14
1.13705e-14
0.842077
0.842077
0.425159
0.397703
0.000301104
1.07335e-08
0.883284
0.419804
0.00758521
0.00503128
0.132617
0.0103935
0.67506
0.950321
0.295264
0.000888125
0.259056
0.376489
0.295265
0.00338276
0.795357
0.242528
0.444336
0.29526
0.202884
0.125371
0.261984
0.381164
0.297996
0.300656
0.537526
0.747393
0.314952
0.427295
0.261985
0.889039
0.206022
0.571637
0.210349
0.320004
0.148407
0.0662351
0.549184
0.608276
0.61749
0.264046
0.261984
0.977863
0.488713
0.287291
0.287294
0.111884
0.249874
0.376492
1.13705e-05
0.450556
0.175307
0.261981
0.618442
0.343304
0.244547
1.13657e-14
0.192288
0.161271
0.224243
0.266897
0.617495
0.72158
6.08914e-14
0.842068
0.540514
0.21119
3.11857e-06
0.771546
0.252646
0.651444
0.376489
0.84207
0.266887
0.376489
0.0751184
0.202868
0.69385
0.693848
0.000138521
0.205465
0.842068
0.376491
0.263982
0.261981
0.37649
0.777972
0.968299
0.178543
0.297997
3.541e-14
0.456302
0.376492
0.17531
0.266186
0.360729
0.899472
0.415731
0.721578
0.89947
0.422049
0.617485
0.252646
0.161272
0.177921
0.42205
0.321099
0.721584
0.376489
0.376491
0.651551
0.0741337
0.419808
1.27971e-14
0.417375
0.376491
0.441129
7.23038e-11
0.462386
0.012626
0.196191
0.292437
1.13693e-14
0.423861
0.20547
0.281651
0.000219938
0.571634
0.187968
0.376488
0.842064
0.236261
0.604594
0.376486
0.376486
4.02165e-13
0.344128
0.133638
0.721584
0.423748
0.438258
0.503475
0.467965
0.48342
0.376492
2.89779e-14
0.376491
0.249462
0.132618
0.425158
0.37649
0.376491
0.416728
0.175311
0.651556
0.416728
0.416728
0.302626
0.328291
0.000172304
0.0755833
0.454026
0.408916
0.618459
0.502245
0.261979
0.883293
0.234777
0.345405
0.883296
0.114054
0.604598
0.272222
0.336197
0.445621
0.577997
1.13045e-14
1.12946e-14
0.530475
0.712053
0.502566
0.407155
0.551746
0.416737
0.106447
0.361303
1.14197e-14
0.412539
0.272216
0.00467953
0.0572476
0.249819
0.604599
0.755906
0.679837
0.261978
0.295258
0.72158
0.502243
2.42009e-13
0.261981
0.175308
0.376489
0.118192
2.51733e-05
0.0719334
0.297997
0.289197
1.13071e-14
0.175307
0.883286
0.175307
0.00181566
0.502248
1.13413e-14
0.788513
0.175311
0.462388
0.58301
0.462387
0.376492
0.0457977
0.600432
0.286924
0.196191
1.12883e-14
0.525901
0.721578
1.12809e-14
1.13008e-14
0.361291
0.175308
1.13155e-14
0.842071
0.101706
0.106439
0.842072
0.39683
1.13034e-14
1.12994e-14
0.175308
0.114757
0.602556
0.175307
0.842066
3.49465e-14
3.4996e-14
0.578005
0.174812
0.325981
0.272219
0.175313
0.175313
0.272347
0.175308
1.12913e-14
0.321095
0.376488
0.422048
0.261978
1.12738e-14
0.192277
0.113751
0.721582
0.175307
0.221288
0.376489
0.338748
1.13391e-14
1.13172e-14
0.261983
0.489477
0.133638
0.117675
0.721578
1.12843e-14
0.0404577
0.37649
0.37649
1.13441e-14
1.1344e-14
0.423383
5.58848e-05
0.187965
0.376491
0.175309
0.376491
0.272228
0.951441
0.376489
0.37649
0.454028
1.12773e-14
2.41672e-13
0.564122
0.85682
0.666131
0.755903
2.42281e-13
0.175309
0.13262
0.261985
0.272227
0.755906
0.171482
0.14287
1.12852e-14
0.417375
0.376491
0.287294
0.867218
1.13673e-14
0.189307
0.617505
0.286925
0.721588
1.1382e-14
1.13209e-14
0.53927
0.779254
0.65155
0.175306
0.040456
2.91488e-14
0.261978
0.307009
0.445616
0.175308
0.175307
0.503475
0.345406
0.345406
0.376489
0.548123
0.376492
0.114056
2.49967e-12
0.618716
0.175307
0.186969
0.236264
0.300652
0.302625
0.571641
0.400759
0.376494
0.408919
0.38377
0.67435
0.376494
0.328292
0.408918
0.454027
0.376489
0.37649
0.300652
0.37649
2.01443e-13
0.272224
0.502566
0.454025
0.229264
5.41698e-15
0.376489
0.489476
0.376491
0.132619
0.48342
0.712056
0.37649
0.175307
0.175307
0.325979
1.1336e-14
0.266891
1.13552e-14
0.74275
0.755904
0.389735
0.370526
0.0438887
0.3211
0.323214
0.376488
0.462361
0.376487
1.12546e-14
0.040457
0.261975
0.361289
0.467957
0.721582
0.175307
0.37649
0.540527
0.327978
0.376489
0.578001
0.293571
0.28331
0.376492
0.530475
0.376491
0.376491
0.283308
1.53368e-10
4.04283e-09
2.00489e-09
0.119785
0.257238
0.412472
0.376491
0.00941157
0.0736265
0.314953
0.087546
0.0113694
0.183581
1.33208e-14
0.680106
0.19619
0.72158
0.571633
0.755903
0.765441
1.15408e-05
0.376489
0.131833
0.757587
2.92541e-14
0.416728
1.12993e-14
1.13049e-14
0.454028
0.175307
0.175307
0.175307
2.93613e-14
1.13813e-14
0.940497
1.13839e-14
0.384073
0.96538
0.842081
0.413998
0.770396
0.18901
0.721579
0.321095
0.243405
0.462363
0.5259
0.0661759
5.54917e-12
0.235731
7.44114e-15
0.376487
0.965357
3.68027e-10
0.325977
4.88728e-14
0.000372815
0.411212
0.175308
0.321713
0.503469
0.540519
0.376491
0.281648
0.530476
0.37649
0.721584
0.266891
0.281654
0.281655
0.152168
0.376491
0.281652
0.114056
2.07207e-13
2.91985e-14
0.321093
0.161275
0.725717
0.213692
0.179606
0.774919
0.376489
0.537706
0.460724
0.329943
0.376489
0.767794
0.376491
0.376491
0.13754
0.286014
0.993279
0.993281
0.419806
0.376491
0.993279
0.548124
0.99328
0.993279
0.376494
0.376493
0.232264
0.993279
0.376492
0.993281
0.37649
0.293568
0.267124
0.412526
0.376489
0.651546
0.267122
0.344127
0.0308291
0.84207
0.329943
0.376489
0.29243
0.404846
4.06553e-06
0.117574
1.67263e-07
0.261983
0.640748
0.37649
0.0366492
0.550214
0.175309
0.791565
1.67299e-05
0.389733
1.13517e-14
0.376491
0.34413
0.600435
1.13201e-14
0.577999
0.771548
2.82984e-05
0.00347648
0.314021
5.27109e-14
0.235751
0.455171
1.13154e-14
0.030443
0.434953
0.436914
2.81857e-13
0.293573
0.0352172
0.000144478
0.762728
0.361295
0.376492
0.266883
0.548121
0.376491
0.0352182
0.342725
0.376493
1.46514e-08
0.376494
0.74314
1.13817e-14
0.712067
1.21995e-08
0.462378
0.699839
0.37649
0.408916
0.0411546
1.21594e-08
1.12762e-14
7.70332e-09
1.12961e-14
0.511606
0.22208
0.328287
0.0375629
0.60043
0.60043
0.191957
0.0247109
0.249465
0.412469
0.137541
0.261981
0.454029
0.376491
3.99141e-11
2.58978e-05
0.0352177
0.287293
7.72245e-09
1.1358e-14
0.483423
0.0228102
0.0352184
4.30035e-05
0.376492
0.6046
4.29943e-05
0.0352173
7.70429e-09
0.261979
7.70432e-09
0.0352165
0.412466
0.321097
0.376488
1.71677e-05
0.417381
0.462376
2.24029e-11
0.468508
2.53406e-10
0.216416
0.236265
0.37649
0.185664
0.37649
0.573957
0.376491
0.489481
0.454033
0.573962
0.376493
0.177933
0.361295
0.376493
0.251416
0.264023
0.376489
0.37649
0.103591
1.55762e-05
2.2978e-05
4.19746e-05
0.000814518
0.0286727
0.0181983
0.178564
0.571637
0.408914
0.186828
0.462378
0.00181285
0.164225
0.00514139
1.13061e-14
0.651442
0.423017
1.12852e-14
0.00283404
0.242998
0.169542
0.376896
1.13457e-14
0.673689
0.376492
0.000121178
4.81416e-09
0.000189208
0.627524
0.0849435
0.361293
0.00283393
0.302625
0.604596
0.37649
0.502242
0.287291
0.297994
0.571634
0.267127
0.314951
0.460725
0.417382
0.329945
0.329945
0.376491
0.674341
1.12955e-14
0.38624
0.26198
1.12854e-14
1.14244e-14
0.00134759
0.000531506
0.30066
0.702992
1.00482e-08
1.1465e-14
0.376504
0.376492
0.438261
0.674336
1.12951e-14
0.376489
0.261979
0.37649
1.12762e-14
0.252646
1.1311e-14
1.13206e-14
0.114055
0.37649
0.00274381
1.13396e-14
0.376489
0.000189204
0.384065
1.58945e-05
0.537241
0.00166718
1.12883e-14
0.135453
0.261981
1.13274e-14
0.616923
0.187965
0.411212
0.664709
1.136e-14
0.712059
1.13593e-14
1.13215e-14
1.13041e-14
0.037133
0.0063077
0.308943
0.673697
0.32829
0.571635
9.34553e-05
9.34614e-05
3.22064e-07
1.82891e-07
2.59857e-07
1.82959e-07
3.04938e-13
1.13375e-14
0.42375
1.82895e-07
0.617491
2.59813e-07
0.00435355
1.12845e-14
0.0371248
0.000121145
0.17531
7.0761e-05
0.376493
0.261989
0.236271
0.6175
0.000121189
0.6175
0.286014
1.13025e-14
0.600428
0.502566
0.376488
0.364932
0.325978
0.754265
0.30065
0.0735828
1.01501e-08
0.329941
0.462376
0.205465
5.41791e-15
5.41791e-15
7.81022e-05
0.578
0.00799565
2.11034e-10
0.326922
0.249819
0.148664
0.329943
0.37649
0.37649
0.345408
0.376491
0.425166
0.990528
0.314952
0.376491
0.712057
0.616922
0.425152
0.425152
0.132618
0.617489
0.564117
3.11705e-09
0.132617
0.291613
1.44109e-13
0.383765
7.48861e-14
0.376489
0.29243
0.282209
0.00630792
7.69482e-05
0.43826
7.47536e-14
0.134903
0.286925
4.54969e-09
0.261981
1.49843e-13
1.50036e-13
0.314024
0.492436
0.289869
0.267134
0.754278
0.540548
0.314953
0.175308
0.300652
0.000493386
0.445613
0.445612
0.397701
0.300652
0.742745
0.0103919
0.74314
0.617486
0.0334472
0.261985
1.13408e-14
0.0574726
0.502569
0.307013
0.54812
1.1307e-14
8.53296e-05
1.12881e-14
0.502247
0.261981
0.37649
0.37649
0.743139
0.301322
0.462391
0.185985
0.578005
0.931457
5.97705e-08
0.61845
3.56111e-09
0.12642
0.376489
0.530473
0.170148
0.548119
0.471196
0.251412
0.323211
0.158771
0.684319
5.77458e-07
1.13054e-07
0.502566
0.236266
0.53927
1.12995e-07
0.261983
0.300649
0.26198
0.702745
0.651441
0.261986
0.167656
0.167656
0.425166
0.947237
0.376493
0.376493
0.175312
1.13198e-14
0.376492
0.287293
0.283307
0.114056
1.12699e-14
6.12111e-07
1.127e-14
3.62133e-09
0.261979
0.617489
0.600425
0.283312
6.1265e-07
0.00298812
0.164223
0.376492
0.438261
1.13006e-14
1.13075e-14
0.671729
0.361294
0.28987
1.12851e-14
1.13248e-14
0.460727
0.376492
0.376491
0.384067
1.83753e-11
0.187965
0.571642
0.578001
1.13027e-14
0.37649
0.37649
1.12859e-14
0.131831
0.546702
0.37649
0.376487
0.289862
0.674338
0.188003
0.54812
0.376489
0.376489
1.13401e-14
1.13198e-14
1.13058e-14
0.651204
1.13052e-14
0.462369
0.264022
5.35207e-07
0.26198
1.1362e-14
0.617506
0.617508
1.13831e-14
0.525915
0.397709
1.34772e-07
1.13653e-08
1.13209e-14
5.78312e-09
5.78094e-09
0.300653
1.12839e-14
1.12759e-14
0.376489
0.37649
1.34525e-07
0.617485
0.231381
1.89949e-07
0.462375
0.462378
0.289862
1.13579e-09
0.376492
0.376492
0.376491
0.261984
0.226535
0.672027
0.369153
0.226535
0.900756
0.526318
0.164118
0.411212
0.0674391
0.361294
1.08975e-11
0.161271
0.573961
0.389734
2.48191e-13
0.389733
0.226533
0.792409
0.226532
0.138024
1.13422e-09
3.27059e-07
0.226538
3.27054e-07
0.674338
0.376489
0.376489
0.600429
0.321099
8.0389e-09
0.425153
0.425156
0.489476
0.244102
0.616919
0.37649
0.376491
0.423018
0.376897
0.0453448
0.314953
0.132989
0.0107046
0.460731
0.314023
0.489478
0.546701
0.302625
0.192277
0.295258
0.321091
0.757581
0.757577
0.0284178
0.0756563
0.249463
0.300652
0.412468
0.233749
0.712052
0.376491
0.376491
0.755795
0.300651
0.37649
0.00701574
0.37649
0.37649
0.287292
0.00157947
0.226543
0.376491
0.462386
0.185669
0.226545
0.283804
3.55939e-10
0.0335344
0.37649
0.226534
9.91898e-07
0.226532
0.577995
0.220917
4.21683e-18
3.2456e-07
0.689183
0.31495
0.261984
0.384976
0.376489
0.689185
1.11337e-06
0.757591
6.062e-07
0.376492
6.06137e-07
6.06068e-07
0.689179
3.63466e-09
1.29262e-09
5.11963e-09
0.93306
0.0281995
0.412476
4.75502e-08
0.0764515
0.573968
0.412529
0.376492
0.618456
0.261981
1.23119e-10
0.37649
2.94908e-08
0.37649
0.879785
2.9503e-08
0.617488
2.95051e-08
0.261984
1.13409e-14
0.261985
0.226541
9.55248e-09
0.292428
0.37649
0.454031
5.55447e-09
0.00137896
0.114056
0.176286
1.2687e-08
6.37662e-07
1.13504e-14
0.146143
0.336204
0.140091
3.31898e-09
0.438262
2.58224e-14
0.194267
0.00834287
0.616919
0.616917
0.616918
0.37649
0.151959
9.4029e-05
0.38973
0.210707
0.237881
0.573957
0.416725
2.58394e-14
1.13369e-14
0.185666
0.749862
0.126727
0.234427
0.156801
0.376491
0.546703
0.26198
0.0757958
0.210107
0.0596596
0.781405
0.376494
0.108329
0.295273
0.548126
0.329945
0.618454
0.48418
0.575788
0.571632
0.44561
0.462361
7.76394e-10
0.169228
0.454024
0.878428
0.376487
2.95145e-08
0.898498
0.61749
0.61749
0.75759
0.224243
0.376491
0.132619
0.37649
0.460724
0.376491
0.26198
0.880295
0.37649
0.564137
0.169036
0.423752
0.224242
0.111203
0.224242
0.376492
0.224243
0.617489
0.425152
0.116918
0.425148
0.321092
0.185663
0.651543
0.537707
0.445622
0.261981
0.37649
0.376489
0.423748
0.376489
0.376492
0.302626
8.19703e-08
0.689181
0.37649
0.176285
0.323352
0.571637
0.416735
5.57329e-09
0.266904
0.344135
0.423762
0.262002
0.592109
0.308972
0.651555
0.712056
0.26198
0.61749
0.530472
0.226531
0.261979
1.12769e-14
0.376487
1.13119e-14
0.376488
0.617486
0.416726
2.37814e-12
5.56154e-09
0.3211
0.261985
0.42375
0.617491
0.617493
0.226535
0.880299
1.12881e-14
1.12884e-14
1.13273e-14
0.286923
1.13459e-14
1.13498e-14
1.13553e-14
1.1361e-14
1.13609e-14
2.5891e-14
1.1323e-14
1.13053e-14
1.12982e-14
0.61749
0.462365
0.525901
1.12806e-14
0.617489
0.376487
1.13161e-14
0.376489
0.376487
1.13263e-14
0.689185
0.567455
0.77155
0.617493
0.462373
0.422051
0.376492
0.249463
0.26198
0.376491
0.300653
0.425162
0.376492
0.541288
0.300653
0.771566
0.286924
0.175313
0.185671
0.308951
6.10425e-05
0.023355
0.954114
0.929192
0.92919
0.29667
3.81783e-08
0.617483
0.617484
0.261982
0.314019
0.502247
0.124021
0.376489
0.0724134
1.01127e-14
0.114056
0.550218
0.376492
1.12959e-14
0.618457
1.12855e-14
1.12854e-14
0.617492
0.336198
0.023424
6.57397e-05
0.422054
0.600434
0.676507
0.978546
0.376492
0.689181
0.617489
0.264917
0.376489
0.37649
0.0805004
0.226532
0.376487
0.376488
0.376489
0.617487
0.202205
0.0539304
0.61749
0.425159
0.995447
0.617494
0.689181
0.617494
0.61749
1.12851e-14
0.297997
0.376491
0.617499
0.376493
0.689186
0.376493
1.13748e-14
0.376494
0.617504
0.192288
0.454031
0.361295
0.29526
0.249463
0.617486
0.307012
3.50897e-15
0.376489
0.264911
0.376487
0.235731
0.689183
0.286923
0.167244
0.689185
0.229626
0.651553
0.308948
1.12995e-14
1.13056e-14
0.617489
1.1287e-14
0.617491
0.376491
0.22654
0.124022
0.689185
0.376493
0.0385146
1.13707e-14
1.13708e-14
0.376493
0.376493
0.376493
0.438261
0.68918
0.210104
0.489475
0.37649
0.261979
0.651543
0.376487
0.425155
0.261981
0.483419
0.261984
0.261984
0.261984
0.261984
0.261983
3.72847e-09
0.376492
0.37649
0.540518
0.153889
0.440931
0.361295
0.932882
0.423858
0.361295
0.932426
0.423861
0.361296
0.423861
0.361295
0.423847
0.000816157
0.019875
0.127325
0.423837
0.617485
0.286923
0.376486
0.376486
0.244425
0.327822
0.592076
0.327826
0.261985
0.412526
0.261985
8.85061e-09
0.663762
0.423019
4.79032e-06
1.54265e-14
0.623197
0.307013
0.903393
0.251417
0.325979
0.329944
0.180834
0.112623
0.376492
0.172718
0.327825
0.261983
0.22092
0.187225
0.267125
0.616918
0.261979
0.226532
0.376487
1.13151e-14
0.54812
0.530471
0.416726
0.29243
0.328288
0.462378
0.210107
0.327823
0.483421
0.502249
0.502247
0.186969
0.671728
0.689179
0.376495
1.13803e-14
0.376497
0.42013
1.13923e-14
0.165
0.226555
0.218809
0.376492
0.0231414
0.462367
1.12946e-14
0.261978
0.376894
0.376489
0.264915
7.13388e-14
0.376487
0.308947
0.564121
0.114055
0.302624
0.22654
0.987585
0.328291
3.35403e-12
0.376491
0.408918
0.261982
8.46993e-06
9.15484e-06
8.3931e-14
0.940737
0.37649
0.765432
0.712058
8.43523e-14
8.43912e-14
0.617496
0.76543
0.22654
8.40236e-14
0.177923
0.323213
0.308943
0.336437
0.237316
0.170383
0.0366935
0.3388
8.41501e-14
0.617486
0.376489
1.33386e-08
0.22654
0.577996
0.840296
0.940731
9.10108e-09
0.825858
0.260632
0.308944
0.242527
0.376491
0.172719
0.940742
0.308956
0.287293
0.376494
0.940747
8.44633e-14
0.293581
0.261985
0.114056
0.940728
0.235733
0.26688
0.530473
0.261978
0.0764478
0.469788
2.66553e-08
0.314951
0.940732
0.000677672
0.940738
0.445624
0.573956
0.192281
0.177923
0.192279
0.765441
0.618456
9.88441e-12
0.153922
0.00322351
0.42205
0.282209
0.442284
0.604602
0.41253
0.376491
0.445633
0.376491
0.578001
0.376491
0.389732
0.277453
0.307011
0.33619
0.293566
1.10764e-11
0.000222869
0.46237
0.940735
4.37982e-08
0.462376
0.689185
0.376489
0.712053
0.2473
0.765439
0.689181
0.177923
0.376895
0.17015
0.689179
0.617491
0.445633
0.447011
1.97822e-11
0.423753
0.389737
0.389736
0.344133
0.222647
2.80212e-05
7.67521e-12
0.461614
0.175307
0.376489
0.325978
0.817805
0.000624229
0.689181
4.96329e-09
0.0025495
0.376487
0.37649
0.264917
1.97512e-11
0.89948
0.376491
1.73799e-07
7.67255e-12
0.19228
0.133637
0.423749
0.267128
0.172719
0.755929
0.166409
0.144786
4.00757e-08
0.00299029
4.82232e-05
0.530479
0.131835
0.530479
0.224243
0.314953
0.314953
0.870177
0.114056
0.236262
0.00243432
0.161273
0.249463
0.323211
3.09685e-08
3.09786e-08
0.175308
0.617489
0.00057991
0.0371789
0.621422
3.09534e-08
0.548122
0.445617
0.712052
0.376491
0.114056
1.97442e-11
0.156345
1.36289e-13
0.0005044
0.423753
0.177921
0.689187
0.236271
5.91414e-08
0.757588
0.261979
0.161275
0.376488
0.445611
0.261978
0.325978
0.651542
0.651543
0.376489
0.114055
0.192281
0.671733
0.765436
5.91714e-08
0.376492
0.0014994
8.00541e-12
0.489479
0.261981
0.000673899
0.41121
0.395942
0.219418
0.329943
0.376491
0.369529
0.219419
0.376492
0.376492
0.412529
0.321101
5.91134e-08
0.229009
1.04073e-11
0.376488
0.564979
0.177924
0.526199
0.376487
0.412466
0.345406
0.412467
0.412469
0.376489
0.502567
0.442281
0.57164
0.336195
0.336194
0.389734
0.389733
0.929406
0.844873
0.406947
0.376499
0.3765
0.503515
0.929217
0.361304
0.828528
0.707572
0.361303
0.148212
0.503472
0.868008
0.376491
0.42797
0.37649
0.31402
0.31402
0.454024
0.314019
0.454026
0.314019
0.314021
0.261985
0.757587
0.530474
0.376492
0.229775
0.573958
0.305392
0.573957
0.376491
0.376491
0.573958
0.573959
0.573959
0.376491
0.548124
0.261989
0.548124
0.548124
0.0793755
0.157506
0.908933
0.37649
0.0220051
0.0882684
0.502565
0.00153039
3.00694e-07
1.0385e-07
0.000119741
0.166158
2.20916e-07
0.286923
0.325977
2.21031e-07
0.376489
4.03076e-07
3.93926e-05
5.05632e-11
0.336195
0.37649
0.376491
0.0876963
0.483278
0.483285
0.176289
0.17629
0.462387
0.136192
0.765426
0.616929
4.72081e-12
0.376492
0.41345
8.25921e-08
0.261981
2.64032e-08
0.376489
0.564115
7.66235e-12
0.187966
0.376486
0.454027
0.000144856
0.192281
0.765436
0.0208009
2.64468e-08
0.376492
0.617493
0.617491
0.540525
2.64137e-08
0.173344
2.64063e-08
0.161275
0.119785
1.62567e-12
1.36662e-08
0.364932
0.94724
0.261989
4.29697e-12
0.907683
0.307013
0.376491
0.000111767
4.2808e-12
0.000176929
4.27623e-12
0.617489
8.69595e-08
0.765445
0.173338
0.114055
0.524514
0.0557775
0.185667
0.525901
0.376489
0.0208017
0.000450797
0.413449
0.137197
0.205463
0.376491
0.000866546
0.132618
0.617499
1.13624e-14
0.376494
0.45034
0.617505
0.385212
0.314954
0.314954
7.13213e-05
0.503472
0.423016
0.314021
0.577993
0.321091
0.423747
0.540513
0.287291
0.0356819
0.671732
0.314019
0.651462
0.252647
0.00808008
2.41254e-14
0.376491
0.364935
0.78277
0.261983
0.287293
0.416727
0.114056
0.425151
0.37649
0.242527
0.376492
0.502574
0.13364
0.176573
0.376492
0.376492
0.235734
0.503476
0.376491
0.4712
4.25915e-10
0.114056
1.49807e-10
0.0345993
0.376487
0.175307
0.0125514
0.422047
0.376489
0.489476
0.676486
0.571636
0.438261
0.404849
0.210106
0.462373
0.0410175
0.00156543
0.217711
0.0203715
0.251417
0.41253
0.617499
0.462387
0.175312
0.00156564
0.376493
0.771564
0.0410181
0.00233268
0.00233253
0.0410176
0.376488
0.242524
1.73197e-12
0.00156535
0.0398953
0.282207
0.952604
1.73689e-12
0.0410171
0.502247
0.445626
0.618448
0.00156553
0.138288
0.00156546
0.00156552
0.00156544
0.00156544
0.43826
0.00156544
1.91218e-09
0.185668
0.00156557
0.00911531
0.397705
0.540537
0.712059
0.187965
0.458181
0.383847
0.734478
0.0037103
0.286012
0.0847926
0.461436
0.132617
0.132617
0.397699
0.210105
0.132619
0.300651
0.65155
0.161271
0.376489
0.16339
0.376492
6.82501e-07
0.169809
0.293568
0.404846
0.600429
0.282211
0.15521
0.104039
0.23139
0.00344783
0.0345092
0.155212
0.026171
0.242534
0.149072
0.00344712
0.37649
0.0384887
0.0384877
0.14134
0.0384883
0.325978
0.266691
0.674332
0.0384876
0.376487
0.114055
0.42205
0.376489
0.0681534
0.689182
0.104035
0.307013
0.134606
0.0384886
0.502568
0.038489
0.038489
0.767727
0.45403
0.404852
0.0384887
0.757596
0.0384886
0.0261692
0.56414
0.0384891
0.235733
0.0384885
0.426008
0.376489
0.502565
0.465685
0.307013
0.46072
0.540519
0.261983
0.539267
0.038488
0.0384876
0.885624
0.416725
0.242528
0.0261693
0.0261689
0.110231
0.0261688
0.552239
0.0261689
0.344131
0.0384888
0.261988
0.376492
0.0384888
0.183209
0.0992139
0.548127
0.598016
0.262238
0.45403
0.387023
0.37649
0.12402
0.425146
0.300645
0.111214
0.483415
0.483415
0.788511
0.412524
0.642942
0.376489
0.408914
0.567455
0.785795
0.483422
0.48342
0.604601
0.336192
0.472018
0.37649
0.37649
0.37649
0.37649
0.548124
0.194611
0.0833916
0.885629
0.114054
0.952611
0.0384891
0.104034
0.0888568
0.300649
0.149071
0.149073
0.83557
0.462364
0.462364
0.0334462
0.038488
0.0230137
0.265955
0.413454
0.42516
0.194798
0.123169
0.00464615
0.376491
0.0384894
0.94057
0.0384888
0.0314268
0.0314268
0.361296
0.867992
0.150118
0.489484
0.149073
0.149071
0.0563742
0.0452121
0.376492
0.865545
0.283309
0.300653
0.771544
0.0314265
0.37649
0.0384884
0.454024
0.0314256
0.0314262
0.185664
0.133638
0.525365
0.286922
0.376489
0.286924
0.651553
0.42205
0.328291
0.37649
0.60043
0.161275
0.376491
0.389733
0.376491
0.674345
0.345409
0.489484
0.26199
0.564143
0.61844
0.376493
0.573961
0.376491
0.0314267
0.0314262
0.0314265
0.462365
0.525901
0.0205251
0.266883
0.302624
0.187587
0.61692
0.475186
0.973434
0.619725
0.147699
0.44562
0.850064
0.376491
0.149071
1.13835e-06
0.149073
0.0384888
0.0129335
0.0314272
0.397705
0.0384888
0.107935
0.0314275
0.0314275
0.0314275
0.61845
0.149073
0.0314263
0.0384885
0.261978
0.329942
0.0457031
0.445611
0.149067
0.376486
0.376489
0.149067
0.283312
0.149067
0.0274708
0.0314263
0.0314271
0.149073
0.0384885
0.376492
0.413446
0.0261689
0.663761
0.214926
0.286924
0.286923
0.261987
0.57164
0.308956
0.149069
0.149069
0.149069
0.663763
0.462372
0.868007
0.0944358
0.329942
0.107195
0.149073
0.571635
0.389729
0.261981
0.149069
0.163268
0.0366797
0.242525
0.242525
0.30701
0.114055
0.266885
0.0833903
0.444338
0.149071
0.0314268
0.376491
0.683448
0.9659
0.934467
0.476804
0.145961
0.423762
0.427985
0.79866
0.427985
0.427974
0.29357
0.412527
0.249463
0.14907
0.149072
0.000845964
0.0290271
0.104031
0.000243655
0.190811
0.771545
0.261984
0.376489
0.154547
0.149068
0.149072
0.00022695
0.696923
0.110231
0.0118726
0.707807
0.77155
0.0574075
0.0900842
0.141342
0.261987
0.000286578
0.000286596
0.376492
0.0590466
0.242528
0.0205588
0.130662
0.161274
0.412527
0.155203
0.618458
1.05297e-10
0.261979
0.46796
0.404842
0.788511
8.30166e-15
0.231382
0.376489
1.6116e-09
0.336196
0.692711
0.530477
0.454029
0.548123
0.261981
0.314953
0.74377
0.376491
0.376492
0.674345
2.58734e-12
0.41253
1.13625e-14
2.26955e-14
0.376493
0.0163684
4.15757e-12
0.546705
0.169005
0.376491
0.000331155
0.676494
0.834231
0.148189
0.345055
0.454024
0.0819596
0.000745552
0.502567
8.65476e-15
2.2354e-15
0.56413
6.0811e-11
0.663762
0.0454094
6.07813e-11
6.07474e-11
0.265954
6.07197e-11
6.07193e-11
0.617492
0.705194
0.000331214
0.141342
0.307013
3.07409e-14
3.07405e-14
0.0777571
0.300653
0.571639
0.462368
0.300649
0.0777547
0.37649
0.53771
0.37649
0.00177552
0.618454
0.595733
0.705199
0.37649
0.454027
0.412469
0.000514566
0.412529
0.617493
0.0222837
1.47904e-10
0.000719343
2.93702e-10
0.000719332
2.93692e-10
0.935077
0.000479463
9.39343e-05
0.0858187
0.422058
0.158021
4.45021e-15
0.29244
0.454031
2.59662e-13
0.0107672
0.177923
0.177923
0.483453
1.47692e-10
5.94463e-14
0.376487
0.411207
0.445621
0.344128
0.143599
0.397701
0.546703
0.32336
8.26159e-11
0.672867
0.000499021
0.175309
0.37649
0.261981
0.265954
0.546703
0.235732
0.187965
0.00327071
0.329946
0.254738
0.885599
0.41673
0.389735
0.361297
0.000880345
0.885576
0.804547
0.571633
0.462364
0.132482
0.14819
0.321092
0.123233
0.376489
0.489474
0.292428
1.71759e-13
0.30701
0.161271
0.416728
0.376491
0.185665
0.376492
1.79615e-09
0.376491
0.712053
0.376491
0.426011
0.287293
0.376493
0.855223
0.867992
0.214846
0.962966
0.376493
0.329945
0.000717419
0.000717334
0.112766
0.0819599
0.0819602
0.00071731
0.546698
0.376485
0.192277
0.376489
1.71487e-13
0.0970215
0.412526
0.672052
0.76236
0.376492
0.376492
0.442282
0.112769
0.112767
0.376491
0.757585
0.145546
0.384064
0.12661
0.297996
0.847031
0.44434
0.112769
0.112769
0.112769
0.743142
0.0150732
0.177923
0.112767
0.376489
0.604596
0.134047
0.37649
0.134045
0.0764818
0.300651
0.537707
0.286012
0.175309
0.789445
0.134046
0.616924
0.268946
0.134048
0.376492
0.962957
0.444337
0.314953
0.376491
0.134052
0.134052
0.385215
0.462401
0.423758
0.134052
0.134053
0.134052
0.175309
0.503471
0.286924
0.134048
0.134046
0.265952
0.134047
0.571635
0.261978
0.134044
0.376488
0.134045
0.445623
0.14819
0.000177302
0.14295
0.205465
0.323357
0.757586
0.376492
0.355055
0.308945
0.175307
0.175307
0.175309
0.17531
0.17531
0.134048
0.134049
0.261989
6.43461e-14
0.234979
0.32558
0.376491
0.127477
0.292426
0.0360177
0.231383
0.0383008
0.817808
0.651544
0.651545
0.376489
0.376487
0.0411703
0.192281
0.1338
0.915091
0.712056
0.570242
0.19287
0.921084
0.292426
0.292424
0.180538
0.376491
0.541285
0.875472
0.13364
0.59269
0.13012
0.000130759
0.282211
0.355055
1.13203e-14
0.376492
0.175307
0.175307
0.0819602
6.38904e-14
0.175306
0.949601
0.134044
0.376487
0.134046
0.35505
1.1327e-14
0.663766
0.3977
0.35505
0.175309
0.355056
0.175308
0.355057
0.175307
0.0764485
0.49768
0.302625
0.355053
0.37649
0.376491
0.17531
0.175311
0.428752
0.134048
0.134048
0.355056
0.0261055
6.29923e-05
0.198722
0.870625
0.37649
0.115961
0.118517
0.180395
0.194723
0.355052
3.12956e-14
0.286012
0.175309
0.281637
0.175309
0.929316
0.376492
0.0467889
0.0874396
0.600232
0.965591
0.621712
0.256335
0.256338
0.210108
0.427978
0.712064
0.718255
0.361297
0.376494
0.249476
0.707577
0.859393
0.37649
0.251412
0.251409
0.251409
0.460722
0.376894
0.502242
0.502243
0.502246
0.376487
0.502248
0.502247
0.502247
0.502247
0.376491
0.600432
0.0819605
0.771553
0.266883
0.53524
0.376491
0.078199
0.788512
0.200208
0.134049
0.483424
0.187965
0.389734
0.134049
0.210107
6.56024e-05
0.376492
0.134048
0.416727
5.53366e-09
0.454028
0.134048
0.360155
5.53582e-09
0.462369
0.454027
1.15673e-09
5.54109e-09
0.134046
1.76502e-05
3.41544e-14
0.376491
2.66377e-10
0.502566
5.53684e-09
0.37649
5.53299e-09
0.525199
0.278724
0.412471
6.43019e-14
5.54785e-09
0.188769
6.43559e-14
0.454033
6.43966e-14
1.76558e-05
0.84207
6.40423e-14
0.454027
0.133637
0.134046
1.12722e-14
0.175306
0.416725
0.0856489
0.134044
0.00066852
1.00032e-08
0.261984
0.376489
0.210104
5.6938e-09
0.462377
0.0819608
0.43826
0.525905
0.419806
6.39616e-14
3.28448e-05
0.68986
0.412528
0.493675
0.867997
0.454031
3.27805e-14
0.951453
7.90545e-14
0.462387
0.376492
0.868005
7.86535e-14
0.435937
0.462364
0.86801
0.287293
0.460722
0.376487
0.376488
0.376489
0.10354
0.37649
0.489477
0.467962
0.0819595
1.13196e-14
0.422052
0.868006
0.57164
0.132618
0.0856521
0.564121
0.868008
0.460743
0.46242
0.712087
0.16127
5.72982e-05
0.287298
0.2747
0.262007
0.868001
0.868005
1.46775e-13
0.376491
0.244545
0.286013
6.39171e-14
0.404844
0.445612
0.989577
0.462372
0.0856496
0.37649
0.376489
0.530474
0.231381
0.12449
0.548476
0.000312355
0.219131
0.293569
0.462368
0.00642379
0.462368
0.244993
0.37649
0.438261
6.82064e-10
0.30973
0.376491
0.376491
0.17712
0.0128807
0.224243
0.37649
0.133637
0.133636
0.133636
0.133636
0.0105698
0.133636
0.525203
0.18381
0.328287
0.235732
0.133638
0.30895
0.194829
0.133638
0.464097
0.433616
0.40485
0.460724
0.133637
0.300647
0.137331
0.0376625
0.413461
0.231823
0.376492
0.376494
0.00435396
0.524982
0.0969459
0.12449
0.0927371
0.369806
0.502247
0.235732
0.261978
0.454027
0.17872
0.454024
0.333274
0.00556758
0.133637
0.17872
0.110639
0.0006244
0.333266
0.333271
0.581215
0.26474
0.00251627
0.210105
0.37649
0.333279
0.344131
0.167873
0.00368185
0.160012
0.618445
0.160011
0.16787
0.16787
0.502571
0.012471
0.101125
0.160019
0.376491
0.252648
0.218901
0.101127
0.297997
0.228523
0.000352136
0.122687
0.376488
0.37649
0.540527
0.167871
0.408914
0.435051
0.138721
0.266885
0.1948
0.344131
0.0325591
0.462368
0.132618
0.157402
0.376493
0.100523
0.768415
0.376495
0.643547
0.471209
0.376494
0.0238971
0.376492
0.37649
0.244582
0.325978
0.537709
0.107195
0.0327846
0.459374
0.0486551
0.277867
0.444333
0.25125
0.577998
0.573957
0.143126
0.600433
0.376492
0.133637
0.178723
0.464094
0.464096
0.401186
0.525199
0.464094
0.133639
0.464096
0.00108359
0.564146
0.908145
0.160009
0.859403
0.00388315
0.217363
0.160017
0.630376
0.325789
0.423748
0.37649
0.630376
0.502242
0.471197
0.160015
0.133637
0.525202
0.968303
0.13733
0.00244339
0.00244351
0.591722
0.37649
0.119442
0.630376
0.525199
0.56412
0.259327
0.0350015
0.376492
0.618441
0.376492
0.287294
0.525203
0.571644
0.927151
0.101092
0.42375
0.376489
0.000501677
0.308941
0.30894
0.261977
0.376489
0.412464
0.771541
0.577996
0.503467
0.376489
0.571637
0.0304815
0.236266
0.0637805
0.120579
0.422051
0.422053
0.0531568
0.136437
0.376491
0.489477
0.00514168
0.108517
0.779243
0.376491
0.53048
0.248254
0.000112327
0.00119629
0.259328
0.133638
0.385207
0.259326
0.376489
0.425148
0.525199
0.000576071
0.00636741
0.259322
0.376489
0.259322
0.00636782
0.160013
0.261985
0.172301
0.376492
0.483422
0.483421
0.781638
0.423016
0.250761
0.165851
3.85132e-05
0.259333
0.00842296
0.279083
0.769107
0.10132
0.427852
0.0552851
0.376496
0.0819607
0.405468
0.0255118
0.133637
0.858386
0.0676305
0.376489
0.376489
0.653111
0.00023121
0.269487
0.000231214
0.364675
0.302624
0.26949
0.364671
0.56567
0.000231242
0.00106909
0.133638
0.15904
0.000231231
0.133637
0.287169
0.00037517
0.00107879
0.133639
0.21421
0.13364
0.000375194
0.00107883
0.00107883
0.00264191
0.471202
0.4712
0.000375151
0.303902
0.345408
0.616368
0.000414655
0.303898
0.000375133
0.133638
0.235731
0.376489
0.0496227
0.0819594
0.133638
0.133638
0.0819607
0.133637
0.000375168
0.345407
0.129328
0.00107872
0.133637
0.957031
0.133639
0.00041477
7.0968e-14
0.323215
0.303893
0.376493
0.000375214
0.266888
0.81698
0.0819604
0.000655983
0.114056
0.133636
0.303905
0.600426
0.00107864
0.249462
0.133637
0.0613691
0.133638
0.0011795
0.297994
0.129323
0.133638
0.573959
0.164224
0.129327
0.133637
0.133637
0.323213
0.00107872
0.000375162
0.841749
0.084563
0.361294
0.454033
0.13364
0.13364
0.13364
0.616363
0.801322
0.581734
0.132217
0.000375129
0.129328
0.303905
0.238869
0.354182
0.0819594
0.000375155
0.193126
0.000375163
0.000375163
0.000375163
0.918902
0.133639
0.000375175
0.376491
0.376492
0.622629
0.376491
0.114056
0.169654
0.104232
0.42517
0.225577
0.735492
0.712068
0.391442
0.391442
0.391442
0.740295
0.0512115
0.846534
0.131832
0.389731
0.389732
0.133636
0.37649
0.00197372
0.0066552
0.000134449
0.0488966
0.000375164
0.000375162
0.000837054
0.376489
0.376492
0.282211
0.581733
0.00618385
0.314952
0.376491
0.423749
0.303904
0.29243
0.0819599
0.000375194
0.000375205
0.303896
0.0819601
0.303893
0.345409
0.000375192
0.581733
0.0756624
0.000837008
0.0756621
0.000375137
0.249461
0.581735
0.075661
0.303896
0.376489
0.376487
0.000414705
0.303894
0.0819595
0.303894
0.355198
0.516701
0.474872
0.113962
0.27879
0.118546
0.90356
0.420345
0.420333
0.303895
0.00108361
0.000375196
0.210109
0.133641
0.581727
0.000261892
0.423751
0.376491
0.376489
0.283308
0.000887242
0.502244
0.302624
0.489474
0.261977
0.000472935
0.376489
0.376487
0.000351738
0.728954
0.784259
0.000302389
0.445624
0.408918
0.376491
0.0819609
0.000472969
0.000327841
0.075663
0.312059
0.383767
0.000327891
0.235732
0.0003279
0.0756613
0.0756607
0.266892
0.384066
0.345409
0.376491
0.462368
0.000358747
0.000114143
0.0854549
0.262959
0.26026
0.075661
0.000103595
0.385206
0.757786
0.489477
0.133638
0.540527
0.376489
0.962879
0.336195
0.336194
0.397704
0.297996
0.376491
0.600429
0.0369933
0.618429
0.397711
0.502264
0.289201
0.397713
0.376499
0.546722
0.423027
0.423019
0.376492
0.438258
0.389733
0.423014
0.477987
0.321092
0.321091
0.376487
0.235731
0.3977
0.171846
0.376489
0.376893
0.0756605
0.712053
0.0900966
0.329945
0.691723
0.0900973
0.37649
0.731648
0.571637
0.270192
0.632534
0.37649
0.208334
0.757593
0.329945
0.336202
0.423997
0.0694567
0.632536
1.55008e-06
0.0694588
0.707578
0.600426
0.201175
0.286924
0.425149
0.229133
0.221607
0.0694576
0.229131
0.438258
0.728954
0.148189
0.27019
0.133638
0.460726
0.229135
0.471203
0.385208
0.0819607
0.376895
0.186969
0.376492
0.229129
0.214271
0.0771584
0.404857
0.0333793
0.788516
0.229127
0.131833
0.260532
0.37649
0.105572
0.128512
0.128512
0.0819604
0.0293805
0.36129
0.376486
0.361292
0.0345842
0.133638
0.956341
0.128509
0.157663
0.0819606
0.0737465
0.157667
0.674342
0.0293804
0.771549
0.157668
0.270523
0.157665
0.0819598
0.157665
0.136329
0.371466
0.249471
0.128509
0.565663
0.820309
0.0864047
0.918893
0.918893
0.376489
0.422049
0.236459
0.0872371
0.0872345
6.31657e-07
0.460724
0.618454
0.0872352
0.616358
0.133638
0.604599
0.376492
0.376492
0.361294
0.376492
0.37649
0.624666
0.376491
0.163374
0.186973
0.503489
0.91891
0.423753
0.581728
0.0819605
0.506096
0.133642
0.841747
0.376492
0.37649
0.467964
0.376489
0.384062
0.376489
0.376489
0.422046
0.483416
0.918898
0.918897
0.292429
0.376489
0.376489
0.376489
0.101483
0.376492
0.252648
0.376492
0.617489
0.376491
0.113989
0.030983
0.0260434
0.249469
0.057057
0.0872365
0.0876078
0.0110584
0.128509
0.405144
0.918902
0.087609
0.286925
0.0110582
0.350516
0.526648
0.37649
0.551808
0.0561186
0.200901
0.0876071
0.376487
0.133638
0.385206
0.0474442
0.866456
0.746613
0.522403
0.235733
0.499971
0.600429
0.412528
0.477989
0.323213
0.376492
0.411213
0.252522
0.462387
0.122834
0.411215
0.0998525
0.376493
0.187967
0.462372
0.499965
0.249461
0.580792
0.0819603
0.0103085
0.23626
0.122831
0.376486
0.525202
0.260263
0.329943
0.581729
0.4184
0.167509
0.0224024
0.376492
0.0819606
0.610434
2.78547e-05
0.336192
1.10817e-05
0.110098
0.133638
0.16959
0.361295
0.169591
0.169592
0.376492
0.148192
0.16959
0.169593
0.121371
0.12137
0.546703
0.121369
0.121371
0.13252
0.121371
0.121367
0.344273
0.183312
0.212605
0.183312
0.383766
0.251407
0.185275
0.12137
0.121371
0.12137
0.133638
0.37649
0.266882
0.354187
5.98862e-14
0.292269
0.121371
0.152827
0.12137
0.121371
0.617508
0.12137
0.205474
0.12137
0.121371
2.79326e-14
0.41121
0.36586
0.12267
0.261978
0.121371
0.261978
0.412465
0.0774345
0.121367
0.462375
0.499976
0.499976
0.376489
0.985077
0.383769
0.12137
0.249466
0.0819605
0.121371
0.0418759
0.293568
0.261985
0.45403
0.454031
0.121369
0.0418756
0.121368
0.0819599
0.0734232
0.175309
0.0819607
0.0713193
0.232981
0.148189
0.336191
0.261979
0.510357
0.123314
0.121367
0.329301
1.13155e-14
0.502566
0.121367
0.564128
0.376488
0.12137
0.314953
0.76779
0.659864
0.214268
0.0317826
0.604877
0.210106
0.252648
0.00240662
0.121369
0.986519
0.376494
0.121369
0.121369
0.282211
0.12137
0.171199
0.14819
0.323213
0.0274452
0.134208
0.133636
0.712049
0.383763
0.907903
0.810051
0.589656
0.442281
0.205465
0.105191
0.181867
0.148192
0.147892
0.147892
0.121371
0.0819604
0.37649
0.147893
0.121371
0.121369
0.0744165
0.000128756
0.121368
0.438263
0.121368
0.121368
0.376491
0.0237457
0.121371
0.12137
0.12137
0.700233
0.0089997
0.445613
0.345408
0.119784
0.062248
0.427971
0.376488
0.376894
0.946637
0.376489
0.376489
0.177922
0.133638
0.300651
0.261984
0.37649
0.261981
0.77222
0.444337
0.425166
0.376493
0.853534
0.177921
0.573969
0.376494
0.423755
0.454036
0.266888
0.261983
0.37649
0.376491
0.425148
0.0990386
0.37649
0.37649
0.376487
0.282208
0.376489
0.376487
0.37649
0.208334
0.499976
0.412469
0.0819606
0.140664
0.565023
0.565022
0.784264
0.565025
0.499967
0.444337
0.828528
0.499978
0.49998
0.784261
0.287294
0.376492
0.232974
0.0411741
0.165405
0.133638
0.207032
0.329943
0.0418751
0.0418757
3.57453e-07
0.312371
0.0541603
0.49997
0.58173
0.133637
0.866454
0.3977
0.376488
0.412468
0.462375
0.801322
0.614451
0.413449
0.499968
0.600429
0.0819607
0.376491
0.0819602
0.0819601
0.0622487
0.13364
0.185671
0.744566
0.541288
0.121369
8.79002e-05
0.499971
0.0935986
0.37649
0.0819601
0.412526
0.0935993
0.376894
0.581732
0.261979
0.121368
0.14066
0.0867954
0.376489
0.581729
0.0935964
0.12137
0.0819609
0.581734
0.376492
0.37649
0.376491
0.283803
0.535278
0.37649
0.376491
0.376896
0.411212
0.864452
0.423857
0.261989
0.376492
0.499975
0.0435614
0.379381
0.0435612
0.817804
0.0435612
0.412468
0.0563493
0.546698
0.548117
0.0819597
0.0435597
0.37649
0.0435599
0.581729
0.571637
0.0435612
0.376491
0.0307804
0.261983
0.42205
0.32829
0.287294
0.651549
0.249481
0.571657
0.571659
0.3765
0.65158
0.0841866
0.262004
0.422065
0.0563496
0.581734
0.0563491
0.577997
0.0873054
0.581736
0.119786
0.499964
0.581732
0.581731
0.801853
0.600425
0.761974
0.0563477
0.0447094
0.956342
0.503476
0.462374
0.376491
0.376492
0.984742
0.214269
0.323353
0.249463
0.0579141
0.0435603
0.300652
0.376491
0.53048
0.499982
0.376491
0.131835
0.581732
0.249465
0.581733
0.103888
0.00172934
0.581735
0.581735
0.581735
0.145176
0.0112376
0.023517
0.25308
0.0953048
0.559502
0.581729
0.232682
0.741732
0.287294
0.894371
0.287294
0.839208
0.839207
0.430748
0.336192
0.962881
0.300653
0.114054
0.114054
0.292437
0.00746226
0.757599
0.376493
0.783966
0.783971
0.286013
0.48342
0.947155
0.947153
0.947153
0.967951
0.730285
0.530469
0.930169
0.261981
0.502247
0.376489
0.0118819
0.707497
0.00219173
0.376492
0.581733
0.104903
0.499969
0.831728
0.14518
0.207862
0.175309
0.581729
0.185967
0.252647
0.462386
0.499982
0.510348
0.376491
0.185667
0.614189
0.0315985
0.261981
0.00412314
0.0191094
0.454028
0.284059
0.466889
0.0191088
0.81782
0.376488
0.0819599
0.289092
0.165285
0.0698572
0.133639
0.0698598
0.444337
0.0552788
0.889765
0.842067
0.0819608
0.42205
0.0167644
0.863392
0.140669
0.192287
0.345412
0.21011
0.462398
0.140669
0.133639
0.205957
0.951441
0.361294
0.124598
0.177923
0.258274
0.54265
0.286921
0.411104
0.376489
0.600425
0.261984
0.593254
0.580794
0.376489
0.140665
0.66467
0.366762
0.131833
0.0433066
0.261981
0.133637
0.376491
0.205954
0.376491
0.376492
0.809182
0.251422
0.921639
0.423752
0.712615
0.383682
0.185667
0.258276
0.140663
0.376489
0.261979
0.37649
0.192277
0.228522
0.513523
0.218282
0.187965
0.124597
0.124596
0.140662
0.712052
0.0531039
0.210107
0.0533345
0.548123
0.86645
0.546703
0.136267
0.0891229
0.140665
0.540536
0.604606
0.000292769
0.383771
0.258277
0.54263
0.258277
0.205956
0.366763
0.133636
0.37649
0.323348
0.321089
0.258273
1.12696e-14
0.140658
0.542641
0.261982
0.442278
0.136329
0.283314
0.542635
0.419806
0.496792
0.289096
0.609247
0.376492
0.527742
0.029061
0.928195
0.376491
0.37649
0.542635
0.385209
0.540534
0.205954
0.701505
0.225574
0.803181
0.148192
0.438261
0.541281
0.293568
0.979823
0.205957
0.37649
0.0819606
0.687375
0.32321
0.289196
0.28331
0.323358
0.293573
0.61692
0.542636
0.701516
0.287294
0.469697
0.133638
0.541282
0.427972
0.140663
0.701523
0.148196
0.47317
0.445647
0.0290622
0.308966
0.133643
0.701499
0.212715
0.416729
0.379695
0.471199
0.14077
0.0953256
0.454027
0.135698
0.581735
0.376487
0.133636
0.329942
0.14066
0.300651
0.205951
0.867999
0.985083
0.376491
0.928201
0.261983
0.376492
0.37649
0.701521
0.47799
0.205958
0.462378
0.503479
0.376491
0.376491
0.32598
0.0724576
0.542632
0.244545
0.542641
0.133638
0.224242
0.438259
0.258273
0.0276942
0.0173045
0.0819606
0.286011
0.604818
0.542639
0.542639
0.0102974
0.0173041
0.522342
0.0276936
0.542642
0.0102977
0.418329
0.0276947
0.00835899
0.546702
0.0173045
0.618458
0.376491
0.05924
0.0477108
0.616926
0.489484
0.54263
0.0102981
0.302626
0.00835931
0.140665
0.140662
0.473167
0.194483
0.396066
0.546701
0.0819605
0.411206
0.258269
0.00835882
0.542639
0.0819597
0.140662
0.376489
0.542635
0.385209
0.542644
0.37649
0.205957
0.00806572
0.412469
0.0173045
0.0173046
0.542639
0.258274
0.376491
0.08196
0.542635
2.57075e-05
0.261989
0.411213
0.616363
0.261982
0.205956
0.701521
0.541279
0.251409
0.258274
0.258274
0.140659
0.266883
0.286922
0.0290599
0.37649
0.423748
0.542635
0.0290602
0.411107
0.427974
0.552063
0.046255
0.0752528
0.103173
0.0752534
0.261981
0.261989
0.426013
0.329947
0.376494
0.0102985
0.385212
0.140669
0.542629
0.289096
0.171903
0.269485
0.185665
0.532702
0.54265
0.542649
0.571635
0.397698
0.376487
0.385206
0.412524
0.0929452
0.651551
0.0872387
0.0481194
0.305839
0.462374
0.00297139
0.132522
0.264354
0.426009
0.00961955
0.471201
0.289094
0.0819599
0.422053
0.286013
0.00200134
0.26369
0.0181648
0.46073
0.376493
0.618451
0.0181644
0.235733
0.0819602
0.489475
0.0819605
0.329943
0.483416
0.0181636
0.132619
0.30065
0.477988
0.502247
0.5259
0.816954
0.00819001
0.905418
0.532703
0.447426
0.490546
0.177924
0.0819607
0.00398402
0.413456
0.979812
0.291822
0.541286
0.261991
0.261991
0.227269
0.412531
0.376492
0.376491
0.5259
0.205462
0.376488
0.408915
0.408915
0.376489
0.261977
0.423744
0.283311
0.235731
0.541282
0.541281
0.300653
0.300653
0.300653
0.376492
0.502247
0.251414
0.37649
0.232684
0.376491
0.503467
0.210106
0.325978
0.100563
0.100563
0.210108
0.376492
0.277372
0.0652555
0.575785
0.945852
0.00812463
0.37649
0.540514
0.0497628
0.155895
0.0819606
0.502562
0.30701
0.0019508
0.127911
0.107607
0.376489
0.00135392
0.744564
0.27274
0.46815
0.614189
0.414204
0.522735
0.761982
0.0243623
0.123996
0.857912
0.108231
0.0160524
0.305759
0.3765
0.180037
0.133644
0.0819613
0.376492
0.600432
0.541281
0.266883
0.282209
0.617488
0.295258
0.37649
0.18002
0.057794
0.132619
0.376487
0.37649
0.376489
0.336197
0.376489
0.376492
0.376492
0.261982
0.771554
0.950274
0.312372
0.549206
0.133637
1.13274e-14
0.462381
0.0819601
0.617496
0.701507
0.13364
0.0141258
0.00301117
0.180027
0.014126
0.261982
0.00394767
0.467961
0.423748
0.0141258
0.225365
0.0321592
0.427969
0.225571
0.674334
0.307011
0.830438
0.444335
0.181582
0.181585
0.114056
0.566692
0.376896
0.00518992
0.674337
0.908709
0.302625
0.295267
0.131835
0.502222
0.376492
0.19238
0.328291
0.462393
0.41673
0.066504
0.0497516
0.753155
0.329944
0.329942
0.300645
0.833491
0.261978
0.0833145
0.177921
0.133637
0.600425
0.60043
0.180023
0.180023
0.14819
0.00301115
0.605267
0.235733
0.817822
0.600429
0.927169
0.927169
0.701523
0.37649
0.412528
0.674344
0.305753
0.764082
0.319846
0.816586
0.744565
0.00301117
0.0819607
0.0819605
0.37649
0.325978
0.33619
0.412527
0.701524
0.00301095
0.376488
0.412526
0.701513
0.957674
0.217302
0.180023
1.13395e-14
0.401277
0.858628
0.701519
0.546706
0.0371672
0.600429
0.261981
0.70605
0.287294
0.546711
0.236272
0.376494
0.0371686
0.546713
0.376494
3.74662e-15
0.361295
0.376492
0.323353
0.413446
0.929193
0.701524
0.305756
0.510357
0.0371658
1.1314e-14
0.289091
0.600426
0.266745
0.744564
0.180023
0.376489
0.180026
0.376492
0.540521
0.292428
1.12954e-14
0.110657
0.282644
1.99715e-14
0.423749
0.462382
2.0067e-14
0.18003
0.18003
0.148194
1.13723e-14
0.598748
0.148194
0.180028
0.985076
0.180023
1.99707e-14
0.37649
0.37649
1.02455e-14
0.272736
0.376487
0.187965
0.302623
0.42205
0.604598
0.376489
0.30065
0.287293
0.345408
0.37649
0.323214
0.617489
0.600429
2.45466e-12
0.251411
2.82438e-09
0.114054
0.595198
0.29527
0.300654
0.23964
0.0819602
0.477994
0.376492
0.0819608
0.489473
3.56561e-12
0.0819601
0.477984
0.376488
0.124273
0.376485
0.376486
1.13218e-14
0.376487
0.305753
0.455429
0.816589
0.361292
0.376492
0.0819609
0.540522
0.541285
1.36874e-12
0.701523
0.345408
0.651549
0.37649
0.600432
0.376492
0.376491
0.376492
0.261989
0.540537
0.187965
0.32598
3.57195e-12
0.37649
0.345408
0.477986
0.133636
0.308942
0.598763
0.651543
0.5467
0.618451
0.397699
0.546703
0.383766
0.454027
0.383766
0.291464
0.258769
0.0797697
0.297997
0.389733
0.389733
0.705829
0.239636
0.346848
0.601236
0.376497
0.361298
0.261997
0.0121316
0.78772
0.0819608
0.419809
0.0819608
0.336191
0.376491
0.722811
0.454028
0.546701
0.489475
0.336189
0.26198
0.54128
0.0819593
0.65155
1.21182e-15
0.0819595
0.266744
1.13181e-14
1.20811e-15
0.376491
0.445622
1.20706e-15
0.174322
0.817813
0.632542
0.598754
1.13406e-14
0.361294
0.08196
0.600437
0.261989
0.940491
0.423857
0.00790341
0.270193
0.4712
0.0819605
0.712049
0.977114
0.734919
3.49782e-15
0.205461
0.0893752
0.423747
0.0194617
0.81782
0.564129
0.188982
0.423747
0.42375
0.548122
0.0440634
0.541284
1.20696e-15
0.376491
0.389737
0.977113
0.467966
0.48317
0.773336
0.399997
0.286014
0.50349
0.600438
0.600438
0.600434
0.600432
0.600428
0.600429
0.314951
0.386517
0.383766
0.0033161
0.613123
0.376486
0.433502
0.00330462
0.712053
0.000433125
0.00902752
0.0113991
0.354878
0.972056
0.37649
0.544917
0.00761198
0.00152027
0.712052
0.929192
0.41121
0.560833
0.00014968
0.376491
0.712061
0.376491
0.376491
0.972065
1.51504e-07
0.383768
0.225572
0.261981
0.616916
0.483419
0.37649
0.210105
1.20723e-15
0.711465
0.376489
0.224241
0.37649
0.65155
3.51708e-15
0.0819595
0.319847
0.0819609
0.0819607
0.0187978
0.424184
0.376491
1.20576e-15
0.244547
0.0819605
0.573965
1.21482e-15
0.423753
0.425175
0.477996
1.2165e-15
1.21652e-15
0.235733
1.20763e-15
0.42867
1.12946e-14
0.376488
0.540514
0.132617
0.616918
0.0819594
0.346855
1.13217e-14
3.5086e-15
0.361293
0.977118
0.60043
0.106062
0.261984
0.415188
3.86839e-15
0.618452
0.564121
1.2058e-15
1.36804e-12
0.14727
0.185667
0.376491
0.503482
0.192285
0.239081
0.994927
4.05942e-14
0.41981
0.000154808
0.376492
0.249465
0.48342
0.600427
0.37649
0.37649
0.0819606
0.376487
0.977119
0.876301
0.427969
0.389731
0.617489
0.0711805
0.0739189
0.0819606
0.530476
0.8729
0.483422
1.12941e-14
0.408916
0.37649
0.37649
0.376491
0.541286
1.13564e-14
0.261989
0.235733
0.300205
0.0819602
0.298775
0.376492
0.573959
0.300212
0.336192
0.977116
1.1272e-14
1.12721e-14
0.23909
0.376486
0.376172
0.223999
1.13158e-14
0.185446
0.384063
0.423015
0.201194
0.510353
0.00333832
0.298783
0.415188
0.300212
0.307013
0.977113
1.12851e-14
0.08196
0.840333
1.21243e-15
0.376491
0.321106
0.376492
0.376492
0.376492
0.416141
0.47799
0.827062
0.717684
1.87015e-08
0.548119
0.412527
0.616918
0.308942
0.177118
0.502247
0.321096
0.37649
0.266888
0.771042
0.376489
0.376492
1.13051e-14
1.20735e-15
0.0819609
0.344131
0.376491
0.376491
0.573957
0.531619
0.0459291
0.408932
0.362851
0.0819625
0.502595
0.483442
0.239073
0.977113
0.376492
0.298783
0.376491
6.7075e-09
0.416726
0.977114
0.239089
0.201191
7.77139e-16
0.376488
0.771545
0.161414
7.41023e-13
0.376489
1.26558e-11
0.167511
0.161274
0.287293
1.1307e-14
0.106063
0.460725
0.287294
0.460725
0.422051
0.423749
0.462383
1.13493e-14
0.0819603
0.23908
0.878197
0.977116
0.133639
1.13041e-14
0.604598
0.329943
0.239088
0.37649
0.37649
0.893184
1.13005e-14
0.908714
0.376489
0.0101463
0.712052
1.21154e-15
0.0819594
0.131833
0.45403
0.133638
0.0819606
0.298783
1.12959e-14
0.106063
0.376491
0.316295
0.235733
0.376492
0.286014
0.540538
0.376494
1.21542e-15
0.329946
0.298775
0.977113
0.235733
0.37649
1.12938e-14
0.26688
0.24946
0.42797
0.175306
0.0819593
0.376487
0.977117
0.489474
0.977116
0.376489
0.361292
0.858621
0.161273
0.131832
0.37649
0.419808
3.17028e-15
0.0819607
0.408917
0.408916
0.37649
0.617493
0.541285
0.148226
0.376492
0.376491
0.185669
0.307012
0.606312
0.565639
0.848152
1.20693e-15
1.12867e-14
1.12786e-14
0.689179
0.712051
1.20722e-15
0.305752
0.0819598
0.889768
0.0819598
1.13399e-14
0.376489
0.325977
0.48948
0.295264
1.20749e-15
0.614189
0.454029
0.868008
1.1285e-14
1.2057e-15
0.210108
1.21433e-15
1.21495e-15
0.0819604
0.426016
0.722807
0.287294
0.376494
0.32598
1.20771e-15
0.68918
0.292426
0.295258
0.323212
0.132617
0.376489
0.454024
0.26198
0.408914
0.489474
0.530475
0.323212
0.525901
0.454027
0.604602
0.161274
0.323213
0.376492
0.788508
0.423749
0.376491
0.757585
0.137636
0.940324
1.21295e-15
0.376493
0.0819604
0.376492
0.107194
1.21499e-15
0.132621
0.376492
0.376491
0.298783
0.977116
0.889761
0.419805
0.37649
0.385204
0.376487
1.37104e-12
0.600425
1.21028e-15
0.977118
0.00447793
0.173345
0.305756
0.445621
1.20711e-15
0.266885
0.286013
0.132618
0.376491
1.1284e-14
0.132522
0.201686
1.21349e-15
1.21329e-15
0.210109
0.133641
0.32598
1.21521e-15
0.32598
3.42332e-15
1.12858e-14
0.0464175
0.0819601
0.261977
0.175305
0.540511
1.12907e-14
1.13058e-14
1.83709e-12
0.0101462
0.413452
1.21195e-15
1.13408e-14
0.462378
1.20952e-15
0.787735
0.722812
1.13075e-14
1.12967e-14
0.180025
8.38423e-16
1.20572e-15
0.408916
0.266889
0.26689
1.21246e-15
1.21326e-15
1.21407e-15
0.462387
0.384066
0.376492
2.38839e-09
1.27626e-12
0.0748087
0.376489
0.00303187
0.00447799
1.12774e-14
0.647772
0.00210512
1.83744e-12
0.376488
1.83799e-12
0.0030319
0.412526
0.300205
0.239085
0.0228502
0.261982
0.00192225
0.185664
0.00303192
0.0101467
1.12853e-14
0.00509138
0.0030323
0.186978
0.192289
0.287296
0.361299
0.424174
0.424174
0.010147
0.00303199
0.827062
0.185664
0.300651
0.160653
0.0748054
2.89335e-14
0.817802
0.758869
7.56375e-12
0.577993
0.289196
0.376489
0.0030319
0.00303189
0.295265
3.12105e-14
0.300211
0.00303204
0.857899
0.712054
0.00303196
0.133637
0.289196
0.424177
0.744564
0.00303203
0.00303211
0.651447
0.617496
0.617496
0.664504
0.376491
0.37649
0.37649
0.198632
0.37649
0.00437944
0.0157036
0.010619
0.615217
0.00303188
0.114828
0.0030319
0.0039608
0.00303188
0.00126699
0.00364728
0.0696172
0.016015
0.0191014
0.0451356
0.26198
0.37649
0.0473455
0.261986
0.00303206
0.00303211
0.408918
0.00303217
0.956333
0.00303214
0.00303214
0.541285
0.413449
0.00303187
0.00303192
0.00303179
0.444335
0.00303184
0.0429438
0.0364941
0.0314394
0.00303186
0.0819593
0.540525
0.376489
0.297994
0.185667
1.37064e-12
0.00303199
0.00303192
0.00303202
0.977115
0.583371
0.00303191
0.00200278
0.00303193
0.319844
0.3362
0.314022
0.244546
1.13577e-14
0.816585
0.651555
0.376492
0.376491
0.361293
0.761485
0.145069
3.96168e-15
0.106063
0.744558
0.132518
0.0045919
0.573944
0.00641687
0.210105
1.13415e-14
1.13413e-14
1.13413e-14
0.131833
0.454031
0.617492
0.424184
0.00303192
0.726283
3.96502e-15
0.494501
0.462386
0.689186
0.977112
1.21477e-15
0.29244
0.527728
0.689187
0.689187
0.376492
1.13034e-14
1.20663e-15
0.00303195
1.20574e-15
0.343222
0.757582
3.71244e-15
1.12966e-14
1.20867e-15
1.20974e-15
4.10339e-13
0.423016
1.21194e-15
0.325978
0.503476
1.20936e-15
0.383769
0.502247
0.300653
4.09909e-13
0.376491
0.389734
0.300648
1.13299e-14
4.11174e-13
0.376492
0.600437
0.133448
1.21477e-15
1.21477e-15
1.21478e-15
0.977113
4.10277e-13
0.246144
3.96869e-15
1.20615e-15
0.503465
0.287293
0.0819606
0.0819594
0.503468
1.20993e-15
0.378734
0.0819597
1.13367e-14
0.489476
0.376489
1.20913e-15
0.0819607
0.37649
1.20768e-15
0.302625
0.0101467
1.12842e-14
1.20567e-15
1.21133e-15
1.21319e-15
0.34321
0.249471
0.376493
0.127848
0.0778754
0.00793621
0.131896
0.32598
1.12864e-14
0.185664
0.201192
0.148189
0.0819605
0.0101465
1.23539e-14
0.0819592
0.977117
0.0101462
0.300207
1.65092e-13
0.468193
0.376489
1.2093e-15
0.444338
0.423749
0.411029
0.467963
0.376491
0.323213
0.300214
0.927161
0.0819598
0.271882
1.65159e-13
0.38377
0.133446
0.34413
0.376491
0.00333833
0.411028
0.817812
0.287293
0.766692
0.673989
0.26688
0.37649
1.64612e-13
0.336192
0.0819597
0.376488
0.114055
0.165922
0.0819595
1.65093e-13
0.427973
0.540524
0.37649
0.307013
0.37649
0.744559
0.376491
0.325979
0.261997
0.462409
0.343203
0.0819612
0.187965
0.376359
0.0393049
0.00093086
0.477992
0.300213
0.37649
0.308945
0.425148
0.141192
0.244546
0.00140207
0.604592
0.540517
0.361292
0.0819593
0.674339
0.530473
0.60043
0.210104
0.540527
0.427973
0.19228
0.444339
0.423749
0.571637
0.228321
0.34322
0.425158
0.37649
0.502251
0.376491
0.344132
0.651556
0.712059
0.744566
0.977113
0.0819607
0.0819605
0.831726
0.477986
0.37649
1.02858e-09
0.287293
0.0149606
0.422047
0.422049
0.376487
0.224241
0.0759478
0.977118
0.376489
0.300653
0.411029
0.141191
0.376492
0.00140211
0.264049
0.165927
0.329944
0.412529
0.261989
0.271884
0.34321
0.271885
0.343207
0.261992
0.376493
0.343216
0.261983
0.0149611
0.353773
0.376488
0.389732
0.540512
0.00140205
0.412465
0.141188
0.343215
0.977119
0.23226
0.014961
0.323211
0.376489
0.271883
0.376492
0.300212
0.343218
0.266883
0.314021
0.689179
0.424185
0.0819599
0.141188
0.712058
0.376491
0.757595
0.286923
0.34413
0.0635092
0.376492
0.43826
0.571636
0.37649
0.376489
0.37649
0.305757
0.477988
0.0469757
0.383765
0.0819597
0.0149607
0.444336
0.264048
0.27335
0.376489
0.618078
0.463517
0.187967
0.594396
0.138847
0.408917
0.0513699
0.283308
0.600437
0.444341
0.376494
0.343208
0.343207
0.424175
0.138845
0.689188
0.689182
0.05137
0.297431
0.60043
0.235732
0.376489
0.210105
0.125912
0.14104
0.820658
0.0819596
0.376487
0.37649
0.793373
0.484325
0.315318
0.35419
0.0296904
0.905568
0.148192
0.0102786
0.00385374
0.00339966
0.0513699
0.261985
0.376491
0.323363
0.376493
0.454035
0.0014023
0.051369
0.0773097
0.996984
0.384066
0.0463651
0.323212
0.302624
0.210105
0.287293
0.0733414
0.161273
0.095546
0.677914
0.308945
0.477988
0.376489
0.327003
0.376489
0.424182
0.0513698
0.325979
0.376492
0.261981
0.177924
0.376491
0.293567
0.546707
0.210107
0.224242
0.0513689
0.252648
0.292438
0.376493
0.0246863
0.287294
0.462372
0.424184
0.0513695
0.261977
0.0513694
0.0819603
0.740268
0.0513679
0.261978
0.30701
0.289195
0.235732
0.438258
0.205465
0.674339
0.426011
0.831207
0.323355
0.57164
0.0822258
0.408917
0.25307
0.224242
0.0669889
0.307012
0.0819601
0.261987
0.293578
0.908722
0.706228
0.707572
0.618449
0.0513699
0.53771
0.416727
0.292423
0.0513697
0.771546
0.37649
0.0513682
0.0513681
0.0513686
0.722758
0.761489
0.327003
0.376489
0.0513682
0.866454
0.376491
0.417167
0.0513699
0.61692
0.235733
0.0819607
0.467964
0.545573
0.424176
0.287296
0.412535
0.425181
0.0669675
0.408922
0.2892
0.323214
0.376491
0.185664
0.712053
0.564115
0.37649
0.445612
0.71205
0.236261
0.328287
0.376488
0.261981
0.489477
0.314951
0.477987
0.287291
0.323214
0.462374
0.427972
0.412471
0.0513693
0.477989
0.977113
0.227978
0.858624
0.424177
0.376491
0.0314697
0.397705
0.77156
0.261989
0.186974
0.0924983
0.546705
0.186969
0.0924975
0.981605
0.142678
0.12023
0.289197
0.0795955
0.0795954
0.224719
0.100453
0.0795967
0.376488
0.261984
0.132519
0.510353
0.376491
0.376491
0.132619
0.252648
0.0774606
0.0795984
0.0795984
0.0795984
0.564139
0.338554
0.308956
0.376494
0.981596
0.571189
0.219626
0.283298
0.283298
0.286924
0.079598
0.564115
0.376489
0.283297
0.287293
0.219622
0.312054
0.312057
0.124019
0.314951
0.255388
0.300653
0.255388
0.261984
0.109019
0.187967
0.0807564
0.109018
0.329943
0.416727
0.147703
0.0351853
0.00398929
0.00085105
0.286924
0.376492
0.109018
0.00112132
0.376491
0.674343
0.6046
0.604597
0.344131
0.205719
0.726452
0.224242
0.600598
0.109015
0.185664
0.604598
0.376488
0.37649
0.336197
0.376489
0.376489
0.292264
0.826898
0.617493
0.546707
0.376491
0.249463
0.376491
0.376491
0.651558
0.175312
0.00354745
0.000802516
0.376495
0.261994
0.189554
0.715215
0.866454
0.0481361
0.104731
0.286924
0.244545
0.236262
0.287293
0.37649
0.325976
0.427968
0.54128
0.210103
0.227232
0.962881
0.0653965
0.0653965
0.133426
0.282211
0.0916446
0.376492
0.28221
0.249463
0.943946
0.388367
0.388363
0.388361
0.388362
0.412472
0.0955202
0.376492
0.249472
0.376492
0.10902
0.541285
0.035773
0.00037182
0.376489
0.37649
0.548119
1.12793e-14
0.294079
0.618454
0.000371834
0.109015
0.321098
0.376488
0.361291
0.361291
0.462375
0.908557
0.000117328
0.41247
0.000427209
0.571637
0.000371812
0.537711
0.000566628
0.00344612
0.502253
0.13364
0.00706644
0.859403
0.323369
0.49415
0.383769
0.483422
0.00396406
0.757584
0.376488
0.502244
0.361293
0.616916
0.425207
0.325976
0.945605
1.13153e-14
1.13282e-14
0.00163286
0.312058
0.444335
0.462377
0.578
0.376491
0.376492
0.68918
0.385208
0.297997
0.404846
0.012082
0.45403
0.0819601
0.376491
0.286013
0.235732
0.425167
0.462388
0.00228604
0.282211
0.71442
0.738134
0.716356
0.384062
0.566692
0.28221
0.32994
0.0819594
0.000325544
0.756648
0.0191476
0.383766
0.000956494
0.376489
0.376492
0.376491
0.231214
0.344132
0.37649
0.145091
0.444337
0.548042
0.145494
0.423761
0.0819617
0.630546
0.454047
0.00601746
0.573981
0.376501
0.376492
0.376492
0.249463
0.376491
0.422048
0.00336697
0.63052
0.286924
0.376487
0.26198
0.674711
0.376487
0.00501421
0.145088
0.252647
0.00419185
0.0203013
0.445622
0.376491
0.145491
0.14509
0.564122
0.861651
0.00566609
0.361294
0.67471
0.148619
0.600434
1.13541e-14
0.462387
0.00214822
0.249471
0.345409
0.139241
0.37649
0.376895
0.503464
0.37649
0.133445
0.116702
0.0724551
0.292426
0.412468
0.145086
0.360008
0.879754
0.286922
0.0774984
0.286924
0.261983
0.881959
0.376492
0.571637
0.195138
0.308944
0.376491
0.664306
0.169946
0.573964
0.428706
0.422056
0.38377
0.573965
0.251423
0.376492
0.376492
0.37649
0.321094
0.564115
0.564115
0.376489
0.862068
0.57163
0.187965
0.292427
0.541278
0.187965
0.13262
0.376489
0.630533
0.133446
0.376896
0.19514
0.744561
0.463251
0.0185192
0.01812
0.630521
0.866454
0.261986
0.376491
0.26689
0.454032
0.00840191
0.674708
0.325208
0.651554
0.125689
0.462368
0.502247
0.236262
0.287293
0.389733
0.0512673
0.462365
0.881955
0.376489
0.314019
0.427972
0.376489
0.571637
0.541281
0.376492
0.0512678
0.0780576
0.0824499
0.0824487
0.314021
0.224243
0.00513418
0.376493
0.136701
0.254119
0.0110793
0.423022
0.462397
0.283325
1.13818e-14
0.0328204
0.0328204
0.00380392
0.0081659
0.210104
0.28221
0.376489
0.00380387
0.00380374
0.00816544
0.0824475
0.177921
0.00380404
0.336197
0.0343517
0.029621
0.00380413
0.219508
0.361294
0.748401
0.278656
0.246835
0.454029
0.136698
0.00189061
0.0824492
0.177921
0.177921
0.461003
0.00816633
0.00380433
0.423752
0.00816629
0.445624
0.00816596
0.00553646
0.376489
0.32335
0.157069
0.502245
0.286922
0.707574
0.1121
0.23334
0.376489
0.183936
0.539976
0.0123675
0.881956
0.205464
0.0494009
0.383769
0.136711
0.570391
0.0824489
0.314021
0.323213
0.530478
0.537716
0.415092
0.0824513
0.0824507
0.376493
0.195153
0.252649
0.195141
0.376489
0.128933
0.955363
0.0824475
0.20546
0.0315457
0.126944
0.323209
0.249465
0.454025
0.120044
0.376489
0.120044
0.252647
0.239054
0.376492
0.571638
0.907877
0.503469
0.360955
0.307013
0.489477
0.307012
0.503479
0.503482
0.0604815
0.376493
0.187965
0.177121
0.187965
0.307013
0.307013
0.0115972
0.462369
0.289091
0.0824483
1.12779e-14
0.573956
0.0824465
0.881955
0.0824479
0.376488
0.261984
0.881951
0.0824479
0.0824479
0.175309
0.562236
0.114166
0.351794
0.469561
0.540518
0.146378
0.323213
0.295274
0.308963
0.822182
0.376496
0.376498
0.655622
0.618428
0.376496
0.600434
0.180833
0.287293
0.286924
0.195135
0.651546
0.521457
0.502245
0.0738718
0.26198
0.530472
0.131831
0.126949
0.389731
0.277829
1.13401e-14
0.389734
0.205465
0.537712
0.361295
0.37649
0.444338
0.210106
0.314022
0.376491
0.232261
0.323213
0.376491
0.480937
0.287293
0.277727
0.201092
0.261985
0.355724
0.302625
0.254114
0.126947
0.136697
0.37649
0.170649
0.360207
0.252646
0.31722
0.288657
0.344129
0.389731
0.771551
0.170645
0.200387
0.308948
0.41121
0.17065
0.427972
0.184501
0.336191
0.169581
0.376491
0.376492
0.239709
0.881951
0.0824512
0.412531
0.881948
0.940284
0.195144
0.423847
0.224242
0.37649
0.502244
0.771544
0.997859
0.571634
0.192277
0.0012488
0.0704024
0.376487
0.65155
0.454027
0.186971
0.178753
0.376491
0.210107
0.261982
0.195141
0.087452
0.230593
0.0933619
0.14179
0.37649
0.37649
0.376491
0.376491
0.41981
0.881949
0.423856
0.376491
0.0824497
0.47799
0.477987
0.421679
0.616916
0.37649
0.323904
0.361293
0.167652
0.532193
0.525882
0.921604
0.67181
0.426008
0.463386
0.0459717
0.0815722
0.177923
0.881959
0.0824499
0.261981
0.079916
0.881961
0.329944
0.617499
0.42517
0.73854
0.376494
0.157076
0.376494
0.376494
0.376494
0.651203
0.651552
0.651548
0.65155
0.423747
0.423748
0.423748
0.674867
5.56235e-12
0.376487
3.79781e-12
0.312055
0.03077
0.108128
0.210105
0.617491
0.376492
0.249465
0.249464
0.178285
0.454028
0.47981
0.90871
0.376491
0.323213
0.314022
0.376492
0.187965
0.423753
0.376492
0.32534
0.571643
0.66169
0.202871
0.552988
0.674716
0.200385
0.129147
0.000752105
0.881962
0.761032
0.881954
0.881954
0.617486
0.261983
0.49414
0.200383
0.289195
0.881957
0.0911178
0.37649
0.881959
0.300649
0.376491
0.881962
0.881962
0.881954
0.421676
0.219963
0.167447
0.745651
0.623102
0.376493
0.462392
0.361295
0.502249
0.0228472
0.412527
0.801784
0.548117
0.192276
0.552958
0.261977
4.57365e-12
0.137415
0.175307
0.0571117
0.376489
0.0933593
0.244544
0.744562
0.881959
1.13001e-14
0.195142
0.261981
0.286013
0.336192
0.881962
0.37649
0.105201
0.747148
0.0824494
0.881951
0.252648
0.717691
0.881949
0.195144
0.385209
0.37649
0.336192
0.712048
0.27019
0.27585
0.907268
0.282751
0.401731
0.412526
0.233351
0.0736313
0.376489
0.661685
0.302624
0.210107
0.15263
0.881959
0.0109433
0.454028
0.777878
0.940297
0.177924
0.177922
0.177921
0.881946
0.187965
0.123925
0.114181
0.743139
0.548826
0.261121
0.376492
0.0824482
0.142679
0.88196
0.483419
0.161275
0.161275
0.712045
0.302622
0.516067
0.46796
0.467963
0.249467
0.881951
0.881951
0.42385
0.546706
0.881959
0.477991
0.37649
0.462369
0.0933623
0.376491
0.0824489
0.0933609
0.489481
0.881951
0.308956
0.19515
0.210107
0.881949
0.376492
0.881959
0.0824487
0.88196
0.210104
0.701379
0.201689
0.0933617
0.814795
0.0933585
0.0238637
0.0933584
0.229784
0.200383
0.227265
0.0933591
0.0724576
0.141791
0.233354
0.940295
0.600429
0.881962
0.376491
0.438259
0.616925
0.67471
0.423752
0.376492
0.0343733
0.344132
0.254118
0.882256
0.882245
0.881959
0.0343716
0.88196
0.329942
0.651883
0.376489
0.489474
0.082446
0.383763
0.881954
0.0819593
0.604598
0.881951
0.421674
0.881951
0.0470221
0.423018
0.57364
0.129147
0.74456
0.034372
0.200387
0.161275
0.0824486
0.816412
0.816412
0.816413
0.0824502
0.873954
0.462386
0.873954
0.984863
0.0824492
0.37649
0.14179
0.300652
0.37649
0.548119
0.282755
0.502243
0.141786
0.881954
0.177921
0.572826
0.00398197
0.281636
0.205465
0.423751
0.726461
0.00712373
0.376492
0.37649
0.235733
0.658868
0.99374
0.689184
0.376493
0.689186
0.419812
0.542699
0.0531044
0.0923463
0.444343
0.376492
0.74456
0.0417785
0.412528
0.195359
0.540514
0.422049
0.26688
0.244544
0.0623978
0.376489
0.503468
0.744563
0.689185
0.376489
0.518331
0.689182
0.955357
0.706241
0.235733
0.37649
0.376491
0.107857
0.376491
0.34413
0.376491
0.689185
0.572845
0.376494
0.224242
0.537717
0.0819601
0.00322762
0.540531
0.323214
0.195136
0.376489
0.37649
0.354185
0.37649
0.302622
0.314019
0.546702
0.376487
0.444336
0.175308
0.546702
0.689185
0.205465
0.161274
0.423935
0.216053
0.438259
0.376491
0.0819607
0.376491
0.0903169
0.376492
0.376493
0.72669
0.376494
0.300653
0.187965
0.399148
0.600434
0.0626873
0.261978
0.737257
0.771539
0.376488
0.261976
0.502242
0.502559
0.132617
0.445621
0.295261
0.412527
0.376489
0.202868
0.376489
0.286014
0.0267175
0.376491
0.207717
0.518339
0.572816
0.651549
0.674338
0.133638
0.45403
0.454031
0.454031
0.757596
0.141433
0.261989
0.530478
0.282211
0.412528
0.573956
0.177923
0.571634
0.0819606
0.548119
0.28221
0.756646
0.266883
0.572825
0.376488
0.328289
0.0207511
0.110656
0.546703
0.503476
0.483422
3.11862e-14
0.323214
0.293568
0.376491
0.503467
0.376491
0.261992
0.376496
0.376497
0.376496
0.389739
0.548133
0.572852
0.548133
0.376492
0.328291
0.982626
0.42205
0.0819602
0.462363
0.286924
0.0819605
0.376487
0.503466
0.261982
0.572821
0.581202
0.438258
0.233352
0.0853301
0.329945
0.689181
0.940294
0.471203
0.651549
0.376491
0.323353
0.889812
0.114055
0.249468
0.573961
0.700612
0.376493
0.20287
0.261989
0.483422
0.40369
0.261983
0.37649
0.210106
0.232259
0.37649
0.604597
0.573956
0.90098
0.0819593
0.42797
0.548116
0.614191
0.247622
0.462376
0.210104
0.0693307
0.689181
0.57282
0.419808
0.141432
0.427972
0.210106
0.26198
0.689184
0.689185
0.454033
0.689185
0.689186
0.0267179
0.376493
0.261991
0.120046
0.376492
0.0700253
0.283308
0.502563
0.300652
0.0517006
0.460722
0.905416
0.300647
0.483418
0.22424
0.423848
0.35769
0.376489
0.376489
0.572825
0.376491
0.454029
0.93819
0.381685
0.0261971
0.113284
0.445616
0.321099
0.442282
0.44563
0.3362
0.541287
0.000661565
0.611329
0.132621
0.376492
0.964013
0.177392
0.591719
0.327535
0.689179
0.28221
0.34879
0.0459789
0.577994
0.289092
0.399153
0.261984
0.251416
0.495918
0.133638
0.129146
0.987171
0.132619
0.604602
0.604598
0.00172211
0.697811
0.471201
0.384067
0.323214
0.49415
0.784261
0.384071
0.21011
0.617503
0.583006
0.249467
0.0916021
0.856881
0.667976
0.419804
0.37649
0.314952
0.37649
0.228149
0.249462
0.674711
0.590744
1.3416e-05
0.376489
0.329943
0.376489
0.541284
0.261983
0.00172212
0.20287
0.133637
0.614188
0.195138
0.00213264
0.300072
0.235732
0.210107
0.830523
0.998485
0.00166106
0.0207516
0.114054
0.928312
0.488427
0.376491
0.785076
0.959503
0.4712
0.4712
0.0120765
0.000320527
0.376488
0.161272
0.325976
0.249465
0.249466
0.977752
0.376489
0.402611
0.235733
0.689181
0.261983
0.546703
0.167446
0.376491
0.376491
0.376492
0.376492
0.399151
0.411213
0.540542
0.28221
0.376493
0.311198
0.323359
0.494134
0.376489
0.68918
0.210103
0.169579
0.336188
0.743144
0.541276
0.133442
0.376489
0.703905
9.11549e-07
0.503475
0.171827
0.101074
0.85182
0.709583
0.376491
0.323214
0.0629541
0.135951
0.23182
0.26198
0.236266
0.37649
0.120046
0.648366
0.376493
0.805863
0.329945
0.0679648
0.0972495
0.000944816
1.21589e-14
0.189723
0.376489
0.73553
0.426007
0.361293
0.23335
0.361291
0.502566
0.503469
0.28154
0.61749
0.376489
0.376489
0.460727
0.376491
0.376895
0.42375
0.131832
0.770335
4.18549e-09
0.503467
0.689188
0.287709
0.081962
0.389743
0.0819622
0.643928
0.262007
0.907029
0.0742598
0.511417
0.37649
0.376491
0.423014
0.552735
0.37649
0.714603
0.411206
0.689183
0.376488
0.389729
0.945368
0.286922
0.939591
0.65155
0.50225
0.376492
0.849774
0.185666
0.329943
0.617491
0.577997
0.376896
0.477989
0.400488
0.421663
0.0104226
0.0819603
0.376491
0.809331
0.651556
0.376492
0.376491
0.210105
0.415091
0.286923
0.618459
0.538498
0.73553
0.503464
0.0819593
0.00262014
0.0602271
0.860032
0.860029
0.596531
0.225694
0.385209
0.376492
0.376491
0.233356
0.325576
0.376491
0.376491
0.133637
0.713259
0.689185
0.464133
0.551521
0.55152
0.38377
0.376493
0.360018
0.689182
0.287294
0.399405
0.210106
0.617485
0.712049
0.412467
0.399408
0.0103942
0.93819
0.399399
0.452751
0.321099
0.376489
0.735544
0.376489
0.399401
0.261983
0.42205
0.416729
0.385207
0.187968
4.36593e-05
0.426008
0.254114
0.538484
0.677078
0.14123
0.689185
0.399393
0.604603
0.376491
0.774688
0.2346
0.85182
0.945609
0.94561
0.37649
0.000178344
0.37649
0.376487
0.444334
0.0391818
0.0343572
0.37649
0.000952354
0.295266
0.221246
0.124995
0.908713
0.249465
0.423849
0.607276
2.85814e-13
1.25814e-07
7.64062e-05
0.113235
0.444341
0.376494
0.192287
0.0214893
0.689187
0.617503
0.376494
0.134059
0.321097
0.771929
0.65155
0.376488
0.357654
0.244546
0.866447
0.757577
0.376487
0.287291
0.817811
0.192281
0.261985
0.384063
0.376489
0.376492
0.770332
0.227266
0.144156
0.37649
0.427973
0.423749
0.266882
0.37649
0.783574
0.438262
0.210108
0.329946
0.617499
0.251422
0.0225667
0.0819609
1.6916e-07
0.689181
6.74521e-06
0.603168
0.0724566
0.37649
0.249461
0.769924
0.376487
0.292427
0.376487
0.266886
0.133638
0.671733
1.44697e-05
6.7467e-06
0.423018
0.37649
0.462373
1.47343e-05
0.283308
0.300648
0.161275
0.131834
0.454032
0.293579
0.236269
0.261991
0.314024
0.175312
0.423861
0.541285
0.286014
0.899405
0.302625
0.38406
0.177924
0.292421
0.376489
0.249459
0.0819591
0.376489
0.376487
7.53294e-05
0.325977
0.92546
0.376489
0.616924
7.53259e-05
7.53212e-05
7.53274e-05
0.844892
0.074029
0.462367
7.53157e-05
0.37649
0.135335
0.479301
0.182452
0.00703286
0.11159
0.187965
0.689186
7.53321e-05
0.376491
0.37649
0.604598
0.287115
0.37649
0.462364
0.618459
0.689181
0.376488
0.889497
0.210103
0.540526
0.000117804
0.000100157
0.412469
0.376492
0.0819608
0.467353
0.289085
0.289084
0.184672
0.376491
0.689179
0.262366
0.57397
0.320603
0.33621
0.376738
0.336213
0.289081
0.545941
0.634933
0.197479
0.0531036
0.530475
0.0531033
2.34247e-05
0.371079
0.426007
0.376487
0.376487
0.454026
0.28711
0.438258
0.376489
0.151046
0.000885879
0.689182
0.287116
0.0751191
0.287117
0.300652
0.287118
2.34279e-05
0.376491
0.425159
0.361294
0.483422
0.376491
0.292435
0.000507639
0.483422
0.00819974
0.454031
0.026252
0.0942203
0.408916
0.851819
0.851822
0.790127
0.744559
2.85304e-08
0.000913446
0.000194644
0.131832
0.581981
0.535326
0.133638
0.770321
0.613855
0.530476
0.37649
0.287117
0.37649
0.42515
0.477988
0.37649
0.384065
0.0819601
2.34391e-05
0.389734
0.448933
0.376493
0.124024
0.483425
0.384066
0.268479
0.940834
0.856374
0.328289
0.856377
0.202868
0.302624
0.326095
1.41841e-05
0.314951
0.865875
2.34327e-05
2.34341e-05
0.22144
2.34341e-05
0.689182
1.4186e-05
2.34288e-05
0.423018
0.620136
0.132618
1.4184e-05
0.61749
0.617492
0.329943
0.261987
0.50257
0.249823
0.502571
0.462386
0.28711
0.376492
0.454029
0.244545
0.357696
0.502244
0.502245
0.37649
0.689179
6.54136e-05
0.376488
0.689183
0.996482
0.175309
1.1341e-14
0.0724563
0.32336
0.454031
1.78566e-05
1.13021e-14
0.0402465
0.541282
0.389734
0.673662
5.50458e-05
0.252648
0.454034
0.131836
0.617501
0.186976
0.770321
0.376494
0.0402475
0.330825
0.361295
3.71206e-05
0.000111645
0.68918
0.287293
0.192277
0.37649
0.00357061
0.462368
0.454027
0.689183
0.37649
0.689185
0.376489
0.546703
3.71283e-05
0.600432
