0.444358
0.573961
0.471198
0.663939
0.0155803
0.134443
2.56804e-05
0.23963
0.438252
0.70729
0.946891
0.729676
0.323351
0.402079
0.173347
0.17712
0.20667
2.23018e-10
4.04987e-07
0.283314
0.177921
0.420126
0.110898
0.130902
0.39569
6.10842e-11
0.234183
0.130902
0.234183
0.274995
0.130906
0.459139
0.69721
0.132403
0.554749
2.46541e-06
4.51306e-10
7.40095e-10
0.212616
0.212616
0.212616
0.460716
0.0393239
0.692001
0.23226
0.485359
0.973472
0.169633
0.00371619
0.00507039
0.142677
0.886774
0.25756
0.0593043
0.059302
0.314017
0.546697
0.546703
0.457268
0.00561541
0.00714078
0.125947
0.0845002
0.376495
7.1066e-06
0.757592
0.321095
0.51467
0.010183
0.51467
0.00346543
0.00595878
0.540509
0.540508
0.0983637
0.000346485
0.413444
0.389729
0.389733
0.427973
5.43839e-09
0.376491
0.286923
1.55168e-11
0.21369
1.29312e-06
0.599356
0.959501
0.667462
1.71328e-07
0.303548
0.594118
0.646337
0.0140251
0.301304
3.09491e-10
0.0001132
0.280859
0.376488
0.246742
0.01159
5.72439e-10
0.330359
0.111601
0.146991
0.0823284
3.13405e-05
0.0833783
6.16082e-05
3.59307e-05
4.14085e-05
0.000103226
1.76088e-05
1.00188e-11
7.70655e-07
0.0350623
2.65717e-09
0.712054
0.0163918
0.546697
2.63101e-06
0.660154
0.000674292
0.060376
2.71579e-07
0.0334125
0.0819609
0.193528
0.00215307
1.69234e-13
0.0653745
0.0545351
0.00704372
3.01346e-09
0.412521
0.438516
0.000606807
0.000378234
0.46072
0.00123593
0.951443
0.397132
2.34449e-08
0.328713
0.0154205
0.0355263
0.261981
1.5007e-13
0.261982
1.84318e-05
3.63322e-07
0.0123996
9.97715e-06
0.573955
5.22828e-08
0.304177
0.000168283
0.564133
0.638408
2.55283e-12
0.0104918
0.000220842
0.236265
0.953268
0.502243
0.169395
0.460717
0.757575
0.000151572
0.506041
0.167443
0.16892
0.0302292
0.0251691
3.35506e-05
0.181651
0.000799245
0.442282
0.186215
0.297996
0.690517
8.28598e-05
0.0218617
0.344127
0.293564
0.04908
0.173612
0.413451
0.762531
0.00151011
1.22589e-12
0.0984993
1.18264e-05
0.231821
0.231818
0.925001
0.23573
0.769127
0.678841
0.114054
0.000201179
0.571625
0.186967
3.90699e-09
0.00368035
0.376487
0.00844942
0.00125731
0.413453
0.0646418
0.336193
7.21825e-07
0.0580398
0.00111021
0.664787
0.292422
3.64642e-10
2.11181e-08
1.97814e-06
0.236263
0.687413
0.0290408
3.72834e-11
0.776976
0.00243021
1.86614e-12
6.40885e-15
3.0389e-15
0.119098
0.694677
0.67222
0.223009
3.87397e-09
0.190767
0.240438
0.323347
0.131831
0.634964
0.150508
0.929198
0.933584
0.261984
0.261981
0.14707
0.0397932
2.71443e-14
0.50418
0.399168
0.503389
0.180399
0.000669279
0.0222749
0.00148375
0.24069
0.537726
0.963424
0.0831824
0.270433
0.31495
0.00913963
0.243284
0.376488
0.42301
0.185661
0.185661
0.817797
0.618455
0.235729
0.00153849
0.577668
0.000140976
0.1489
0.37649
0.0646543
0.376489
0.118186
0.000279912
0.243757
0.358855
0.411491
0.174737
5.91821e-05
9.49872e-05
1.95419e-05
0.175469
0.600431
0.00465962
0.329945
0.0124691
0.450624
0.287159
0.22415
0.00118458
0.00306639
0.376485
7.14046e-07
0.231814
0.109163
0.000314921
0.314948
0.000719532
0.000961916
0.445623
1.89666e-05
0.446098
0.15642
0.967604
0.412529
0.00115177
0.059228
0.35418
0.325994
0.282273
0.376489
0.325979
0.000521154
0.000638341
0.11529
0.00511433
0.187689
0.572919
0.120712
0.133636
0.133637
0.825086
0.721104
0.336186
0.00139874
0.111304
8.82127e-06
0.698202
0.412463
0.26198
0.249461
0.964308
0.00600742
5.11883e-05
0.425158
0.147051
0.000422569
0.451726
0.93065
0.00093101
0.376486
0.26688
0.0924632
0.37649
0.00496145
0.489479
0.000122957
0.336201
0.0403583
0.148621
0.156053
0.54544
0.00380384
0.300647
0.188298
0.331086
0.211613
0.0492613
0.166522
0.656537
0.757574
0.297994
0.23503
0.376491
0.294387
0.352913
0.242528
0.376489
0.0819601
0.483419
0.00250783
0.000177457
0.00030872
0.604592
7.28806e-05
0.376493
0.261986
0.174673
0.329944
0.376496
0.353574
0.00823195
5.34602e-06
2.13139e-05
0.37649
0.0010851
0.00498181
0.489469
0.000376551
0.376484
4.63491e-05
8.03521e-05
0.376484
0.0146281
0.00102989
0.00355022
0.0910464
0.00181407
0.122966
0.00163612
0.0107141
0.286922
0.00142318
0.489527
0.376486
0.376486
0.376488
0.0458306
0.471198
0.674346
0.376491
0.0137619
0.0792162
0.0442816
0.418967
0.284485
0.284487
0.477985
0.833889
0.323208
0.721593
0.266044
0.048022
0.426005
0.477981
0.426004
0.523388
0.0263338
0.0172414
0.035537
0.216988
0.533862
0.0918212
0.239093
0.1788
0.445612
0.167651
0.0227188
0.244544
0.0334617
0.321098
0.000164839
0.994098
0.329946
0.138376
0.0669677
0.295265
0.29526
0.423748
0.295259
0.000141591
0.204774
0.600419
0.273205
0.460715
0.132055
0.376484
0.147204
0.443361
0.140296
0.00321097
0.123003
0.297996
0.010986
0.757592
0.673731
0.413451
0.261978
0.183159
0.712045
0.712051
0.320491
0.00353316
0.289196
0.345407
0.752139
0.434903
0.983599
0.0072639
0.00397152
0.110193
0.579618
0.0937614
0.223266
0.308939
0.460716
0.16988
0.0656261
0.689181
0.0571606
0.376487
0.37649
0.716061
0.000150611
0.127474
0.261981
0.28221
0.0424744
0.688621
0.105996
0.412464
0.514222
0.323371
0.569148
0.712069
0.286015
0.816574
0.396224
0.28693
0.376501
0.283313
0.283308
0.283311
0.530471
0.46237
0.289192
0.771538
0.156167
0.345402
0.321093
0.28692
0.286922
0.376487
0.37649
0.251414
0.600431
0.185666
0.325977
0.42516
0.425155
0.502247
0.715404
0.32335
0.358103
0.460722
0.287292
0.431125
0.898497
0.0915733
0.0109822
0.376493
0.329945
0.868899
0.889373
0.376491
0.214265
0.104754
0.0274773
0.224239
0.186966
1.47285e-06
0.600425
0.00582631
0.376487
0.00224587
4.18689e-08
1.28492e-05
0.000184377
0.772864
0.430929
0.412529
0.547819
0.290896
0.0341269
0.192276
0.0860381
6.84441e-07
0.113257
0.954323
0.818955
0.260291
0.817849
0.307016
0.615954
0.0472482
0.412526
0.126961
0.249462
0.31495
0.0327818
0.438252
0.376484
0.246125
0.295259
0.307008
0.510874
0.411206
0.835274
0.376491
0.753022
0.557535
0.0426894
0.285151
0.376488
0.153308
0.502241
0.195714
0.477983
0.532167
0.37649
0.376487
0.968198
0.0349532
0.414197
0.302626
0.129011
0.69289
0.0292116
0.976152
0.71375
0.442278
0.1771
0.0354856
6.80279e-06
0.514191
0.261645
0.00611358
0.376487
0.261978
0.17513
0.158296
0.0381161
0.015414
0.566001
0.437452
0.376488
0.138054
0.244598
0.173732
0.948255
0.423017
0.0409226
0.000506314
0.014687
0.423019
0.210111
0.187966
0.376496
0.376491
0.385597
0.264037
0.0552738
0.816564
0.376484
0.00598851
0.180828
0.376484
0.0210444
0.376484
0.0597391
0.648391
0.000549625
0.0385108
2.81795e-06
2.67294e-06
1.8493e-07
0.300653
0.600429
0.336196
0.000102127
0.114054
0.616914
0.376488
0.376491
0.0685577
0.32829
0.527444
0.227271
0.376494
0.376494
0.53048
0.617492
0.197754
0.145086
0.573955
0.376485
0.104394
0.412521
0.204207
0.344535
0.22726
0.207044
0.0244555
0.936008
0.37649
0.37649
0.338079
0.461534
0.866454
0.111463
0.426008
0.00412779
0.00082067
0.737545
0.502246
0.502251
0.491301
0.101905
0.412529
0.573967
0.108863
0.122342
0.250716
0.412525
0.0923655
0.412522
0.412524
0.370402
0.376483
0.376483
0.376483
0.836961
0.376485
0.127475
0.261978
0.948141
0.856079
0.863633
0.197752
0.376488
0.866454
0.0284221
0.0640484
0.193612
0.0350913
0.227262
0.37462
0.0382988
0.376487
0.376491
0.00656769
0.376493
0.0474542
0.0372668
0.773283
0.133636
0.67173
0.408913
0.376488
0.590374
0.376484
0.596884
0.314941
0.376487
0.323207
0.67173
0.255385
0.67173
0.17712
0.67173
0.67173
0.858458
0.444626
0.471199
0.180831
0.419694
0.376486
0.795258
0.376492
0.376495
0.224241
0.224242
0.0254448
0.0329898
0.0431841
0.224243
0.419822
0.114616
0.467964
0.0839141
0.0839145
0.0614393
0.0154227
0.673657
0.376484
0.808658
0.967846
0.808659
0.723226
0.732292
0.485598
0.712056
0.224241
0.67173
0.137197
0.286922
0.210105
0.1131
0.723225
0.376486
0.0666302
0.671731
0.730907
0.266413
0.117201
0.66811
0.808663
0.671731
0.224242
0.137195
0.224241
0.376487
0.00202115
0.379265
0.0202148
0.00931298
0.0624588
0.557718
0.314948
0.376487
0.706726
0.314951
0.300651
0.412975
0.37649
0.376488
0.314952
0.177921
0.116643
0.302621
0.137193
0.794203
0.305198
0.578003
0.18467
0.376492
0.651443
0.122247
0.360286
0.261991
0.189008
0.385674
0.703709
0.0711471
0.0380312
0.00239694
0.344126
0.143591
0.224238
0.866451
0.637959
0.376487
0.149709
0.376491
0.783576
0.86164
0.205465
0.205463
0.344131
0.651549
0.65155
0.189591
0.376486
0.376486
0.300649
0.502569
0.502564
0.345408
0.300651
0.302626
0.174812
0.34541
0.651553
0.71205
0.307012
0.307009
0.31495
0.297256
0.00527415
0.349806
0.502238
8.6387e-05
0.321089
0.425139
0.100246
0.376491
0.413499
0.268732
0.641277
0.21934
0.376492
0.376489
0.37649
0.718243
0.133636
0.535703
0.283803
0.000129912
0.00985473
0.444342
0.444341
1.13471e-05
0.314955
0.383774
0.13593
0.867241
0.0133248
0.0629709
0.489474
2.08881e-06
0.454021
0.283795
0.376484
0.416723
8.53314e-14
5.25306e-15
0.425148
0.37649
0.258119
0.0161577
0.295264
0.950337
9.44959e-14
8.95032e-14
0.390921
0.376486
3.12113e-14
0.16457
0.552211
0.57164
0.376487
0.101616
6.26045e-12
0.54129
0.869207
0.270204
0.790692
0.336194
0.460728
0.314018
8.41957e-14
0.314948
0.617481
1.54955e-10
6.43724e-10
0.0784216
2.44942e-06
1.28534e-12
0.376486
0.336195
1.13184e-14
0.208154
1.1317e-14
0.235731
0.32829
0.651547
6.3542e-12
0.187817
0.385203
0.425146
0.53771
0.573963
0.376489
6.69633e-14
1.0651e-11
0.376494
2.54386e-10
0.997629
0.376491
6.07144e-13
0.37649
2.15457e-11
2.0216e-12
0.10619
2.17548e-09
3.11807e-14
0.54811
0.376486
0.287289
8.65406e-15
2.57944e-14
0.261984
0.376491
0.564471
8.99759e-14
0.261981
0.347259
7.02567e-14
0.412468
1.65231e-13
0.376486
1.09619e-15
0.261982
3.26884e-15
0.419804
0.419808
0.419807
0.192284
2.2323e-14
0.129518
1.27162e-13
0.454027
1.13227e-14
0.376487
2.12163e-14
0.537702
0.336186
0.124017
2.67938e-12
0.376487
0.261976
0.185663
7.05719e-10
2.39887e-14
0.75759
1.1323e-14
0.604602
4.42223e-15
0.376492
0.286922
0.266885
0.186967
4.42038e-15
1.31154e-15
0.376496
0.262
0.423023
0.314028
0.175316
2.28597e-13
0.114053
2.34923e-14
1.13256e-14
1.13096e-14
0.249465
0.525898
0.674335
0.376484
2.32694e-14
0.261976
0.376484
0.376487
3.1186e-14
0.236262
0.376487
0.37649
2.05425e-13
3.4232e-14
0.376491
0.454028
0.376491
0.235731
8.41926e-14
2.14095e-13
1.13103e-14
0.383763
9.87112e-14
0.180398
2.52937e-14
1.8235e-15
7.8063e-14
0.947077
5.26982e-15
1.32238e-14
0.533411
0.609765
0.462378
1.91308e-13
0.617489
0.376485
4.08386e-12
8.28587e-13
1.32979e-12
0.651545
0.295255
6.40967e-15
0.314018
0.423848
0.261983
0.37649
2.92968e-12
1.21455e-09
2.70185e-10
0.135333
1.92734e-10
0.292422
0.57163
0.376486
0.939838
0.376492
0.308948
4.33919e-15
0.235732
0.60461
0.674352
0.423755
0.413453
0.164573
0.78914
3.01495e-12
0.376488
9.54878e-12
0.489468
0.607607
2.48882e-14
2.77961e-12
0.249459
0.376487
0.249461
0.427974
0.345408
4.04661e-14
1.92769e-13
0.376488
0.249467
0.537709
0.809589
0.573951
0.177921
0.192277
6.51948e-15
1.13362e-11
2.933e-14
2.15503e-13
9.18253e-13
7.82739e-14
0.376493
0.376493
3.11622e-14
0.376893
0.244545
0.423745
0.423746
0.000535649
0.00116882
0.161272
0.161272
0.347238
0.376484
0.971933
0.462364
0.462376
0.502569
0.342369
0.376491
0.0733213
0.948406
0.133424
0.0465673
0.0155377
0.416133
0.376486
0.37649
0.805298
1.85362e-06
0.621299
0.128711
0.422058
0.0197944
0.291544
0.130368
0.210103
0.53207
0.376487
0.376488
0.732292
0.376484
0.501024
0.501023
0.577992
0.117355
0.0425966
0.00153896
0.167245
0.878428
0.133638
0.0270003
0.00533389
0.376491
0.376488
0.915035
0.282405
0.00121119
9.22035e-05
0.851967
0.772336
0.642104
0.0334063
0.261985
0.0558364
0.0187868
0.600439
0.126853
0.0242337
0.126446
0.738409
0.616918
0.858613
0.0980481
0.502559
0.3297
0.313307
0.0014653
0.421325
0.0257165
0.659314
5.12748e-05
0.114054
0.286924
0.00337496
0.807816
0.229263
0.261983
0.651542
0.251408
0.251408
0.4712
0.15108
0.283311
0.960523
0.960526
0.361298
0.105579
0.757601
0.361295
0.236263
0.610872
0.413442
0.63012
0.971736
0.261975
0.323345
0.905669
0.133635
0.0474908
0.75758
0.376487
0.727366
0.727366
0.571639
0.261984
0.261981
0.224241
0.533577
0.376489
0.412992
0.345903
0.921627
0.30065
0.1091
0.0923592
0.0970653
0.270199
0.600436
9.54861e-05
1.51797e-12
0.477991
2.02e-07
0.866804
0.0371985
0.598455
0.233743
1.50201e-07
0.376484
0.174121
0.00900302
0.771537
0.598475
0.792803
0.728577
0.525903
0.416727
0.376491
0.817817
0.711888
0.445688
0.182549
0.423743
0.471195
0.345697
0.261989
0.416732
0.562324
0.445642
0.0964794
0.411567
0.323374
0.8469
0.0518255
0.776687
0.37649
0.302622
0.414314
0.573948
0.611634
0.564112
0.4593
0.734941
0.803923
0.334965
0.084933
0.471107
0.412469
0.261984
0.261984
0.444335
0.038565
0.0907976
0.00317599
0.0901782
0.520603
0.508485
0.376488
0.175309
0.000502332
0.0512374
0.0632552
0.321105
0.261988
0.0290666
0.143312
0.42323
1.21348e-10
0.177921
0.00664134
0.712043
0.467957
0.503461
0.503459
0.007719
0.124017
0.0996766
0.438255
0.43459
0.952916
0.317221
0.131833
0.383766
0.323359
0.289091
0.0793728
0.961801
0.503462
0.376485
0.0793728
0.425163
0.99802
0.423855
0.528882
0.321108
0.361298
0.700186
0.908715
0.376488
0.987173
4.73694e-07
0.240616
0.493878
0.823026
0.177115
0.175304
0.0400152
0.286009
0.131831
0.25863
0.112041
2.27476e-10
0.237657
0.376491
0.872954
0.395769
0.10846
0.181739
0.226095
0.210101
0.460718
0.114054
0.383768
0.354183
0.222434
0.389732
0.376493
0.630217
0.445631
0.376491
0.0965662
0.061567
4.50525e-06
5.88403e-05
0.525893
0.106651
0.252004
0.137975
0.23573
0.169575
0.376487
0.297994
0.651553
0.651553
0.389733
0.376492
0.205463
0.376492
0.564125
0.423849
0.502241
0.376486
0.426003
0.37649
0.300659
0.307012
0.307015
0.641929
0.580791
0.389738
0.161273
0.376491
5.98235e-09
0.0445695
0.0218662
1.87383e-14
0.44433
0.417278
0.345402
0.266877
0.471196
0.361288
0.263449
0.376487
0.416727
0.571639
0.480383
0.361294
0.910312
0.376491
0.444559
0.0793727
0.397697
0.558051
0.742863
2.05857e-05
0.411211
0.175307
0.376492
0.199844
0.376494
0.210109
0.376494
0.376492
0.185665
0.261986
0.755718
0.157033
0.000108029
0.0592595
0.187965
0.858767
0.187965
0.187965
0.187966
0.187966
0.187966
0.757588
0.541283
0.651552
0.617488
0.376491
0.376488
0.376489
0.376485
0.987169
0.541276
0.403333
0.192283
0.376489
0.483424
0.483422
0.423021
0.111929
0.323366
0.323358
0.26198
0.37649
0.376487
0.376487
0.309569
0.321088
0.397695
0.397695
0.397698
0.376484
0.426005
0.325976
0.0711425
0.325979
0.147636
0.325979
0.113081
0.244546
0.732435
0.00228766
0.376485
0.376485
0.645286
0.21923
0.771556
0.919843
0.723503
0.37649
0.0412863
0.0886697
0.261988
0.503477
0.187966
0.421566
0.249461
0.521899
0.384057
0.376484
0.427965
0.261976
0.376487
0.376484
0.294634
0.816155
0.37649
0.37649
0.261984
0.376896
0.210295
0.376491
0.153896
0.477988
0.0524563
0.929837
0.000215159
0.000658266
0.261997
0.444344
0.300668
0.283327
0.442295
0.161272
0.361304
0.361295
0.415628
0.251413
0.530471
0.340456
0.535357
0.502239
0.929536
0.462359
4.33071e-11
0.487948
0.817225
0.279678
0.279683
0.947289
0.37649
0.90278
0.422048
0.151614
0.00305991
0.000906728
0.376486
0.302621
0.236261
0.959865
0.161272
0.213682
0.546707
0.573959
0.982462
0.336202
0.210108
0.384065
0.0580041
0.376491
0.0327424
0.336193
0.312606
0.276328
0.261773
0.291462
0.0702051
0.255382
0.525897
0.376487
0.887796
0.204395
0.126852
0.325979
0.604596
0.35419
0.661581
0.253993
0.253989
0.154682
0.525895
0.161272
0.161272
0.315983
0.315987
0.00143119
1.4463e-07
0.266893
0.331682
0.459274
0.261981
0.52897
0.155516
0.383765
0.2101
0.000203509
0.376484
0.571627
0.234618
0.234617
0.33619
0.419802
0.20335
0.376491
3.29365e-07
0.41247
0.376488
0.538026
0.376489
0.119894
0.300649
0.878774
0.334221
0.548118
0.182344
0.174808
0.109467
0.722712
0.811964
0.376493
0.376493
0.589643
0.376893
0.666758
0.412695
0.261981
0.0274081
5.93912e-08
0.933874
0.376484
0.289624
0.134684
0.788509
0.651543
0.329943
0.187966
0.468945
0.336197
0.571635
0.376492
0.376488
0.210105
0.471195
0.313798
0.314283
0.75987
0.376493
0.0149994
0.0431674
0.302626
0.376496
1.34449e-12
0.000589878
0.57396
0.183293
0.884981
0.300649
0.177921
0.376484
0.090352
0.0928778
0.389726
0.30707
0.813873
0.000212084
0.330942
0.445624
0.286012
0.114047
0.117708
0.946371
0.0136522
7.12186e-12
0.0202305
0.471195
0.471195
0.333293
0.940784
0.924642
0.000509253
0.213564
0.224241
0.376495
0.000135132
0.0119648
0.210657
0.0359893
0.00199762
0.803925
5.49146e-05
0.959641
0.00326472
0.471193
0.376484
0.712048
0.131829
0.442277
0.930778
0.616922
0.483421
0.712055
0.56413
0.538831
0.596566
0.0660989
0.261983
0.158339
0.866451
0.376486
0.66617
0.460729
0.291773
0.344131
0.502249
0.289198
0.289198
0.578007
0.175309
0.0666321
0.0823743
0.0696067
0.260039
0.0243053
0.0130641
0.376483
0.0171064
0.613548
0.494578
0.00247108
0.231929
0.402611
0.151098
0.376491
1.09065e-13
0.929196
0.302625
0.302623
0.0914502
0.448314
0.0222454
0.0333073
0.317218
0.605033
0.376487
0.640992
0.195258
0.00230114
0.454034
0.0268718
0.261984
0.425516
4.85967e-14
0.586609
0.336688
2.18066e-14
0.586603
1.82082e-11
2.11194e-14
0.300647
0.571202
1.31082e-09
0.000466197
0.215892
0.0246148
0.427973
0.0719739
0.192279
0.000722756
0.361663
0.673435
0.914866
0.376486
0.24632
0.293578
2.58797e-06
2.1851e-08
0.118446
2.19242e-14
0.286928
0.286928
1.01127e-13
0.617494
0.333904
0.133481
0.426119
0.336687
8.36523e-15
0.618629
0.483413
0.483412
0.376487
0.674327
0.376487
0.855086
0.503476
0.203094
0.37649
0.503477
0.851598
0.321101
0.321097
0.729413
0.321092
0.222598
0.14026
0.114054
0.336198
0.114054
0.114054
0.00881862
0.471206
0.257138
0.384068
0.257135
0.376488
0.961271
0.746611
0.426006
0.314948
0.0625068
0.300648
0.300648
2.0428e-06
0.697769
0.308942
0.308941
0.0485664
0.0619225
0.445622
0.412469
0.000609931
0.247674
0.376488
0.412468
0.412464
0.376485
0.412464
0.412468
0.117979
0.412467
0.371465
0.376491
0.212969
0.241301
0.270199
0.270194
0.376488
0.37649
0.376487
0.376488
0.376484
0.180393
0.1569
0.269943
0.412465
0.284994
0.460721
0.499711
0.834178
0.149884
0.476513
0.78851
0.578456
0.0624843
0.338289
0.261983
0.707574
0.707574
0.261978
0.978236
0.97824
0.771547
0.861763
0.300652
0.376493
0.186973
0.376493
0.0946156
0.376488
0.384064
0.359198
0.113752
0.266878
0.266878
0.266878
0.345295
0.266881
0.182785
0.376487
0.376487
0.376491
0.376491
0.376491
0.376492
0.376489
0.771559
7.46577e-08
0.437283
0.771541
0.426003
0.771541
0.771556
0.771564
0.771555
0.26199
0.866457
0.376496
0.62689
0.376496
0.308949
0.308944
0.37649
0.376487
0.376488
0.376484
0.651539
0.651539
0.701103
0.114054
0.0240514
0.376487
0.258629
0.286012
0.37649
0.855089
0.855089
0.300648
0.272325
0.112941
0.564129
0.286009
0.342829
0.342829
0.376488
0.57351
0.898839
0.454034
0.445625
0.54054
0.54054
0.425299
0.376492
0.733302
0.0800972
0.383764
0.757584
0.293563
7.31794e-11
1.44807e-13
0.274494
0.358794
0.299516
0.293566
0.412523
0.0898208
0.202133
0.261983
0.315063
0.376488
0.253938
0.540521
0.0926154
0.238778
0.376485
0.233901
0.0994057
0.241444
0.23946
0.376492
0.116943
0.236271
0.376494
0.0662976
0.0662965
0.376488
0.37649
0.376487
0.376487
7.67807e-12
0.376484
0.114054
0.292419
0.114054
0.00989185
0.384061
0.216841
7.52538e-07
0.951145
0.376491
1.63977e-07
0.517068
0.712058
0.460723
0.423748
0.757577
0.261978
0.261978
0.261982
0.289196
0.289194
0.186971
0.541283
0.389736
0.321104
0.235733
1.97947e-09
0.242524
0.929198
0.493883
0.242524
0.444329
0.187965
0.187965
0.444329
0.444333
0.729972
0.503467
0.712047
0.237566
0.210106
0.376491
0.185666
0.185664
0.761488
0.376488
0.489476
0.185662
0.0655444
0.667682
0.0090126
0.251048
0.371522
0.604624
0.262001
0.541309
0.771596
0.133645
0.782607
0.376488
0.707407
0.584514
0.21369
0.376484
0.473971
0.703836
0.0422089
0.186967
0.625968
0.261979
0.880457
0.37649
0.210106
0.289196
0.376491
0.813679
0.546707
1.32561e-07
0.261983
0.423012
0.149139
8.39033e-12
0.697768
0.0780049
0.651546
0.57164
0.300652
0.933111
0.190236
0.0435045
0.3211
0.192279
0.438492
0.342772
6.20961e-14
0.613123
0.132616
3.0436e-11
0.133635
0.376487
0.483413
0.371564
0.666221
0.666223
0.483421
1.36427e-08
0.00268569
8.40506e-09
1.65741e-06
0.132618
0.359634
1.57007e-11
0.460718
0.292248
0.359637
0.930712
0.000752452
0.00166229
0.793906
2.94414e-06
0.712067
0.325982
0.871037
0.855087
0.0811728
0.205461
0.261981
0.460716
0.41672
0.41672
0.308938
0.210102
0.361288
0.376254
0.153356
0.712056
0.376491
0.161273
0.903041
0.28601
0.40274
0.855089
0.204855
0.13183
0.0526963
0.195212
0.28601
0.43826
0.00777205
0.114054
0.616922
0.461113
0.0824043
0.317275
0.0473584
0.0821422
0.086159
0.246831
0.426177
0.376484
0.321089
0.938832
0.454021
0.395759
0.388539
0.300646
0.114055
0.188015
3.26857e-15
0.422051
7.12977e-12
0.546702
0.851956
0.0318159
0.445623
0.321091
0.376486
0.412522
0.210106
0.329945
0.321101
0.321107
0.228839
0.187966
0.11105
0.135135
0.376491
0.103021
0.210105
9.82909e-15
0.376488
0.0290308
3.14082e-14
0.376484
0.187965
0.596695
0.711789
0.935333
0.42384
4.04645e-14
0.412528
0.855089
0.122689
1.50488e-11
0.55396
6.72935e-08
0.65155
0.321091
0.0833408
0.530469
1.68916e-13
0.878328
0.140948
0.477993
0.376491
0.103598
0.651561
0.344133
0.252648
0.412527
0.0336484
0.855087
0.192279
0.489469
0.905416
0.376485
2.45089e-12
0.376487
0.06745
0.295258
0.376486
0.37649
0.37649
0.161273
0.0234911
0.0168818
0.41247
0.663938
0.502567
0.044815
0.361289
0.251408
0.66049
0.224141
0.376489
0.158854
0.158853
0.376494
0.348099
0.922654
0.92265
0.92265
0.422049
0.376486
0.454025
7.80773e-05
7.44559e-05
0.116572
0.421726
0.376486
0.30262
2.22612e-15
0.0109602
0.566991
0.0548281
0.176216
0.176217
3.67616e-12
0.241443
0.181968
0.376489
0.376486
0.471195
0.0166421
0.186969
0.471202
0.502244
2.7624e-06
0.261983
2.18836e-14
0.0440146
0.205468
0.231821
0.26198
0.131832
0.234422
0.062937
0.30262
1.12988e-14
0.0530593
0.383761
0.302622
0.0577489
0.38406
0.186967
0.124022
1.13225e-14
0.37649
0.389734
0.855087
0.300653
0.126076
0.323211
0.855086
0.321091
0.376486
1.27376e-14
0.233332
0.376492
0.307016
0.376495
0.376498
0.514023
0.43827
0.261984
0.502244
0.489332
0.162145
0.284208
0.559597
0.480507
0.329892
0.32989
0.384059
0.180072
0.855086
0.855086
0.37649
0.321098
0.114054
0.674341
0.0854442
0.239695
0.192279
0.67434
0.712046
1.13117e-14
0.0848485
0.40343
0.77784
0.872732
0.286012
0.37649
0.650789
0.175311
0.444341
0.30895
0.300648
0.208756
0.26198
0.31963
0.454022
2.18132e-14
0.0869511
0.201625
0.454025
0.131829
0.124019
0.260455
0.541283
0.712055
0.293571
0.161273
5.67696e-14
0.376491
0.376488
0.261983
0.376485
0.412522
0.329939
0.117974
0.196704
0.252646
0.293575
0.114054
0.20547
0.828344
0.000322932
0.489479
0.489474
0.286924
0.119891
0.00900875
0.261976
0.270257
0.454021
3.63004e-15
0.10018
4.75837e-10
0.483417
1.24079e-13
0.614636
0.00923231
0.000116077
1.80106e-10
0.422048
0.132619
1.19357e-10
0.286011
0.376486
0.0757661
4.72613e-12
2.61262e-15
0.187965
0.571633
0.293573
0.293571
0.471206
0.471206
0.376493
0.426659
2.24801e-09
0.892844
0.831227
0.651547
0.216785
0.28692
0.050012
0.297991
0.344128
0.795954
0.376487
0.439026
0.180398
0.602919
0.327445
0.114054
0.286011
0.444339
0.124652
0.85509
0.321091
0.413442
0.708714
0.471431
0.114053
0.50348
0.0382483
0.132621
0.321111
0.376496
0.376496
0.817828
0.376488
8.35963e-15
1.13118e-14
0.416724
0.185101
0.0110338
0.445609
2.42769e-09
6.93572e-07
0.00101413
0.397717
0.860775
0.233352
0.449421
0.425158
0.947074
0.321095
0.970157
0.90649
0.303546
0.381344
0.427967
0.462365
0.629051
0.404041
0.139399
0.0876979
0.578
0.131835
0.502254
0.161273
0.210107
0.700126
0.376492
0.32321
0.205463
0.454022
0.421728
0.344126
0.376484
0.0504472
0.502239
0.376487
0.034174
0.445622
0.38284
0.416726
0.323212
0.376488
0.615711
0.893057
0.231304
0.0884626
0.0197377
0.135991
0.214446
0.227268
0.44228
0.234593
7.6752e-12
3.4115e-06
0.376494
0.548129
0.152686
0.209521
0.150032
0.0404603
0.123224
0.0691326
0.0363688
0.0602976
0.086402
0.781664
0.283304
0.085552
0.151376
0.412528
2.05986e-08
0.502249
0.502249
0.138231
0.00250958
0.437993
0.625926
0.0152055
0.984392
0.0806091
0.144711
0.321101
0.298621
0.0608795
0.132619
0.570198
0.286926
1.13426e-14
0.0681823
0.292425
0.419925
4.4318e-15
0.0989716
0.172714
0.483266
3.16016e-14
0.114054
0.444333
0.376484
0.00464228
0.376487
0.103487
0.37649
0.0437268
0.0199273
0.00981752
0.013297
0.133637
0.210104
0.0353191
1.58862e-05
0.768264
0.525911
0.329948
0.529309
0.188021
0.0751234
0.361304
0.0758399
0.376501
0.376491
0.376488
0.37649
0.548117
0.471198
0.136573
0.37476
0.595761
0.133635
0.83609
0.137413
0.42687
0.558137
8.72112e-06
0.878428
0.37649
0.376491
0.817816
0.564134
0.932539
0.540527
0.540515
1.89012e-05
0.103889
0.292427
0.133638
0.0540092
0.462382
0.425157
0.114054
0.573965
0.148058
0.376492
0.546701
0.184672
0.161272
0.30701
0.275802
0.376484
0.376485
0.376484
0.68417
0.337543
0.571631
3.07564e-13
0.757589
0.37649
0.757589
1.13192e-14
0.345406
0.00115828
0.31495
0.261983
0.962693
0.235618
0.136694
0.376489
0.376492
0.283312
1.42419e-05
0.273428
0.42517
0.336205
0.336205
0.336198
0.0803646
0.266611
6.0587e-11
0.133636
0.28692
0.000221402
0.180431
0.336186
0.302622
0.30262
0.75758
0.00404662
0.0251379
0.114054
0.129757
0.0231012
0.548118
0.127599
0.444335
0.0541135
0.0584592
0.779316
0.4026
0.376488
0.37649
0.345405
0.283315
0.571638
1.13425e-14
0.376493
1.13424e-14
0.0294649
0.376488
0.37649
0.376487
0.030948
2.29424e-09
0.413438
0.114054
0.182379
2.81268e-06
0.0100306
0.153675
0.153674
0.0150536
0.669112
0.914449
0.757591
0.376489
0.62377
0.0447989
0.016401
0.720383
0.0494991
0.444331
0.530477
0.280423
0.530477
0.124025
0.376493
0.000489691
0.376496
0.0308765
0.104073
0.0300507
0.210105
0.376487
0.205614
0.376484
0.0670233
0.212048
0.0367215
0.300649
0.733731
0.896183
6.40351e-05
0.0992124
0.37649
0.610646
0.525904
0.46237
0.462379
0.923744
0.525902
0.00446274
2.6317e-12
0.483415
0.483418
0.266888
0.266883
0.752861
0.04489
0.866458
0.822616
0.720116
0.261987
0.774045
0.859397
0.454024
0.514427
0.454022
0.177334
0.167504
0.933478
0.0247734
0.0232557
0.261979
0.0932849
0.705149
0.912831
0.266885
0.266885
0.785942
0.797419
0.161322
0.100691
0.213687
0.00115027
0.0184334
0.00114632
0.967739
0.661764
0.249823
0.249821
0.227271
0.0169064
1.44798e-07
3.93852e-11
0.376488
0.00274719
0.00189223
0.0001592
0.376483
0.181502
0.195834
0.234316
1.1088e-05
0.143075
0.383765
0.376487
0.0906396
0.111988
0.172718
0.297996
0.489771
0.161273
0.230621
1.29676e-11
0.149479
0.164138
0.238328
0.140156
0.314987
0.261981
0.50257
0.502567
0.502573
0.502573
0.962883
0.376491
0.0492221
0.287809
0.771545
4.76445e-07
2.94102e-07
0.137986
0.0460707
0.244542
0.471196
0.471193
0.188439
4.90076e-05
0.14893
0.00016005
1.20662e-05
0.0151348
5.30517e-05
0.471203
0.0446658
0.0114895
0.379588
0.806679
0.336189
0.806682
0.0748895
0.376492
1.21661e-05
1.59459e-05
0.249478
5.28405e-07
0.11472
0.185652
0.830656
0.00440619
4.84125e-05
0.0583909
0.266878
0.0193416
5.58069e-13
0.757573
3.33857e-06
0.0012798
0.584959
0.0616023
0.460203
0.00135157
0.0039247
0.00057413
0.00141466
0.000386965
0.904031
0.130345
0.427967
0.011406
0.0573576
2.11938e-05
0.26405
0.231817
0.0659958
0.0192847
0.101103
0.208931
0.0435909
0.0486081
0.086712
0.65207
0.370161
0.370161
0.280987
0.525558
0.798022
0.484139
0.423745
0.117921
0.314756
0.301121
0.41345
0.446463
0.306874
0.314021
0.0542244
0.145998
0.243644
0.00570496
0.444331
0.444331
0.483414
0.00960359
0.0504347
4.50177e-09
3.6979e-12
7.49556e-12
0.159517
0.177922
0.208258
7.92079e-08
9.2106e-07
0.000321971
0.028728
0.001034
0.0135883
0.130785
0.0356339
0.736045
0.133636
0.376484
0.328287
0.765588
0.535868
0.419807
0.419807
0.376491
0.141219
0.0918229
0.270197
0.397701
0.397697
0.503463
0.109389
0.503471
0.503479
0.38973
0.389733
0.0420394
0.161273
0.161273
0.411213
0.411211
0.0590948
0.37649
0.541278
0.356953
0.222268
0.261976
0.261976
1.11682e-11
8.72752e-13
9.87949e-09
3.37915e-06
0.00104688
0.934106
0.615532
0.388894
0.0835158
0.34413
0.266888
3.41971e-07
1.47289e-06
0.847941
4.09787e-07
0.423012
0.427973
5.03767e-13
0.105201
4.18317e-13
0.376493
0.295274
1.32544e-07
0.133641
1.76307e-07
0.132618
0.000236823
0.175306
0.000236809
0.376484
0.114054
0.000141055
0.442273
0.000141067
0.000141055
0.376487
0.000236796
0.000509483
0.599104
0.187966
0.356491
0.000509442
0.30895
0.122069
0.376489
0.786791
0.133635
0.540514
0.0396898
0.483422
0.000236812
0.000509517
0.356489
0.344132
0.114054
0.000509537
0.00261927
0.172717
0.976299
0.133636
0.000178125
0.674328
0.133635
0.30894
0.422043
0.376487
0.351748
0.00122873
0.577991
0.37649
0.286012
0.0404564
0.00038582
0.00122876
0.133638
0.842069
0.293571
0.222823
0.112358
0.133635
0.454028
0.182108
0.261983
0.175311
0.361295
0.00191006
0.00138108
0.502255
0.320736
0.320736
0.114054
0.320736
0.320735
0.00384872
0.000385753
0.376484
0.422042
0.320736
0.464061
0.940481
0.320737
0.440865
0.548122
0.376491
0.502249
0.546701
0.0677831
0.0673616
0.300651
0.317619
0.376486
0.376486
0.408914
0.186971
0.133637
0.469388
0.300652
0.314023
0.384067
0.0738146
0.376491
0.571634
0.000522132
0.376487
0.376488
0.903983
0.376484
0.477981
0.376484
0.323352
1.41308e-07
0.289194
0.282208
0.0411392
0.00214057
0.376491
0.462377
0.185664
0.00164986
0.133637
0.426007
0.361289
6.56417e-05
0.0649658
0.328292
1.14094e-14
0.266899
0.262
0.00858465
0.239196
0.376502
0.927411
0.539266
0.114054
0.261983
6.22938e-05
0.261981
0.300648
0.537702
0.651539
0.600419
0.0034203
0.687312
0.039923
0.474395
0.00198876
6.44566e-11
0.462376
0.460726
0.651547
0.314952
0.426007
0.289195
0.502561
0.00490397
0.314948
0.168456
0.489479
0.344128
0.00439061
0.462376
0.00176858
0.376493
0.224242
0.261985
2.10602e-14
0.300653
0.00439024
0.466405
0.185661
2.1043e-14
0.430568
0.261976
0.00540561
0.00256741
0.539267
0.00451727
1.13195e-14
0.888254
0.00066165
0.539266
0.175307
0.617495
0.000604224
0.0360646
0.092947
0.00200691
0.00200691
0.261984
0.616927
0.307011
0.883299
0.376491
0.000604358
0.454037
0.224242
0.721581
0.888256
0.37649
0.888257
0.283309
0.361288
0.133635
0.978381
0.888261
2.10616e-14
0.00135129
0.00060419
1.40695e-10
0.888253
3.4025e-11
0.286924
0.72158
4.73457e-11
0.376491
0.721581
0.113753
0.00135134
0.000902093
0.134537
2.10887e-14
0.114054
1.13223e-14
0.114054
0.413452
0.293577
1.40951e-10
1.40951e-10
2.10795e-14
0.132618
0.239637
0.28729
0.888255
0.454022
0.000429645
0.308939
0.00042964
0.423745
8.33517e-11
0.618455
2.10403e-14
0.888254
0.287293
0.000429733
0.888253
0.256833
0.995652
0.721581
0.376489
0.597304
0.329939
0.376486
8.35472e-11
0.376493
0.721583
0.376494
0.000998248
0.806346
3.32366e-11
0.336208
3.40219e-11
3.31381e-11
0.239636
0.877564
0.261981
0.114054
0.287289
0.548112
0.72158
0.72158
0.175304
0.30701
0.0519284
0.175308
0.314021
3.00578e-05
3.00573e-05
0.384061
0.0246193
0.918848
0.384063
0.361289
1.38802e-05
0.0199259
0.716646
0.842072
0.0534274
0.537717
0.847385
0.417387
0.281654
0.175312
1.13306e-14
0.866453
2.57551e-05
2.57479e-05
0.321096
0.389727
1.04837e-11
0.376485
0.287288
0.77784
0.168356
0.440863
0.489471
0.489477
0.502248
0.37649
5.40802e-15
0.133636
0.000253621
5.40809e-15
5.41241e-15
0.483414
0.20546
5.4017e-15
0.376489
0.376492
0.376489
0.300653
0.376491
0.26199
5.70371e-08
0.302627
1.84771e-10
0.571634
0.72158
5.40205e-15
2.47193e-12
0.34453
0.261975
0.376484
1.10865e-14
5.40211e-15
5.39972e-15
0.425149
5.40034e-15
0.286924
0.287293
0.910281
0.47799
0.84207
0.133638
4.73107e-12
1.13317e-14
0.618456
0.460718
1.13076e-14
1.13286e-14
0.235732
0.721581
0.376491
0.300652
1.13422e-14
1.13422e-14
0.483425
0.419808
0.187966
0.218718
1.12195e-11
0.376488
0.376484
1.12983e-14
0.693902
0.376484
0.229261
0.192275
0.0904904
0.0233309
0.0225954
0.000694995
0.0247261
0.164225
0.376489
0.376491
2.66486e-14
2.66651e-14
0.376485
0.0584957
0.454023
0.247136
0.523386
0.246838
0.0163849
0.376495
0.0124903
0.415982
0.148819
0.134123
0.152899
0.84207
1.13113e-14
0.721581
0.376484
0.335495
0.626877
0.331406
0.22424
0.693847
0.00011829
0.175305
0.721581
0.0142233
0.721581
1.13201e-14
1.13136e-14
4.73299e-12
0.00027536
0.842072
0.72158
0.28729
0.978379
0.731042
0.604602
0.721581
0.376492
0.37649
0.483426
0.376493
1.13435e-14
0.114054
0.376489
0.376491
0.103973
2.73484e-12
1.1303e-14
0.000412145
1.13028e-14
0.000275307
0.537706
0.0337839
0.577992
0.303541
0.343297
0.84207
0.781665
0.361294
1.13098e-14
0.376491
0.175307
1.13283e-14
1.2907e-07
0.376485
0.419038
0.175308
1.13466e-14
0.721582
0.261987
1.13325e-14
1.13549e-14
0.842075
0.842075
0.425159
0.3977
0.000301135
1.07378e-08
0.883291
0.419799
0.00758467
0.00503092
0.132616
0.0103936
0.675058
0.950324
0.295258
0.000888155
0.259059
0.376491
0.295264
0.00338258
0.795357
0.242525
0.444336
0.295257
0.202879
0.125367
0.261982
0.381165
0.297994
0.300653
0.537528
0.747403
0.314953
0.427302
0.261984
0.889041
0.206021
0.571633
0.210346
0.319997
0.148402
0.066232
0.54918
0.608277
0.61748
0.264045
0.261978
0.977867
0.488717
0.287293
0.287294
0.111882
0.249875
0.376489
1.13725e-05
0.450555
0.175305
0.261978
0.618443
0.343303
0.244545
1.13558e-14
0.192284
0.161272
0.224243
0.266895
0.617495
0.72158
6.10267e-14
0.842069
0.540521
0.211183
3.11864e-06
0.771538
0.252644
0.651443
0.376484
0.842069
0.266881
0.376491
0.0751191
0.202869
0.69385
0.693849
0.000138542
0.205463
0.842071
0.376486
0.26398
0.261978
0.376488
0.77797
0.968307
0.178541
0.297996
3.53655e-14
0.456299
0.376494
0.17531
0.266182
0.360728
0.899474
0.415736
0.72158
0.899472
0.422044
0.617479
0.252645
0.161273
0.177922
0.422046
0.321098
0.72158
0.37649
0.376491
0.651546
0.0741341
0.419804
1.2831e-14
0.417374
0.376485
0.441121
7.23041e-11
0.462384
0.0126252
0.196192
0.29243
1.13523e-14
0.42386
0.205469
0.28165
0.000219922
0.571637
0.187965
0.376487
0.842067
0.236259
0.604588
0.376483
0.376486
4.01606e-13
0.344127
0.133636
0.721581
0.423749
0.43826
0.503477
0.467961
0.483423
0.376488
2.90381e-14
0.376485
0.24946
0.132617
0.425154
0.37649
0.376487
0.416727
0.175308
0.651558
0.41673
0.41673
0.302625
0.328287
0.000172315
0.0755809
0.454026
0.40891
0.618459
0.502239
0.261975
0.88329
0.234772
0.345405
0.883287
0.114054
0.6046
0.272224
0.336197
0.445618
0.578001
1.13193e-14
1.1327e-14
0.530468
0.712045
0.50256
0.407153
0.551748
0.416732
0.106448
0.361301
1.1402e-14
0.412541
0.272218
0.00467948
0.0572455
0.24982
0.604594
0.755902
0.679831
0.261976
0.295256
0.72158
0.502243
2.4165e-13
0.261979
0.175305
0.37649
0.118194
2.51726e-05
0.0719331
0.297995
0.289196
1.13236e-14
0.175308
0.883289
0.175305
0.00181546
0.502245
1.13401e-14
0.78851
0.17531
0.462376
0.583007
0.462386
0.376493
0.0457974
0.600427
0.286924
0.196187
1.13222e-14
0.525894
0.72158
1.13026e-14
1.13025e-14
0.36129
0.175304
1.13042e-14
0.842067
0.101707
0.106441
0.84207
0.396829
1.13095e-14
1.13266e-14
0.175307
0.114755
0.60255
0.175305
0.842068
3.4954e-14
3.49898e-14
0.577996
0.174812
0.325979
0.272222
0.175312
0.175312
0.272346
0.175307
1.1321e-14
0.321093
0.376488
0.422043
0.261976
1.12985e-14
0.192275
0.11375
0.72158
0.175306
0.221287
0.376491
0.338751
1.13233e-14
1.13206e-14
0.261981
0.48948
0.133637
0.117674
0.72158
1.13081e-14
0.0404556
0.376488
0.37649
1.13225e-14
1.13356e-14
0.423382
5.5884e-05
0.187966
0.376493
0.175309
0.376488
0.272224
0.951443
0.376488
0.376484
0.454022
1.12993e-14
2.41695e-13
0.564119
0.856822
0.666132
0.755903
2.42043e-13
0.175309
0.132619
0.261984
0.272225
0.755905
0.171479
0.142869
1.13064e-14
0.417374
0.376486
0.287292
0.867218
1.13446e-14
0.189308
0.617499
0.286927
0.721584
1.13643e-14
1.13219e-14
0.539267
0.779248
0.651545
0.175307
0.0404539
2.9205e-14
0.261976
0.307007
0.445614
0.175304
0.175306
0.503464
0.345408
0.345408
0.376491
0.548122
0.376488
0.114054
2.50176e-12
0.618717
0.175305
0.186967
0.236261
0.30065
0.302624
0.571633
0.400761
0.376492
0.408921
0.383773
0.674351
0.376493
0.328289
0.408919
0.454024
0.376488
0.376485
0.300648
0.376485
2.01442e-13
0.272224
0.502558
0.454026
0.229261
5.40864e-15
0.37649
0.489477
0.376491
0.132618
0.483423
0.712052
0.376489
0.175305
0.175305
0.325975
1.13361e-14
0.26689
1.13309e-14
0.742749
0.755904
0.389737
0.370529
0.0438895
0.321099
0.32321
0.376489
0.462359
0.376487
1.12789e-14
0.0404549
0.261973
0.361286
0.467958
0.72158
0.175306
0.376487
0.540529
0.32798
0.376491
0.578
0.293568
0.283314
0.376489
0.530475
0.376486
0.376486
0.283306
1.53365e-10
4.04299e-09
2.00356e-09
0.119785
0.257234
0.412472
0.376493
0.0094118
0.073626
0.31495
0.0875472
0.0113688
0.18358
1.33438e-14
0.680109
0.196183
0.72158
0.571632
0.755901
0.765443
1.15376e-05
0.37649
0.131833
0.757589
2.92607e-14
0.416725
1.13277e-14
1.13193e-14
0.454029
0.175305
0.175305
0.175305
2.93633e-14
1.13774e-14
0.940491
1.13715e-14
0.384069
0.965373
0.842078
0.414002
0.770396
0.189008
0.72158
0.321093
0.243402
0.46236
0.525894
0.0661727
5.54985e-12
0.23573
7.42657e-15
0.376487
0.965347
3.6782e-10
0.325978
4.88063e-14
0.000372814
0.411208
0.175309
0.32171
0.503476
0.540516
0.376486
0.281647
0.530473
0.376491
0.721581
0.266888
0.28165
0.281653
0.15217
0.376493
0.281651
0.114054
2.07676e-13
2.92385e-14
0.321096
0.161272
0.725719
0.213686
0.179603
0.774921
0.376484
0.537706
0.460719
0.329943
0.37649
0.767791
0.376491
0.376488
0.137541
0.286011
0.993278
0.993275
0.419801
0.376485
0.993277
0.548125
0.993277
0.993281
0.376491
0.376495
0.232266
0.993284
0.376491
0.993278
0.37649
0.293566
0.267124
0.41252
0.376484
0.651539
0.267119
0.344128
0.0308277
0.842069
0.32994
0.376491
0.292429
0.404849
4.0657e-06
0.117571
1.67383e-07
0.261982
0.640747
0.376486
0.0366473
0.550213
0.175307
0.791567
1.67255e-05
0.389733
1.13251e-14
0.376493
0.344132
0.600436
1.13218e-14
0.577994
0.771554
2.82984e-05
0.0034765
0.314016
5.28039e-14
0.235742
0.455167
1.13129e-14
0.0304413
0.434953
0.436906
2.81491e-13
0.293572
0.0352181
0.000144479
0.762727
0.361296
0.376489
0.266885
0.548114
0.376486
0.0352161
0.342725
0.376493
1.464e-08
0.376494
0.743141
1.13643e-14
0.71207
1.21936e-08
0.462377
0.699833
0.37649
0.408913
0.0411537
1.21669e-08
1.13004e-14
7.70805e-09
1.13008e-14
0.511607
0.222073
0.328287
0.0375617
0.600431
0.600431
0.191958
0.0247107
0.249463
0.41247
0.137538
0.261983
0.454023
0.376486
3.99524e-11
2.58953e-05
0.0352181
0.287291
7.71957e-09
1.13289e-14
0.483426
0.0228108
0.0352193
4.30033e-05
0.376489
0.604603
4.29923e-05
0.035217
7.70845e-09
0.261977
7.70839e-09
0.0352154
0.412465
0.321088
0.376487
1.71636e-05
0.41738
0.462375
2.23818e-11
0.468507
2.53456e-10
0.216417
0.236263
0.376489
0.185662
0.376485
0.57395
0.376489
0.489481
0.454028
0.573963
0.376491
0.177936
0.361298
0.376494
0.251414
0.26402
0.37649
0.376487
0.103589
1.55765e-05
2.29791e-05
4.19738e-05
0.000814475
0.0286729
0.0181972
0.178564
0.571632
0.408917
0.18683
0.462377
0.00181284
0.164222
0.00514157
1.13224e-14
0.651443
0.423011
1.13082e-14
0.00283385
0.242995
0.169542
0.376892
1.13363e-14
0.673691
0.376493
0.000121179
4.81205e-09
0.000189204
0.627522
0.084944
0.36129
0.00283398
0.30262
0.604588
0.376484
0.502238
0.28729
0.297992
0.571632
0.267123
0.314952
0.460726
0.417381
0.329943
0.329941
0.376492
0.674337
1.13272e-14
0.386234
0.261978
1.13064e-14
1.14259e-14
0.00134756
0.000531432
0.30066
0.702992
1.00457e-08
1.14467e-14
0.376506
0.376491
0.438257
0.67434
1.13113e-14
0.376488
0.261976
0.376484
1.13002e-14
0.252644
1.13104e-14
1.12982e-14
0.114055
0.376487
0.00274386
1.13224e-14
0.37649
0.000189202
0.384062
1.58978e-05
0.537237
0.00166728
1.131e-14
0.135448
0.261978
1.13297e-14
0.616924
0.187965
0.411211
0.664714
1.13436e-14
0.712063
1.13432e-14
1.13244e-14
1.13112e-14
0.0371336
0.00630748
0.308946
0.673691
0.328285
0.571629
9.34459e-05
9.34591e-05
3.21902e-07
1.82858e-07
2.59734e-07
1.82926e-07
3.04549e-13
1.13196e-14
0.42375
1.82884e-07
0.617495
2.59829e-07
0.0043536
1.13052e-14
0.0371227
0.000121133
0.175308
7.07606e-05
0.376489
0.261987
0.236267
0.617504
0.00012119
0.617504
0.286012
1.1311e-14
0.600431
0.502563
0.376488
0.364925
0.325974
0.754267
0.300647
0.0735827
1.01428e-08
0.32994
0.462365
0.205465
5.41037e-15
5.41037e-15
7.81017e-05
0.577994
0.00799581
2.11102e-10
0.32692
0.249814
0.148659
0.329939
0.376488
0.376491
0.345405
0.376491
0.425157
0.990535
0.314953
0.376493
0.712058
0.616918
0.425158
0.42515
0.132618
0.61748
0.564111
3.11859e-09
0.132616
0.291613
1.43845e-13
0.383765
7.47181e-14
0.376491
0.292429
0.28221
0.00630789
7.69411e-05
0.438262
7.48316e-14
0.1349
0.286921
4.55211e-09
0.261978
1.49867e-13
1.50012e-13
0.31402
0.492433
0.289868
0.267136
0.754274
0.540548
0.314952
0.175306
0.300652
0.000493357
0.445618
0.445609
0.397696
0.300648
0.742745
0.010392
0.743138
0.617486
0.0334459
0.261984
1.13239e-14
0.0574733
0.502569
0.307011
0.548124
1.13206e-14
8.5338e-05
1.13076e-14
0.502241
0.261978
0.376488
0.376491
0.743139
0.301322
0.462379
0.185986
0.578007
0.931453
5.97705e-08
0.61845
3.56449e-09
0.126418
0.376488
0.530467
0.170147
0.548112
0.471192
0.25141
0.323208
0.158771
0.684319
5.77379e-07
1.13034e-07
0.502568
0.236266
0.539266
1.13051e-07
0.261981
0.300651
0.261978
0.702736
0.651443
0.261984
0.167655
0.167653
0.425163
0.947243
0.376494
0.376494
0.175312
1.13215e-14
0.376488
0.287292
0.283306
0.114054
1.12948e-14
6.12176e-07
1.12948e-14
3.62177e-09
0.261978
0.617481
0.600424
0.283306
6.12583e-07
0.00298821
0.164225
0.376491
0.438257
1.13306e-14
1.13232e-14
0.671731
0.361289
0.289861
1.13076e-14
1.13281e-14
0.460726
0.376487
0.376491
0.384063
1.83579e-11
0.187966
0.571643
0.578
1.13088e-14
0.376491
0.376487
1.13187e-14
0.131829
0.546694
0.376484
0.376484
0.289862
0.674327
0.188004
0.548115
0.37649
0.37649
1.13228e-14
1.1322e-14
1.13114e-14
0.651202
1.132e-14
0.462375
0.264017
5.35248e-07
0.261978
1.13647e-14
0.617506
0.617499
1.13727e-14
0.525911
0.397711
1.3475e-07
1.136e-08
1.13223e-14
5.78387e-09
5.78611e-09
0.30065
1.13164e-14
1.12994e-14
0.376484
0.376484
1.34518e-07
0.617485
0.231377
1.89927e-07
0.462364
0.462376
0.289867
1.13514e-09
0.376491
0.376489
0.376492
0.261982
0.226539
0.672029
0.369154
0.226533
0.900756
0.52632
0.164116
0.411211
0.067438
0.361297
1.08895e-11
0.161273
0.573962
0.389731
2.48747e-13
0.38973
0.226537
0.792408
0.226531
0.138019
1.13422e-09
3.27044e-07
0.22653
3.27005e-07
0.674331
0.37649
0.37649
0.600431
0.321099
8.03938e-09
0.425159
0.425154
0.489477
0.244097
0.616913
0.376485
0.376489
0.423018
0.376893
0.0453449
0.314952
0.13299
0.0107048
0.460733
0.314021
0.489474
0.546705
0.302622
0.192279
0.295255
0.321088
0.757573
0.757572
0.0284179
0.0756533
0.249462
0.300646
0.41247
0.23375
0.712056
0.376491
0.376488
0.755794
0.30065
0.376489
0.00701533
0.376485
0.376485
0.287291
0.00157949
0.226536
0.376491
0.462376
0.185669
0.226543
0.283807
3.55979e-10
0.0335333
0.37649
0.226534
9.92224e-07
0.22653
0.577987
0.220916
4.21573e-18
3.24544e-07
0.689181
0.314949
0.261978
0.384978
0.376491
0.689182
1.11337e-06
0.757586
6.06427e-07
0.376489
6.06353e-07
6.06116e-07
0.689181
3.63663e-09
1.29265e-09
5.11945e-09
0.933058
0.0281997
0.412472
4.75408e-08
0.0764523
0.57397
0.412529
0.376488
0.618448
0.261979
1.23272e-10
0.376484
2.9494e-08
0.376484
0.879783
2.9503e-08
0.61748
2.95007e-08
0.261979
1.13248e-14
0.261984
0.226539
9.55267e-09
0.292425
0.376491
0.454027
5.56002e-09
0.00137885
0.114054
0.176279
1.26871e-08
6.37658e-07
1.13244e-14
0.146144
0.336197
0.140093
3.3178e-09
0.438264
2.58222e-14
0.194264
0.00834315
0.616916
0.616918
0.616911
0.376485
0.151954
9.40237e-05
0.389729
0.210707
0.237881
0.573951
0.416726
2.58015e-14
1.13197e-14
0.185666
0.749858
0.126729
0.234424
0.156798
0.376485
0.546696
0.261978
0.0757939
0.210107
0.0596558
0.781407
0.376491
0.10833
0.295272
0.548129
0.329943
0.618453
0.484183
0.575784
0.571633
0.445608
0.462358
7.76961e-10
0.169225
0.454024
0.878424
0.376487
2.94989e-08
0.8985
0.617494
0.617494
0.75759
0.22424
0.376491
0.132618
0.376489
0.460718
0.376486
0.261978
0.880293
0.376491
0.564123
0.169036
0.423749
0.224242
0.111203
0.224242
0.376491
0.22424
0.617494
0.42515
0.116917
0.425143
0.321088
0.185661
0.651538
0.537706
0.445609
0.261979
0.376487
0.37649
0.423749
0.37649
0.376491
0.302623
8.20073e-08
0.689181
0.376489
0.176279
0.323349
0.57163
0.416732
5.57272e-09
0.266896
0.344135
0.423758
0.262001
0.592105
0.30897
0.651554
0.71205
0.261983
0.617486
0.530472
0.22653
0.261976
1.13005e-14
0.376484
1.13112e-14
0.376484
0.617486
0.416723
2.37566e-12
5.55886e-09
0.321099
0.261984
0.423747
0.617496
0.617489
0.226539
0.880293
1.13098e-14
1.13098e-14
1.13294e-14
0.286923
1.13225e-14
1.13392e-14
1.13272e-14
1.13443e-14
1.13442e-14
2.58549e-14
1.13259e-14
1.13132e-14
1.13274e-14
0.617486
0.462371
0.525894
1.13027e-14
0.617481
0.376484
1.13138e-14
0.376484
0.376487
1.12987e-14
0.689182
0.567452
0.771553
0.617494
0.462369
0.422052
0.376488
0.249465
0.261978
0.376485
0.300649
0.425158
0.376492
0.541281
0.300653
0.771557
0.286927
0.175312
0.185671
0.30895
6.10378e-05
0.0233554
0.95411
0.929197
0.929193
0.296662
3.819e-08
0.617479
0.617485
0.261976
0.314018
0.502242
0.124022
0.376491
0.0724152
1.01162e-14
0.114054
0.550225
0.376489
1.13275e-14
0.618456
1.13069e-14
1.13068e-14
0.617488
0.336198
0.0234229
6.57386e-05
0.42205
0.600436
0.676515
0.978549
0.376491
0.689181
0.617494
0.264912
0.376488
0.376484
0.0804965
0.22653
0.376484
0.376487
0.376484
0.617486
0.202203
0.0539315
0.617493
0.425157
0.995447
0.61749
0.689182
0.617489
0.617491
1.13067e-14
0.297993
0.376486
0.617495
0.376493
0.689184
0.376494
1.13461e-14
0.376496
0.617507
0.192287
0.454031
0.361292
0.295263
0.249461
0.617488
0.307008
3.51567e-15
0.376484
0.264906
0.376486
0.235729
0.689181
0.286922
0.167245
0.689182
0.229626
0.651552
0.308945
1.13286e-14
1.13215e-14
0.617492
1.13091e-14
0.617484
0.376486
0.226537
0.124022
0.689182
0.376493
0.0385136
1.13525e-14
1.13526e-14
0.376494
0.376493
0.37649
0.438263
0.689181
0.210103
0.489469
0.376485
0.261976
0.651538
0.376487
0.425143
0.261979
0.483415
0.261983
0.261983
0.261983
0.261984
0.261981
3.73187e-09
0.376488
0.376489
0.540514
0.153887
0.440923
0.361292
0.932883
0.423848
0.361296
0.93243
0.42386
0.361298
0.42386
0.361295
0.423844
0.000816182
0.0198742
0.127327
0.423833
0.617478
0.286919
0.376483
0.376486
0.24442
0.327821
0.592066
0.327824
0.261984
0.412529
0.261984
8.85138e-09
0.663763
0.423015
4.79217e-06
1.54556e-14
0.623192
0.307009
0.903393
0.251416
0.325976
0.329943
0.180832
0.112625
0.376493
0.17272
0.327824
0.26198
0.220924
0.187222
0.267125
0.61691
0.261976
0.22653
0.376484
1.1314e-14
0.548111
0.530471
0.416723
0.292429
0.328289
0.462376
0.210107
0.327821
0.483423
0.502246
0.502247
0.186967
0.67173
0.689181
0.376492
1.13784e-14
0.376492
0.420132
1.13643e-14
0.165001
0.226553
0.218812
0.376491
0.0231404
0.462375
1.13109e-14
0.261981
0.376889
0.376484
0.264908
7.13629e-14
0.376487
0.308939
0.564119
0.114055
0.302624
0.226539
0.987575
0.32829
3.35503e-12
0.376492
0.408914
0.261984
8.46979e-06
9.15478e-06
8.4063e-14
0.940736
0.376491
0.76544
0.712059
8.41683e-14
8.42814e-14
0.6175
0.765431
0.22654
8.4069e-14
0.177922
0.32321
0.308946
0.336428
0.23731
0.170378
0.0366922
0.338801
8.39762e-14
0.617485
0.376486
1.33324e-08
0.226538
0.577998
0.840295
0.940732
9.10901e-09
0.825854
0.260626
0.308941
0.242521
0.376485
0.172717
0.940741
0.308948
0.287293
0.376491
0.940744
8.43467e-14
0.29358
0.261985
0.114054
0.940734
0.23573
0.266882
0.530466
0.261976
0.0764447
0.469783
2.66559e-08
0.314948
0.940731
0.000677611
0.940735
0.445624
0.57396
0.192281
0.177922
0.192282
0.765439
0.618448
9.89727e-12
0.153919
0.00322336
0.422047
0.282209
0.442278
0.604602
0.412528
0.376493
0.445631
0.376493
0.578
0.376488
0.389733
0.277448
0.30701
0.336186
0.293562
1.10894e-11
0.000222849
0.462367
0.940727
4.37838e-08
0.462364
0.689182
0.376491
0.712056
0.247299
0.765439
0.689182
0.177921
0.376894
0.170148
0.689181
0.617485
0.445628
0.447011
1.97548e-11
0.423753
0.389735
0.389738
0.344134
0.222645
2.80206e-05
7.67756e-12
0.461608
0.175306
0.376488
0.325974
0.817799
0.000624182
0.689181
4.9633e-09
0.00254924
0.376487
0.376487
0.264919
1.97344e-11
0.899477
0.376491
1.73815e-07
7.68676e-12
0.192279
0.133637
0.423743
0.267122
0.172715
0.755927
0.166409
0.14478
4.00668e-08
0.00299007
4.82213e-05
0.530482
0.131835
0.530479
0.22424
0.314953
0.31495
0.870171
0.114054
0.23626
0.00243413
0.161272
0.249462
0.323208
3.09586e-08
3.09523e-08
0.175308
0.617492
0.000579923
0.0371787
0.621421
3.09798e-08
0.548118
0.445622
0.712044
0.376485
0.114054
1.97475e-11
0.156345
1.36049e-13
0.000504397
0.42375
0.177922
0.689184
0.236271
5.91447e-08
0.757583
0.261983
0.161272
0.376487
0.445608
0.261975
0.325974
0.651537
0.651543
0.376484
0.114054
0.192277
0.67173
0.765437
5.91507e-08
0.376491
0.00149929
8.02031e-12
0.489475
0.261983
0.000673836
0.411205
0.395937
0.219415
0.329943
0.376488
0.369529
0.219419
0.376493
0.376493
0.412532
0.3211
5.91201e-08
0.229009
1.04165e-11
0.376488
0.564971
0.177921
0.526202
0.376484
0.412465
0.345402
0.412465
0.412465
0.376491
0.502569
0.442282
0.57164
0.336193
0.336198
0.389731
0.389731
0.9294
0.844875
0.40694
0.376496
0.376499
0.503502
0.929214
0.361302
0.828533
0.707575
0.361305
0.148212
0.503469
0.868001
0.376487
0.42797
0.376484
0.314016
0.314016
0.454021
0.314018
0.454021
0.314018
0.314018
0.261984
0.757589
0.530476
0.376491
0.229771
0.573962
0.305388
0.573958
0.376486
0.376486
0.573951
0.573955
0.57396
0.376487
0.548124
0.261984
0.548127
0.548127
0.0793753
0.157507
0.908935
0.376491
0.0220043
0.0882665
0.502559
0.00153023
3.00801e-07
1.03847e-07
0.000119738
0.166153
2.20847e-07
0.286921
0.325978
2.20945e-07
0.37649
4.03087e-07
3.9389e-05
5.06371e-11
0.336193
0.376489
0.376486
0.0876929
0.48327
0.48328
0.176289
0.176285
0.462384
0.136189
0.765428
0.616932
4.71601e-12
0.376491
0.413446
8.26572e-08
0.26198
2.64294e-08
0.376484
0.564111
7.67261e-12
0.187965
0.376487
0.454022
0.000144854
0.192277
0.765437
0.0208013
2.64363e-08
0.376491
0.617489
0.617496
0.540523
2.64387e-08
0.173336
2.64219e-08
0.161272
0.119783
1.62584e-12
1.3656e-08
0.364933
0.947245
0.261988
4.29289e-12
0.907688
0.307013
0.376488
0.000111777
4.28459e-12
0.000176936
4.28145e-12
0.617481
8.7e-08
0.765447
0.173338
0.114054
0.524509
0.055776
0.185666
0.525903
0.376491
0.0208015
0.000450762
0.413455
0.137195
0.205464
0.376486
0.000866461
0.132617
0.617495
1.13606e-14
0.37649
0.45034
0.617499
0.385214
0.314955
0.314955
7.13197e-05
0.503468
0.423016
0.314018
0.577994
0.321088
0.423742
0.540509
0.287288
0.0356819
0.67173
0.314018
0.65146
0.252647
0.00808026
2.40897e-14
0.376491
0.36493
0.782769
0.261982
0.287291
0.416722
0.114054
0.425148
0.376488
0.242527
0.376487
0.502573
0.133638
0.176575
0.376494
0.376494
0.235733
0.503473
0.376492
0.471197
4.26506e-10
0.114054
1.49933e-10
0.0345977
0.376484
0.175306
0.0125505
0.422046
0.376486
0.489477
0.676489
0.571638
0.43826
0.404844
0.210106
0.462371
0.0410169
0.00156532
0.217706
0.0203702
0.251414
0.41253
0.617491
0.462384
0.175309
0.00156567
0.376494
0.771566
0.0410177
0.00233255
0.00233262
0.0410162
0.376487
0.242519
1.73457e-12
0.00156524
0.0398941
0.282207
0.952599
1.73608e-12
0.0410162
0.502249
0.445625
0.618447
0.00156551
0.138285
0.00156554
0.00156545
0.00156547
0.00156532
0.438254
0.00156532
1.91228e-09
0.185667
0.0015654
0.00911528
0.397702
0.540537
0.712062
0.187966
0.45818
0.383842
0.734476
0.00371007
0.28601
0.0847895
0.461427
0.132616
0.132616
0.397698
0.2101
0.132617
0.30065
0.651552
0.161273
0.37649
0.16339
0.376489
6.82708e-07
0.169806
0.293571
0.404838
0.600422
0.282207
0.155207
0.104039
0.231386
0.00344779
0.0345083
0.155214
0.0261717
0.242536
0.149072
0.00344695
0.37649
0.0384873
0.0384874
0.141336
0.0384861
0.325974
0.266688
0.674332
0.038486
0.376487
0.114055
0.42205
0.37649
0.0681541
0.689181
0.104033
0.307013
0.134603
0.0384882
0.502562
0.0384869
0.0384869
0.767728
0.454031
0.404843
0.038489
0.757589
0.0384898
0.02617
0.564141
0.0384892
0.235731
0.038489
0.426005
0.376488
0.502559
0.465678
0.307008
0.460716
0.540517
0.261976
0.539267
0.0384871
0.0384886
0.88562
0.416727
0.242527
0.0261682
0.0261693
0.110228
0.0261686
0.552229
0.0261672
0.344126
0.0384879
0.261987
0.376488
0.0384892
0.183206
0.099215
0.54813
0.598014
0.262238
0.454027
0.387026
0.376487
0.124019
0.425143
0.300642
0.11121
0.483412
0.483416
0.788508
0.412525
0.642943
0.376491
0.408917
0.567452
0.785796
0.483418
0.483423
0.604597
0.336195
0.472012
0.376486
0.376486
0.376488
0.37649
0.548117
0.194613
0.0833901
0.885625
0.114054
0.952607
0.0384889
0.104032
0.0888567
0.300647
0.149068
0.149065
0.835562
0.46236
0.462358
0.0334459
0.0384862
0.0230136
0.265949
0.413452
0.425158
0.194799
0.123168
0.00464594
0.376492
0.038488
0.940565
0.0384867
0.0314253
0.0314253
0.361294
0.867992
0.150114
0.489484
0.149072
0.149075
0.056375
0.0452127
0.376491
0.865541
0.283312
0.30065
0.771548
0.0314249
0.376484
0.0384861
0.454021
0.0314256
0.0314248
0.185663
0.133636
0.52536
0.286924
0.37649
0.286924
0.651547
0.422052
0.328288
0.376489
0.600423
0.161272
0.376486
0.38973
0.376491
0.674335
0.345409
0.489478
0.261989
0.564143
0.618439
0.376492
0.573957
0.376492
0.0314257
0.031426
0.031425
0.462361
0.525894
0.0205244
0.266881
0.30262
0.187587
0.616914
0.47519
0.973428
0.619728
0.147698
0.445617
0.850062
0.376488
0.149069
1.13859e-06
0.149066
0.0384865
0.012933
0.0314272
0.3977
0.0384892
0.107932
0.031428
0.031428
0.031428
0.618448
0.149069
0.0314265
0.0384872
0.26198
0.329938
0.0457012
0.445608
0.149065
0.376486
0.376484
0.149068
0.283306
0.149071
0.0274713
0.0314268
0.0314269
0.149069
0.038489
0.376488
0.413451
0.0261672
0.663763
0.214918
0.286922
0.286924
0.261981
0.571639
0.308948
0.149073
0.149073
0.149073
0.663763
0.462369
0.868
0.0944348
0.329941
0.107192
0.149065
0.571627
0.389726
0.261979
0.149066
0.163268
0.0366786
0.242527
0.242527
0.307012
0.114054
0.266883
0.0833911
0.444334
0.149069
0.0314252
0.376485
0.68345
0.965899
0.934465
0.476803
0.145962
0.423758
0.427988
0.798657
0.427987
0.427974
0.293567
0.412528
0.249461
0.149068
0.149066
0.000845925
0.0290253
0.104028
0.000243658
0.190807
0.771544
0.261978
0.37649
0.15455
0.149071
0.149071
0.000226942
0.696921
0.110228
0.0118726
0.70781
0.771542
0.057404
0.0900823
0.141342
0.261981
0.000286565
0.000286542
0.376493
0.0590482
0.24253
0.0205589
0.130659
0.161273
0.412524
0.155203
0.618458
1.05376e-10
0.261977
0.467956
0.404841
0.788508
8.29402e-15
0.23138
0.37649
1.61087e-09
0.336196
0.69271
0.530473
0.454031
0.548119
0.261983
0.314948
0.743764
0.376485
0.376489
0.674346
2.58343e-12
0.412531
1.13339e-14
2.26656e-14
0.376495
0.0163688
4.15844e-12
0.546701
0.169006
0.376487
0.00033117
0.676489
0.834225
0.148185
0.345052
0.454024
0.0819585
0.000745548
0.502562
8.64408e-15
2.23253e-15
0.564131
6.08218e-11
0.663763
0.0454101
6.082e-11
6.08371e-11
0.265947
6.07763e-11
6.0777e-11
0.617488
0.705198
0.00033117
0.141342
0.307012
3.07013e-14
3.07018e-14
0.0777584
0.300653
0.571634
0.462377
0.300647
0.0777542
0.376484
0.537702
0.376484
0.0017754
0.618455
0.595732
0.705203
0.376487
0.45403
0.412469
0.000514574
0.412529
0.61749
0.0222843
1.47993e-10
0.000719396
2.93957e-10
0.0007193
2.93954e-10
0.935075
0.000479468
9.39164e-05
0.0858188
0.422054
0.158022
4.44332e-15
0.292439
0.454031
2.59768e-13
0.0107673
0.177921
0.177921
0.483452
1.47839e-10
5.95612e-14
0.376483
0.411206
0.445608
0.344128
0.143596
0.397702
0.546705
0.323357
8.26244e-11
0.672864
0.000499082
0.175307
0.376489
0.261978
0.265948
0.546697
0.23573
0.187965
0.00327039
0.329945
0.254736
0.885589
0.416731
0.389737
0.361297
0.000880288
0.885584
0.804544
0.571635
0.46236
0.132477
0.148185
0.321088
0.123232
0.376484
0.489472
0.292422
1.71541e-13
0.307012
0.161273
0.416727
0.376488
0.185667
0.376488
1.79856e-09
0.376486
0.712045
0.376485
0.426007
0.287293
0.376489
0.855229
0.867998
0.214848
0.962961
0.376494
0.329943
0.000717371
0.000717384
0.112763
0.0819588
0.0819581
0.000717261
0.546692
0.376482
0.192276
0.376485
1.7139e-13
0.0970181
0.412529
0.672059
0.762368
0.376491
0.376488
0.442283
0.112766
0.112767
0.376486
0.757578
0.14554
0.384061
0.12661
0.297993
0.847033
0.444337
0.11277
0.11277
0.11277
0.743141
0.0150725
0.177922
0.112764
0.376488
0.604588
0.134042
0.376484
0.134042
0.0764806
0.300648
0.537707
0.28601
0.175308
0.789443
0.134048
0.616924
0.268943
0.134049
0.376488
0.962961
0.444331
0.314948
0.376486
0.134049
0.134052
0.38521
0.462398
0.423754
0.134054
0.134054
0.134054
0.175309
0.503468
0.286924
0.134045
0.134045
0.265945
0.134042
0.571628
0.261975
0.134044
0.376484
0.134045
0.445613
0.148191
0.000177302
0.142952
0.205465
0.323354
0.757593
0.376489
0.355052
0.308942
0.175306
0.175306
0.175308
0.175309
0.175307
0.134049
0.134048
0.261988
6.4264e-14
0.234983
0.32558
0.376488
0.127478
0.292424
0.0360173
0.231378
0.0382989
0.817801
0.651538
0.651544
0.376484
0.376487
0.0411693
0.192281
0.133801
0.915089
0.712056
0.570236
0.192873
0.92109
0.292428
0.292421
0.180534
0.376486
0.541282
0.875474
0.133637
0.59269
0.130118
0.000130759
0.282212
0.355058
1.13239e-14
0.376488
0.175308
0.175306
0.0819591
6.40238e-14
0.175304
0.949605
0.134042
0.376486
0.134042
0.35505
1.13025e-14
0.663763
0.397702
0.355054
0.175309
0.355051
0.175309
0.355052
0.175308
0.0764457
0.497674
0.302621
0.35505
0.376491
0.376487
0.17531
0.175308
0.428755
0.13405
0.13405
0.355055
0.0261045
6.29995e-05
0.198718
0.870622
0.376484
0.115957
0.118513
0.180393
0.194723
0.355047
3.12662e-14
0.28601
0.175309
0.281639
0.175309
0.929316
0.376489
0.0467894
0.0874372
0.600231
0.965583
0.621715
0.256329
0.256335
0.210108
0.427973
0.712064
0.718257
0.361299
0.376496
0.249475
0.707576
0.859392
0.37649
0.25141
0.251411
0.251407
0.460717
0.376889
0.502238
0.502243
0.502239
0.376487
0.502242
0.502248
0.502248
0.502248
0.376491
0.600426
0.0819599
0.771549
0.266885
0.535232
0.376485
0.0781959
0.788511
0.200208
0.134045
0.483424
0.187966
0.389736
0.13405
0.210109
6.56023e-05
0.376489
0.134049
0.416723
5.54012e-09
0.454022
0.134043
0.360156
5.53574e-09
0.462367
0.454021
1.15626e-09
5.53538e-09
0.134047
1.76497e-05
3.41113e-14
0.376491
2.66466e-10
0.502569
5.53963e-09
0.376489
5.53667e-09
0.525201
0.278717
0.412468
6.42872e-14
5.5424e-09
0.188771
6.4206e-14
0.454036
6.43074e-14
1.76552e-05
0.842071
6.40874e-14
0.454029
0.133636
0.134045
1.12978e-14
0.175304
0.41672
0.0856468
0.134044
0.000668434
1.00007e-08
0.261979
0.376491
0.210106
5.69084e-09
0.462377
0.0819593
0.438261
0.5259
0.419806
6.40796e-14
3.28432e-05
0.689854
0.412525
0.493677
0.868003
0.454032
3.271e-14
0.95145
7.8952e-14
0.462386
0.376491
0.868004
7.88337e-14
0.435932
0.46237
0.868009
0.287289
0.460716
0.376484
0.376487
0.376484
0.103539
0.376487
0.489478
0.467965
0.08196
1.13222e-14
0.422048
0.867999
0.571636
0.132618
0.0856484
0.564116
0.868007
0.460739
0.462417
0.712077
0.161272
5.72873e-05
0.2873
0.274702
0.262006
0.867999
0.868004
1.47102e-13
0.376487
0.244544
0.286009
6.40392e-14
0.404836
0.445608
0.989575
0.462359
0.0856495
0.376487
0.376491
0.530476
0.231384
0.12449
0.548477
0.000312402
0.219128
0.293571
0.462365
0.00642324
0.462365
0.244989
0.37649
0.438256
6.81923e-10
0.30973
0.376493
0.376493
0.177122
0.0128807
0.22424
0.376491
0.133636
0.133637
0.133635
0.133635
0.0105691
0.133635
0.525201
0.183809
0.328286
0.23573
0.133637
0.308948
0.19483
0.133638
0.464091
0.43362
0.404845
0.460725
0.133635
0.300645
0.137326
0.0376622
0.413459
0.231819
0.376492
0.376491
0.00435405
0.524986
0.0969476
0.12449
0.0927344
0.369808
0.502244
0.235731
0.261976
0.454021
0.178713
0.454021
0.333274
0.00556707
0.133636
0.178717
0.110641
0.000624395
0.333269
0.333269
0.58121
0.264734
0.00251615
0.210104
0.376485
0.333274
0.344127
0.167872
0.00368192
0.160015
0.618445
0.160014
0.167873
0.167873
0.502573
0.0124709
0.101124
0.160014
0.376487
0.252646
0.218899
0.101125
0.297992
0.22852
0.000352131
0.122684
0.376487
0.376487
0.540527
0.167874
0.408917
0.43505
0.138718
0.266887
0.194797
0.344129
0.0325582
0.462364
0.132617
0.1574
0.376493
0.10052
0.768413
0.376493
0.643549
0.47121
0.376496
0.0238968
0.376488
0.37649
0.244577
0.325976
0.537702
0.107192
0.032783
0.459369
0.048655
0.277865
0.444333
0.251246
0.577999
0.573959
0.143127
0.600432
0.376488
0.133638
0.178719
0.464092
0.464086
0.401178
0.525201
0.46409
0.133638
0.464089
0.00108358
0.564133
0.908144
0.160011
0.859398
0.00388314
0.21736
0.160013
0.630371
0.325782
0.423742
0.376485
0.630366
0.502238
0.471196
0.160019
0.133636
0.525201
0.968305
0.137332
0.00244346
0.0024435
0.591721
0.376491
0.119439
0.630374
0.525201
0.564116
0.259319
0.0350004
0.376492
0.618448
0.376492
0.287293
0.525199
0.571646
0.927154
0.101091
0.423746
0.376489
0.000501645
0.308944
0.308938
0.261975
0.376484
0.412461
0.771542
0.577988
0.503467
0.376487
0.571639
0.0304824
0.236266
0.06378
0.120577
0.422052
0.422049
0.053156
0.136432
0.376486
0.489471
0.00514144
0.108518
0.77925
0.376491
0.530475
0.248257
0.00011232
0.00119631
0.259327
0.133636
0.385208
0.259322
0.376488
0.425143
0.525202
0.00057603
0.006367
0.259321
0.376484
0.259321
0.00636738
0.160015
0.261984
0.172303
0.376491
0.483419
0.483423
0.781639
0.423015
0.250754
0.165846
3.8514e-05
0.259329
0.00842295
0.279077
0.769109
0.101318
0.427855
0.0552857
0.376498
0.0819601
0.405463
0.0255123
0.133636
0.858393
0.0676272
0.376484
0.376484
0.653107
0.000231209
0.269483
0.00023121
0.364678
0.302624
0.269488
0.364678
0.565669
0.000231224
0.00106917
0.133637
0.159037
0.000231208
0.133636
0.287163
0.000375147
0.00107879
0.133636
0.214212
0.133638
0.000375206
0.00107887
0.00107887
0.00264192
0.471199
0.471203
0.000375131
0.303897
0.345403
0.616362
0.00041464
0.303896
0.000375127
0.133635
0.235731
0.376486
0.0496238
0.0819599
0.133637
0.133638
0.0819594
0.133638
0.000375146
0.345406
0.129324
0.00107862
0.133635
0.95703
0.133639
0.000414705
7.08906e-14
0.323213
0.303899
0.376495
0.000375226
0.266886
0.816976
0.0819598
0.000655948
0.114054
0.133635
0.303896
0.60042
0.00107858
0.249461
0.133635
0.0613692
0.133636
0.00117954
0.297996
0.129325
0.133638
0.573955
0.164225
0.129325
0.133637
0.133635
0.323208
0.00107863
0.000375142
0.841748
0.0845601
0.361295
0.45403
0.133639
0.133639
0.133639
0.616363
0.80132
0.581731
0.132214
0.00037514
0.129323
0.303896
0.238862
0.354177
0.0819589
0.000375098
0.193128
0.000375121
0.000375171
0.000375171
0.9189
0.133638
0.00037515
0.376492
0.376489
0.622629
0.376486
0.114054
0.169653
0.10423
0.425168
0.225573
0.735494
0.712062
0.391445
0.391445
0.391445
0.740294
0.0512097
0.846539
0.13183
0.38973
0.389727
0.133635
0.376484
0.0019736
0.00665519
0.000134423
0.0488966
0.000375123
0.000375169
0.00083706
0.37649
0.376491
0.282208
0.58173
0.00618348
0.314951
0.376486
0.423744
0.303896
0.292427
0.0819596
0.000375139
0.000375197
0.303898
0.0819605
0.303899
0.34541
0.000375187
0.581731
0.0756617
0.000836982
0.0756608
0.0003751
0.249459
0.58173
0.0756598
0.303897
0.376484
0.376487
0.000414648
0.303899
0.0819598
0.303899
0.355197
0.516698
0.474869
0.113959
0.278785
0.118541
0.903563
0.420337
0.420332
0.303897
0.00108347
0.000375193
0.210106
0.13364
0.58173
0.00026189
0.42375
0.376488
0.37649
0.283306
0.000887259
0.502238
0.30262
0.489468
0.261975
0.000472936
0.376484
0.376487
0.000351705
0.728953
0.784263
0.000302392
0.445624
0.408914
0.376491
0.0819593
0.000472979
0.00032783
0.0756602
0.312052
0.383765
0.000327898
0.23573
0.000327894
0.0756612
0.0756618
0.26689
0.384067
0.345408
0.376488
0.462377
0.000358728
0.000114148
0.0854508
0.262953
0.260255
0.0756598
0.000103594
0.385202
0.757783
0.489472
0.133638
0.540527
0.37649
0.962879
0.336193
0.336198
0.3977
0.297994
0.376485
0.600422
0.0369917
0.618431
0.39771
0.502257
0.2892
0.39771
0.376501
0.546724
0.423028
0.423018
0.376488
0.438259
0.38973
0.423014
0.477981
0.321089
0.321089
0.376484
0.23573
0.397696
0.171847
0.376487
0.376895
0.0756616
0.712056
0.090096
0.329941
0.691722
0.0900953
0.376489
0.731652
0.571631
0.270186
0.632534
0.37649
0.208334
0.757593
0.329943
0.336202
0.424
0.0694575
0.632534
1.55002e-06
0.0694575
0.707575
0.600427
0.201168
0.28692
0.425145
0.229131
0.221607
0.0694575
0.229132
0.438255
0.728952
0.148191
0.270192
0.133638
0.460722
0.229131
0.471199
0.385207
0.0819585
0.37689
0.186967
0.376489
0.229129
0.214267
0.0771587
0.404851
0.0333798
0.788514
0.229129
0.131833
0.260528
0.37649
0.10557
0.128509
0.128509
0.0819583
0.0293793
0.361287
0.376486
0.361288
0.0345841
0.133636
0.956344
0.12851
0.157666
0.08196
0.0737443
0.157666
0.674337
0.0293797
0.771541
0.157663
0.270515
0.157663
0.0819596
0.157663
0.13633
0.371461
0.24947
0.12851
0.565668
0.820309
0.0864032
0.9189
0.918895
0.376488
0.422043
0.236451
0.0872328
0.0872324
6.31627e-07
0.460717
0.618455
0.0872344
0.616363
0.133638
0.604601
0.376491
0.376489
0.361295
0.376488
0.376489
0.624661
0.376486
0.163369
0.186972
0.503489
0.918904
0.423753
0.58173
0.0819609
0.5061
0.133641
0.841745
0.376488
0.37649
0.46796
0.376487
0.384057
0.376484
0.376484
0.422042
0.483416
0.918892
0.918895
0.292423
0.37649
0.37649
0.37649
0.101483
0.376488
0.252647
0.376488
0.617492
0.376486
0.113986
0.0309814
0.0260427
0.249468
0.0570558
0.0872371
0.0876075
0.0110586
0.12851
0.405149
0.918903
0.0876072
0.286925
0.0110578
0.35051
0.526651
0.376484
0.551803
0.0561174
0.200901
0.0876059
0.376487
0.133635
0.385208
0.0474452
0.866453
0.746613
0.5224
0.235732
0.499971
0.600429
0.412522
0.477983
0.323208
0.376489
0.411212
0.252516
0.462384
0.122833
0.411215
0.0998542
0.376494
0.187966
0.462369
0.49997
0.24946
0.580792
0.0819581
0.0103077
0.236258
0.122829
0.376486
0.525202
0.260262
0.32994
0.581731
0.418405
0.167511
0.0224023
0.376488
0.0819599
0.610429
2.78563e-05
0.336189
1.10812e-05
0.110093
0.133637
0.169591
0.361291
0.169592
0.169591
0.376493
0.148193
0.169593
0.169593
0.121368
0.121369
0.546699
0.121367
0.121366
0.132516
0.121366
0.121365
0.344273
0.18331
0.212606
0.183312
0.383768
0.251411
0.185278
0.12137
0.121369
0.12137
0.133637
0.376489
0.266879
0.35418
5.99777e-14
0.292265
0.121371
0.152826
0.121372
0.121371
0.617511
0.121373
0.205474
0.12137
0.121368
2.80014e-14
0.411207
0.365854
0.122666
0.261976
0.121366
0.261975
0.412465
0.0774328
0.121368
0.462364
0.499974
0.499974
0.37649
0.985077
0.383766
0.12137
0.249464
0.0819594
0.121366
0.0418739
0.293566
0.261982
0.454031
0.454026
0.12137
0.0418752
0.121371
0.0819604
0.0734251
0.175309
0.0819594
0.0713196
0.232976
0.148189
0.336187
0.261977
0.510352
0.123311
0.121367
0.3293
1.13035e-14
0.502561
0.121369
0.564128
0.37649
0.12137
0.31495
0.767791
0.659859
0.214267
0.0317808
0.604878
0.210101
0.252646
0.00240662
0.121368
0.98652
0.376491
0.121372
0.121372
0.282212
0.12137
0.171196
0.148191
0.32321
0.0274449
0.134204
0.133635
0.712041
0.383761
0.907904
0.810048
0.589656
0.442277
0.205465
0.105192
0.181871
0.148191
0.147889
0.14789
0.121368
0.0819593
0.376486
0.147888
0.121366
0.121367
0.0744167
0.000128733
0.121369
0.43826
0.121371
0.121371
0.376493
0.0237456
0.121368
0.121369
0.121367
0.700227
0.00899922
0.445609
0.345402
0.119782
0.062248
0.427965
0.376487
0.376892
0.946638
0.376491
0.376491
0.177922
0.133637
0.300655
0.261982
0.376489
0.261978
0.772213
0.444332
0.425161
0.376493
0.853542
0.177922
0.573964
0.376496
0.423756
0.454039
0.266886
0.26198
0.37649
0.376487
0.425152
0.0990356
0.376484
0.376484
0.376484
0.282207
0.376484
0.376487
0.376487
0.208335
0.499974
0.412469
0.0819599
0.140661
0.565016
0.565018
0.784261
0.565021
0.499966
0.444331
0.828526
0.499977
0.499971
0.784263
0.287293
0.376494
0.232979
0.0411751
0.165404
0.133637
0.207029
0.329941
0.0418745
0.0418736
3.57468e-07
0.312364
0.0541593
0.499968
0.581731
0.133636
0.866449
0.397702
0.37649
0.412469
0.462375
0.80132
0.614455
0.413446
0.499974
0.600422
0.0819585
0.376485
0.0819591
0.0819598
0.0622481
0.133639
0.185667
0.744564
0.541291
0.121371
8.78994e-05
0.499969
0.0935982
0.376487
0.081959
0.41252
0.0935953
0.376889
0.58173
0.261979
0.121366
0.14066
0.0867934
0.376491
0.581731
0.0935985
0.12137
0.0819593
0.58173
0.376489
0.376489
0.376486
0.283797
0.535271
0.376488
0.376491
0.376892
0.411211
0.864447
0.423857
0.261988
0.376493
0.499975
0.0435601
0.379385
0.0435598
0.817815
0.043559
0.412462
0.0563466
0.546693
0.548116
0.0819585
0.0435599
0.376487
0.0435609
0.581731
0.571639
0.0435612
0.376489
0.0307806
0.261981
0.422049
0.328286
0.287289
0.651542
0.249478
0.571656
0.571651
0.3765
0.651573
0.0841884
0.262003
0.422066
0.0563493
0.581731
0.0563487
0.577993
0.0873049
0.581731
0.119782
0.499964
0.58173
0.581731
0.801851
0.600424
0.761978
0.0563488
0.0447103
0.956339
0.503476
0.46237
0.376491
0.376489
0.984741
0.214264
0.32335
0.249461
0.0579126
0.0435606
0.30065
0.376491
0.530476
0.499981
0.376493
0.131834
0.581731
0.249463
0.581731
0.103887
0.00172935
0.58173
0.581731
0.58173
0.145173
0.0112375
0.023516
0.253081
0.0953026
0.559506
0.581731
0.232684
0.741732
0.287291
0.894374
0.287291
0.839211
0.839208
0.430741
0.336188
0.962881
0.300653
0.114054
0.114054
0.292431
0.00746246
0.757602
0.376495
0.783965
0.783968
0.286012
0.483417
0.947159
0.947156
0.947156
0.967953
0.730283
0.53047
0.930165
0.26198
0.502242
0.376491
0.0118822
0.707494
0.00219172
0.376488
0.581731
0.104901
0.499974
0.831726
0.145174
0.207856
0.175307
0.581729
0.185965
0.252647
0.462376
0.49998
0.510351
0.376493
0.185667
0.61419
0.0315987
0.261979
0.00412314
0.0191081
0.454022
0.284051
0.466885
0.0191087
0.817798
0.376487
0.0819591
0.289094
0.165287
0.0698588
0.133638
0.0698578
0.444339
0.055277
0.889768
0.842068
0.0819587
0.422045
0.0167638
0.863393
0.140664
0.192285
0.34541
0.210111
0.462396
0.140671
0.133638
0.205953
0.951445
0.36129
0.124596
0.17792
0.258267
0.542642
0.286919
0.411105
0.376484
0.600424
0.261978
0.593252
0.580791
0.37649
0.140664
0.664671
0.366761
0.131831
0.0433063
0.261978
0.133635
0.376486
0.205952
0.376491
0.376487
0.809186
0.251415
0.921635
0.423754
0.71262
0.383682
0.185665
0.258277
0.14066
0.376488
0.261976
0.376485
0.192275
0.228518
0.513524
0.21828
0.187966
0.124596
0.124599
0.140663
0.712055
0.0531035
0.210104
0.053335
0.548119
0.866454
0.546697
0.136263
0.0891193
0.140662
0.540535
0.604598
0.000292764
0.383769
0.25828
0.542636
0.25828
0.205955
0.366759
0.133637
0.376486
0.323352
0.321087
0.258266
1.12952e-14
0.140655
0.542641
0.261976
0.442277
0.136328
0.283313
0.542639
0.419807
0.496792
0.289091
0.609247
0.376488
0.527735
0.0290593
0.928202
0.376485
0.376488
0.542637
0.385205
0.540532
0.205954
0.70151
0.225575
0.803177
0.148191
0.438257
0.541284
0.293566
0.979819
0.20595
0.376484
0.0819583
0.687369
0.323209
0.289192
0.283307
0.32335
0.293572
0.616923
0.54264
0.701514
0.287292
0.469696
0.133637
0.541282
0.427967
0.140658
0.701515
0.148193
0.473169
0.445634
0.0290623
0.308959
0.133642
0.701504
0.212718
0.416728
0.37969
0.471201
0.140766
0.0953236
0.454022
0.135693
0.58173
0.376484
0.133636
0.329938
0.140659
0.30065
0.205954
0.868001
0.985078
0.376491
0.928203
0.261986
0.376489
0.37649
0.701515
0.477984
0.205951
0.462374
0.503479
0.376487
0.376492
0.325978
0.072459
0.542637
0.244547
0.54264
0.133637
0.224241
0.438256
0.258272
0.0276924
0.0173033
0.0819584
0.286009
0.604818
0.542642
0.542642
0.010297
0.0173045
0.522345
0.0276943
0.542641
0.0102972
0.418333
0.0276936
0.00835895
0.546696
0.0173034
0.618457
0.376489
0.0592402
0.0477095
0.616926
0.489479
0.542635
0.0102984
0.302627
0.00835925
0.140661
0.140664
0.473163
0.194482
0.396057
0.546694
0.0819583
0.411202
0.25827
0.00835822
0.542641
0.0819591
0.140664
0.376491
0.54264
0.385209
0.542641
0.376491
0.205953
0.00806571
0.412464
0.0173035
0.0173035
0.542638
0.258275
0.376487
0.0819599
0.542639
2.5707e-05
0.261988
0.411213
0.616363
0.26198
0.205955
0.701516
0.54128
0.251407
0.258267
0.258267
0.140656
0.266881
0.28692
0.0290598
0.376487
0.423749
0.54264
0.0290609
0.411106
0.427972
0.55206
0.0462536
0.0752514
0.103168
0.0752504
0.261978
0.261986
0.426013
0.329942
0.376494
0.010298
0.385214
0.140671
0.542633
0.289095
0.1719
0.269488
0.185663
0.5327
0.542641
0.542641
0.571628
0.397695
0.376487
0.385201
0.412524
0.0929432
0.651552
0.0872397
0.0481204
0.305838
0.46237
0.00297145
0.132519
0.26435
0.426004
0.00961886
0.471195
0.289091
0.0819597
0.422047
0.286012
0.00200123
0.263694
0.0181652
0.460731
0.376492
0.61845
0.0181647
0.23573
0.0819592
0.489469
0.0819584
0.329938
0.483412
0.0181635
0.132616
0.30065
0.477984
0.502248
0.525903
0.816945
0.00818994
0.905418
0.532704
0.447421
0.490541
0.177921
0.0819585
0.00398369
0.413452
0.979813
0.291816
0.541287
0.261985
0.26199
0.227271
0.412533
0.376491
0.376488
0.525902
0.205461
0.376487
0.408909
0.408909
0.376484
0.261975
0.423744
0.283304
0.235731
0.541277
0.541284
0.300652
0.300652
0.300652
0.376488
0.50225
0.251413
0.376489
0.232679
0.376485
0.503463
0.210103
0.325978
0.100561
0.100563
0.210105
0.376493
0.277377
0.0652569
0.575784
0.94585
0.00812478
0.376487
0.540521
0.0497605
0.155889
0.0819583
0.502557
0.307009
0.0019506
0.127911
0.107604
0.37649
0.00135395
0.744562
0.272739
0.468147
0.614189
0.414203
0.522728
0.761976
0.024361
0.123991
0.857912
0.10823
0.0160517
0.30576
0.376497
0.180039
0.133644
0.0819617
0.376491
0.600426
0.541283
0.266882
0.282208
0.617481
0.295256
0.376484
0.180017
0.0577938
0.132616
0.376487
0.376487
0.376491
0.336196
0.376491
0.376491
0.376488
0.261985
0.77155
0.95027
0.312366
0.549199
0.133635
1.133e-14
0.46238
0.081959
0.617497
0.701513
0.133639
0.0141261
0.00301124
0.180027
0.0141255
0.261985
0.00394743
0.467961
0.423742
0.014125
0.225358
0.0321582
0.427968
0.225567
0.674332
0.30701
0.830435
0.444337
0.181584
0.181585
0.114054
0.566693
0.376893
0.00518985
0.67433
0.908711
0.302621
0.295264
0.131834
0.502215
0.376492
0.192377
0.328292
0.462391
0.416732
0.0665037
0.0497502
0.753153
0.329941
0.329941
0.300642
0.833494
0.261976
0.0833124
0.177921
0.133635
0.600424
0.600424
0.180025
0.180025
0.148191
0.00301112
0.605269
0.235732
0.817819
0.60043
0.927167
0.927167
0.701515
0.376488
0.412528
0.674334
0.305754
0.764084
0.319849
0.816582
0.744563
0.00301114
0.0819593
0.0819598
0.376487
0.325976
0.336186
0.412521
0.701517
0.00301081
0.376487
0.412521
0.701516
0.957669
0.217304
0.180025
1.13216e-14
0.401276
0.858623
0.701513
0.546702
0.0371667
0.600423
0.261978
0.706053
0.287292
0.546711
0.236267
0.376494
0.0371679
0.546715
0.376496
3.74082e-15
0.361295
0.376488
0.323356
0.413444
0.929197
0.701516
0.305749
0.510353
0.0371648
1.13096e-14
0.289085
0.600424
0.266745
0.744562
0.180025
0.376491
0.180026
0.376488
0.540531
0.292427
1.13289e-14
0.110654
0.282638
2.00064e-14
0.423746
0.46238
2.00263e-14
0.18003
0.180027
0.148195
1.13539e-14
0.598753
0.148193
0.180025
0.985078
0.18002
2.00216e-14
0.376485
0.376485
1.02624e-14
0.272733
0.376487
0.187965
0.302622
0.422046
0.6046
0.37649
0.300652
0.287293
0.345406
0.376491
0.323211
0.617492
0.600422
2.45685e-12
0.251408
2.82416e-09
0.114054
0.595199
0.295268
0.300652
0.239641
0.0819606
0.477996
0.376491
0.0819593
0.489475
3.56897e-12
0.081959
0.477979
0.376483
0.124268
0.376483
0.376486
1.13029e-14
0.376487
0.305752
0.455433
0.816585
0.361294
0.376491
0.0819593
0.540532
0.541281
1.37163e-12
0.701515
0.345403
0.651542
0.376488
0.600433
0.376487
0.376491
0.37649
0.261988
0.540537
0.187966
0.325979
3.57311e-12
0.37649
0.345404
0.477986
0.133635
0.308939
0.598754
0.651538
0.546699
0.61846
0.397699
0.546698
0.383768
0.45403
0.383768
0.291464
0.258766
0.0797712
0.297994
0.389732
0.389728
0.705831
0.239631
0.346848
0.601238
0.376492
0.361299
0.261991
0.012132
0.787727
0.0819612
0.419808
0.0819593
0.336195
0.376487
0.722808
0.454022
0.546695
0.489469
0.336186
0.261979
0.541273
0.0819591
0.651543
1.20993e-15
0.0819599
0.266745
1.1321e-14
1.2088e-15
0.376492
0.445621
1.21077e-15
0.174316
0.817809
0.632537
0.598752
1.13407e-14
0.361291
0.08196
0.600431
0.261988
0.940489
0.423858
0.0079034
0.27019
0.471203
0.081959
0.712051
0.977121
0.734913
3.50486e-15
0.205459
0.0893746
0.423742
0.0194617
0.817805
0.564129
0.188984
0.423749
0.423749
0.548118
0.0440644
0.541281
1.21053e-15
0.376485
0.38973
0.97712
0.467962
0.483171
0.773343
0.399998
0.286012
0.503491
0.60044
0.60044
0.600433
0.600427
0.600431
0.600426
0.31495
0.386511
0.383761
0.00331585
0.613123
0.376486
0.433495
0.00330461
0.712047
0.000433141
0.00902783
0.0113995
0.354878
0.972056
0.376491
0.544912
0.00761198
0.00152013
0.712045
0.929195
0.411207
0.560832
0.000149652
0.376491
0.712055
0.376493
0.376493
0.972062
1.51503e-07
0.383766
0.225573
0.261979
0.616918
0.483413
0.376484
0.2101
1.20745e-15
0.711465
0.376484
0.22424
0.376487
0.651552
3.51144e-15
0.08196
0.319847
0.0819596
0.0819601
0.018797
0.424179
0.376486
1.2081e-15
0.244543
0.0819593
0.573965
1.21213e-15
0.423753
0.425165
0.477999
1.21455e-15
1.21454e-15
0.235732
1.20829e-15
0.428669
1.13113e-14
0.376488
0.54051
0.132616
0.61691
0.0819582
0.346854
1.13004e-14
3.50606e-15
0.361291
0.977114
0.600431
0.106063
0.261984
0.415183
3.87854e-15
0.618451
0.564129
1.20816e-15
1.36961e-12
0.147265
0.185665
0.376491
0.50347
0.192284
0.239083
0.994922
4.05425e-14
0.419811
0.000154805
0.376489
0.249468
0.483416
0.600427
0.376485
0.376485
0.0819584
0.376484
0.977118
0.876297
0.427969
0.389729
0.617492
0.0711818
0.0739198
0.08196
0.530472
0.872901
0.483418
1.13266e-14
0.408911
0.376485
0.376485
0.376489
0.541287
1.13311e-14
0.261987
0.235732
0.30021
0.0819606
0.298779
0.376491
0.573955
0.30021
0.33619
0.977117
1.12967e-14
1.12967e-14
0.239084
0.376483
0.376173
0.223996
1.13075e-14
0.185444
0.384064
0.423017
0.201197
0.510352
0.00333814
0.298779
0.415183
0.300208
0.307008
0.97712
1.13081e-14
0.0819589
0.840332
1.2099e-15
0.376491
0.321099
0.376493
0.376493
0.376493
0.416139
0.477986
0.827061
0.717685
1.87165e-08
0.548112
0.412521
0.61691
0.308939
0.177117
0.502239
0.321093
0.376487
0.266886
0.771036
0.376491
0.376491
1.13113e-14
1.21051e-15
0.0819592
0.344129
0.376486
0.376486
0.573951
0.531618
0.0459293
0.408927
0.362852
0.0819619
0.502597
0.483445
0.239076
0.977113
0.376488
0.29878
0.376487
6.70991e-09
0.41672
0.977121
0.239084
0.201187
7.77096e-16
0.376484
0.771544
0.161411
7.40308e-13
0.376491
1.26472e-11
0.167511
0.161273
0.287293
1.13229e-14
0.106062
0.460719
0.28729
0.460719
0.422048
0.423749
0.46237
1.13387e-14
0.0819597
0.239083
0.878193
0.977111
0.133638
1.13112e-14
0.604602
0.329941
0.239083
0.376485
0.376485
0.893185
1.13019e-14
0.908712
0.376484
0.0101462
0.712046
1.20957e-15
0.0819598
0.131832
0.454031
0.133636
0.08196
0.298779
1.13278e-14
0.106059
0.376485
0.316288
0.235731
0.376492
0.286011
0.540536
0.376491
1.21348e-15
0.329946
0.298779
0.977113
0.235731
0.37649
1.13113e-14
0.266883
0.249458
0.427965
0.175304
0.0819582
0.376486
0.977121
0.489473
0.977118
0.376491
0.361294
0.858626
0.161273
0.131831
0.376491
0.419805
3.17805e-15
0.0819586
0.408911
0.408911
0.376488
0.617494
0.541279
0.148227
0.37649
0.376493
0.185669
0.307014
0.606311
0.565634
0.848141
1.20862e-15
1.1319e-14
1.12995e-14
0.689181
0.712042
1.20745e-15
0.305751
0.0819585
0.889765
0.0819591
1.13217e-14
0.37649
0.325979
0.489479
0.295261
1.21052e-15
0.614189
0.454029
0.868007
1.13063e-14
1.20805e-15
0.210106
1.21408e-15
1.21222e-15
0.0819603
0.426012
0.722811
0.287296
0.376496
0.325979
1.20817e-15
0.689181
0.292424
0.295261
0.323208
0.132616
0.376484
0.45402
0.261979
0.40891
0.489472
0.53047
0.323212
0.525903
0.45403
0.604601
0.161273
0.323213
0.376488
0.788511
0.423744
0.376486
0.757578
0.137634
0.940322
1.20958e-15
0.376492
0.0819598
0.376494
0.107195
1.21278e-15
0.13262
0.376489
0.376492
0.298779
0.977117
0.889763
0.4198
0.376485
0.385201
0.376487
1.36875e-12
0.600424
1.20718e-15
0.977115
0.00447801
0.173347
0.305756
0.445617
1.21046e-15
0.266883
0.286011
0.132616
0.376486
1.13059e-14
0.13252
0.201686
1.21081e-15
1.212e-15
0.210106
0.13364
0.325981
1.2132e-15
0.325979
3.42559e-15
1.13146e-14
0.0464168
0.0819589
0.261975
0.175303
0.540507
1.1296e-14
1.13064e-14
1.83461e-12
0.0101462
0.413442
1.21031e-15
1.13264e-14
0.462378
1.21005e-15
0.78773
0.72281
1.13232e-14
1.13293e-14
0.180019
8.40111e-16
1.2082e-15
0.408913
0.266887
0.266883
1.21124e-15
1.21012e-15
1.21201e-15
0.462385
0.384067
0.376491
2.38868e-09
1.27859e-12
0.0748066
0.376488
0.00303161
0.00447765
1.1299e-14
0.647767
0.00210509
1.83434e-12
0.376487
1.83455e-12
0.00303197
0.412528
0.30021
0.239084
0.0228494
0.261985
0.00192214
0.185665
0.00303168
0.010146
1.13071e-14
0.00509115
0.00303229
0.186973
0.192288
0.287295
0.361301
0.424178
0.424178
0.0101469
0.00303182
0.827061
0.185663
0.30065
0.160649
0.0748029
2.89941e-14
0.817797
0.758868
7.55355e-12
0.577992
0.289194
0.37649
0.00303196
0.00303196
0.295264
3.12222e-14
0.30021
0.00303189
0.857903
0.712047
0.00303172
0.133636
0.289194
0.424178
0.744562
0.00303204
0.00303196
0.651443
0.6175
0.6175
0.664505
0.376488
0.376491
0.376487
0.198632
0.376485
0.00437911
0.0157026
0.0106187
0.615216
0.00303162
0.114828
0.00303173
0.0039609
0.00303196
0.00126702
0.00364726
0.0696153
0.0160151
0.0191006
0.045135
0.261977
0.376485
0.0473432
0.261984
0.00303207
0.00303188
0.408918
0.00303202
0.956336
0.00303224
0.00303224
0.541286
0.413446
0.00303195
0.00303178
0.0030318
0.444329
0.0030316
0.0429415
0.036493
0.0314394
0.00303163
0.0819592
0.540515
0.376491
0.297996
0.185666
1.37099e-12
0.00303183
0.00303202
0.00303187
0.977116
0.583364
0.00303169
0.00200263
0.00303182
0.319845
0.336192
0.314021
0.244545
1.13414e-14
0.816582
0.651558
0.376491
0.376488
0.361294
0.761486
0.145067
3.96997e-15
0.106058
0.74456
0.132515
0.00459185
0.573939
0.00641682
0.210102
1.1323e-14
1.1323e-14
1.1323e-14
0.131833
0.454029
0.617497
0.42418
0.00303192
0.726289
3.97282e-15
0.494492
0.462382
0.689184
0.977115
1.21359e-15
0.292434
0.527731
0.689184
0.689184
0.376491
1.13093e-14
1.20969e-15
0.00303177
1.2094e-15
0.343216
0.757574
3.71973e-15
1.13003e-14
1.20869e-15
1.20734e-15
4.10128e-13
0.423013
1.21013e-15
0.325978
0.503476
1.20974e-15
0.383766
0.50225
0.30065
4.1077e-13
0.376486
0.389729
0.300646
1.13318e-14
4.11132e-13
0.376488
0.600435
0.133446
1.21262e-15
1.21262e-15
1.21262e-15
0.977112
4.10394e-13
0.246143
3.97391e-15
1.20969e-15
0.50346
0.287289
0.0819584
0.0819582
0.503466
1.20721e-15
0.378737
0.081959
1.13201e-14
0.489477
0.37649
1.20939e-15
0.0819593
0.376491
1.20941e-15
0.302623
0.010146
1.13055e-14
1.20793e-15
1.21146e-15
1.21279e-15
0.343213
0.24947
0.376491
0.127851
0.0778773
0.00793644
0.131895
0.325977
1.13159e-14
0.185662
0.201192
0.148184
0.0819582
0.0101458
1.23594e-14
0.0819588
0.977121
0.0101463
0.300208
1.64941e-13
0.468197
0.376491
1.20996e-15
0.444334
0.42375
0.411024
0.467963
0.376485
0.323208
0.300206
0.927162
0.0819596
0.271877
1.65053e-13
0.383768
0.133448
0.344132
0.376493
0.00333828
0.411024
0.817827
0.28729
0.766695
0.673982
0.266877
0.376484
1.64638e-13
0.336191
0.0819584
0.376487
0.114055
0.165924
0.0819599
1.64899e-13
0.427974
0.540521
0.376491
0.30701
0.376489
0.744561
0.376485
0.325975
0.261993
0.462406
0.343206
0.0819611
0.187966
0.376365
0.0393058
0.00093087
0.477991
0.300208
0.37649
0.308943
0.425152
0.141187
0.244542
0.00140198
0.604588
0.540517
0.361288
0.0819591
0.674332
0.530476
0.600431
0.210106
0.540528
0.427971
0.192282
0.444335
0.423748
0.571631
0.228314
0.343215
0.425154
0.37649
0.502244
0.376491
0.34413
0.651558
0.712063
0.744564
0.977113
0.0819593
0.0819599
0.831724
0.477986
0.376485
1.02932e-09
0.287289
0.01496
0.422046
0.422043
0.376487
0.22424
0.075949
0.977114
0.37649
0.300653
0.411024
0.14119
0.376488
0.00140214
0.264043
0.165922
0.329939
0.412526
0.261987
0.271879
0.343211
0.271883
0.34321
0.261991
0.376495
0.343214
0.261981
0.0149613
0.353769
0.376488
0.389727
0.540509
0.00140197
0.412462
0.141188
0.343217
0.977118
0.232257
0.0149614
0.323212
0.376491
0.271882
0.376488
0.30021
0.343214
0.266885
0.314017
0.689181
0.424179
0.0819589
0.141189
0.712049
0.376491
0.757589
0.286926
0.344132
0.0635088
0.376491
0.438257
0.571639
0.376487
0.376488
0.376484
0.305749
0.477981
0.046974
0.383764
0.0819585
0.0149607
0.444332
0.264049
0.273354
0.376491
0.618078
0.463513
0.187966
0.594393
0.138845
0.408911
0.0513676
0.283306
0.600433
0.444341
0.37649
0.343209
0.343211
0.424179
0.138848
0.689184
0.689181
0.0513683
0.297426
0.600426
0.23573
0.376484
0.2101
0.125908
0.141038
0.82066
0.0819584
0.376487
0.376487
0.793376
0.484328
0.315322
0.354189
0.0296895
0.905562
0.148189
0.0102787
0.00385337
0.00339935
0.0513676
0.261982
0.376491
0.323353
0.376493
0.454032
0.00140231
0.05137
0.0773109
0.996985
0.384063
0.0463647
0.32321
0.302623
0.2101
0.287289
0.0733384
0.161272
0.0955456
0.677919
0.308942
0.477984
0.37649
0.327006
0.37649
0.424181
0.0513684
0.325979
0.376488
0.261983
0.177921
0.376485
0.293564
0.546703
0.210107
0.22424
0.0513692
0.252647
0.292436
0.376494
0.0246868
0.287293
0.462369
0.42418
0.0513678
0.261979
0.0513669
0.0819581
0.740259
0.0513668
0.261977
0.307008
0.289194
0.23573
0.438261
0.205465
0.674342
0.42601
0.831203
0.323359
0.571636
0.0822242
0.408911
0.253063
0.224239
0.0669878
0.307012
0.081959
0.261986
0.293571
0.908718
0.706233
0.707576
0.618448
0.0513683
0.537713
0.416723
0.292426
0.0513672
0.771537
0.376484
0.051367
0.0513679
0.0513672
0.722756
0.761485
0.327006
0.376491
0.0513691
0.866453
0.376489
0.417165
0.0513685
0.616921
0.23573
0.0819585
0.467958
0.545569
0.424176
0.287293
0.412535
0.425171
0.0669686
0.408925
0.2892
0.323213
0.376488
0.185666
0.712049
0.564123
0.376484
0.445609
0.712042
0.236259
0.328287
0.376484
0.261979
0.489472
0.314952
0.47799
0.287293
0.323213
0.462371
0.427975
0.412468
0.0513685
0.477983
0.977119
0.227972
0.858621
0.424178
0.376487
0.0314698
0.397702
0.771563
0.261988
0.186973
0.0924981
0.546701
0.186971
0.0924951
0.981601
0.142675
0.120224
0.289193
0.0795933
0.0795954
0.224714
0.100453
0.0795952
0.37649
0.261983
0.132521
0.510352
0.376488
0.376491
0.132618
0.252646
0.077457
0.0795943
0.0795943
0.0795966
0.564139
0.33855
0.308953
0.376491
0.981601
0.571191
0.21963
0.283297
0.283294
0.286924
0.0795956
0.564122
0.376484
0.28329
0.287289
0.219618
0.312054
0.312051
0.124019
0.314949
0.25539
0.300652
0.25539
0.261984
0.109016
0.187966
0.0807539
0.109017
0.329939
0.416722
0.147697
0.0351845
0.00398933
0.000850951
0.286925
0.37649
0.10902
0.00112133
0.376493
0.674342
0.604596
0.604601
0.344128
0.205717
0.726446
0.224239
0.600588
0.109013
0.185663
0.604589
0.376487
0.376487
0.336196
0.376491
0.376491
0.292264
0.826898
0.617498
0.546703
0.37649
0.249461
0.376486
0.376486
0.651553
0.175311
0.00354709
0.000802501
0.376493
0.261993
0.189556
0.715219
0.866453
0.0481352
0.10473
0.286921
0.244544
0.236259
0.287289
0.376484
0.325973
0.427968
0.541273
0.210103
0.227229
0.962879
0.065397
0.065397
0.133425
0.282208
0.0916447
0.376488
0.282208
0.24946
0.943948
0.388359
0.38836
0.388362
0.38836
0.412471
0.0955189
0.376494
0.249471
0.376494
0.109019
0.541282
0.0357733
0.000371811
0.376488
0.376485
0.548113
1.13009e-14
0.294078
0.618454
0.000371776
0.109015
0.32109
0.37649
0.361294
0.361293
0.462375
0.908554
0.00011734
0.412466
0.000427227
0.571629
0.00037179
0.537704
0.000566601
0.00344612
0.502246
0.133639
0.00706614
0.859399
0.323366
0.494146
0.383769
0.483418
0.00396416
0.75758
0.376487
0.502238
0.361288
0.61691
0.425203
0.325975
0.94561
1.13075e-14
1.13031e-14
0.00163289
0.312061
0.444338
0.462377
0.577995
0.376491
0.376488
0.689182
0.385203
0.297992
0.404839
0.0120817
0.454031
0.081959
0.376491
0.286012
0.235733
0.425165
0.462386
0.00228601
0.282208
0.714421
0.738132
0.716358
0.384057
0.566684
0.282206
0.329938
0.0819589
0.000325479
0.756647
0.0191472
0.383768
0.000956511
0.376491
0.376491
0.376489
0.231214
0.344129
0.376489
0.145085
0.444331
0.548037
0.145492
0.42376
0.0819606
0.630541
0.454043
0.00601757
0.573983
0.376502
0.376491
0.376488
0.249465
0.376487
0.422048
0.00336673
0.630524
0.28692
0.376484
0.261979
0.674712
0.376487
0.00501389
0.14509
0.252647
0.0041919
0.0203011
0.445618
0.376491
0.145487
0.145089
0.564118
0.861656
0.00566571
0.361291
0.674711
0.148614
0.600433
1.1326e-14
0.462386
0.00214826
0.24947
0.345409
0.139238
0.376491
0.376892
0.503471
0.376485
0.13344
0.116697
0.0724532
0.292424
0.412462
0.145086
0.360002
0.879751
0.286924
0.0775003
0.286925
0.261981
0.881956
0.376489
0.571637
0.195135
0.308941
0.376486
0.664302
0.169947
0.573957
0.428708
0.422052
0.383773
0.573968
0.251421
0.376491
0.376488
0.37649
0.321093
0.564123
0.564111
0.376484
0.862066
0.571627
0.187965
0.29242
0.541278
0.187966
0.132619
0.376491
0.630527
0.133446
0.376893
0.195145
0.744562
0.463246
0.0185182
0.018119
0.630525
0.866454
0.261985
0.376487
0.266887
0.45403
0.00840215
0.674712
0.325209
0.651554
0.125686
0.462377
0.502244
0.236264
0.287289
0.389727
0.0512643
0.462359
0.881956
0.376484
0.314018
0.427968
0.376491
0.571638
0.541284
0.376491
0.0512663
0.0780592
0.0824476
0.0824483
0.314017
0.224239
0.00513386
0.37649
0.136701
0.254114
0.0110794
0.423019
0.462396
0.283323
1.13646e-14
0.0328202
0.0328192
0.00380406
0.00816555
0.210103
0.282206
0.376484
0.00380362
0.00380358
0.0081655
0.0824447
0.177922
0.00380379
0.336196
0.0343525
0.0296217
0.00380411
0.219504
0.361295
0.748398
0.278656
0.24683
0.454024
0.136694
0.00189053
0.0824491
0.177921
0.177922
0.461003
0.00816654
0.00380441
0.423754
0.00816626
0.445621
0.00816622
0.00553627
0.376488
0.323347
0.157065
0.502239
0.286919
0.707575
0.112095
0.233341
0.376486
0.183937
0.539983
0.0123678
0.881957
0.205462
0.0494012
0.383765
0.136708
0.57039
0.0824455
0.314017
0.323211
0.530479
0.53771
0.415093
0.0824495
0.0824519
0.376494
0.195152
0.252647
0.195139
0.37649
0.128931
0.955357
0.0824442
0.205458
0.0315437
0.126941
0.323209
0.249459
0.454026
0.120042
0.376491
0.120045
0.252647
0.239053
0.376488
0.57164
0.907878
0.503475
0.360949
0.307009
0.489471
0.30701
0.503479
0.503469
0.0604815
0.37649
0.187966
0.177122
0.187966
0.307013
0.307011
0.0115976
0.462366
0.28909
0.0824446
1.12987e-14
0.573948
0.0824443
0.881956
0.0824447
0.376487
0.261978
0.881956
0.0824491
0.082449
0.175309
0.562233
0.114169
0.35179
0.469565
0.540513
0.146373
0.323208
0.295271
0.308961
0.822178
0.376496
0.376495
0.655631
0.618428
0.376498
0.600433
0.18083
0.287292
0.286921
0.195139
0.651539
0.52145
0.502239
0.0738703
0.261979
0.530466
0.131831
0.126945
0.389733
0.277833
1.13223e-14
0.389733
0.205463
0.537715
0.361292
0.37649
0.444332
0.210102
0.314017
0.376488
0.232261
0.32321
0.376492
0.480929
0.287294
0.27773
0.201096
0.261985
0.35572
0.302625
0.254111
0.126948
0.136693
0.376485
0.170642
0.360205
0.252645
0.317212
0.288657
0.344128
0.389733
0.771553
0.170648
0.200387
0.308945
0.411211
0.170646
0.427972
0.184497
0.336188
0.169576
0.376489
0.376492
0.239706
0.881954
0.0824495
0.412534
0.881953
0.940289
0.195145
0.423845
0.224241
0.376487
0.502244
0.771537
0.997862
0.571627
0.192275
0.0012488
0.0703995
0.376487
0.651544
0.454031
0.18697
0.178757
0.376491
0.210104
0.261985
0.19514
0.087451
0.230587
0.0933573
0.141784
0.376488
0.37649
0.376487
0.376491
0.419807
0.881955
0.423856
0.376493
0.0824495
0.477986
0.47799
0.421675
0.616918
0.376484
0.323896
0.361288
0.16765
0.532193
0.525878
0.921604
0.671806
0.426009
0.463389
0.0459724
0.0815722
0.177922
0.881956
0.0824477
0.261983
0.079912
0.881956
0.329939
0.617495
0.425168
0.738539
0.376494
0.157073
0.376496
0.376496
0.376496
0.651203
0.651547
0.651552
0.651546
0.423746
0.423742
0.423742
0.674862
5.56304e-12
0.376487
3.7927e-12
0.312055
0.0307688
0.108129
0.210106
0.617494
0.376491
0.249463
0.249467
0.178281
0.454029
0.479803
0.908712
0.376486
0.32321
0.314021
0.376488
0.187966
0.423749
0.376494
0.325347
0.571645
0.661689
0.202868
0.552986
0.674712
0.200384
0.129143
0.000752037
0.881956
0.76103
0.881956
0.881956
0.617486
0.261978
0.494136
0.200386
0.289196
0.881957
0.0911157
0.376491
0.881956
0.300651
0.376485
0.881956
0.881956
0.881953
0.421677
0.21996
0.167447
0.745658
0.62311
0.376494
0.46239
0.361295
0.502244
0.0228477
0.412523
0.801791
0.548111
0.192275
0.552951
0.261975
4.57378e-12
0.137412
0.175306
0.0571107
0.376491
0.0933617
0.244546
0.744562
0.881956
1.13292e-14
0.19514
0.261983
0.286009
0.336189
0.881956
0.376488
0.105202
0.747144
0.0824496
0.881955
0.252648
0.717687
0.881954
0.195144
0.385205
0.376491
0.33619
0.71205
0.270184
0.275843
0.907262
0.282748
0.401731
0.412521
0.233351
0.0736312
0.37649
0.661689
0.302625
0.210106
0.152626
0.881956
0.0109427
0.454028
0.777872
0.940291
0.177921
0.177921
0.177921
0.881949
0.187966
0.123924
0.11418
0.743142
0.548832
0.261121
0.376488
0.0824487
0.142676
0.881955
0.483413
0.161272
0.161272
0.712041
0.302622
0.516064
0.46796
0.467959
0.249466
0.881956
0.881956
0.42385
0.546701
0.881955
0.477987
0.376489
0.462365
0.0933575
0.376486
0.0824471
0.0933614
0.489473
0.881954
0.308949
0.19515
0.210109
0.881954
0.376492
0.881957
0.0824495
0.881956
0.210103
0.701381
0.201684
0.0933566
0.814792
0.0933584
0.0238629
0.0933585
0.229782
0.200386
0.227266
0.0933614
0.0724574
0.141787
0.233356
0.940291
0.600429
0.881956
0.376486
0.438254
0.616921
0.674711
0.423747
0.376492
0.0343724
0.344133
0.254119
0.882252
0.882245
0.881957
0.034372
0.881956
0.329941
0.651885
0.376484
0.489468
0.0824443
0.383764
0.881956
0.0819592
0.604593
0.881956
0.421678
0.881956
0.0470218
0.423014
0.573639
0.129144
0.744562
0.03437
0.200381
0.161272
0.082447
0.816411
0.816409
0.816411
0.0824487
0.873958
0.462385
0.873958
0.984863
0.0824474
0.37649
0.141786
0.30065
0.376484
0.548112
0.282749
0.502238
0.141785
0.881956
0.177922
0.572816
0.00398202
0.281638
0.205465
0.42375
0.726458
0.00712388
0.376488
0.376489
0.23573
0.658871
0.993747
0.689184
0.376493
0.689183
0.419812
0.542689
0.0531048
0.0923477
0.444345
0.376491
0.744561
0.0417784
0.412524
0.195357
0.540509
0.422043
0.266878
0.244542
0.0623977
0.376484
0.503466
0.74456
0.689182
0.37649
0.518336
0.689181
0.955357
0.706233
0.235731
0.376489
0.376486
0.107854
0.376486
0.344128
0.376491
0.689182
0.57284
0.376491
0.224242
0.53772
0.0819606
0.00322759
0.540528
0.323214
0.195135
0.376488
0.376485
0.354178
0.376485
0.30262
0.314018
0.546694
0.376487
0.444332
0.175308
0.546704
0.689182
0.205465
0.161273
0.423937
0.216052
0.438259
0.376485
0.0819586
0.376486
0.0903154
0.376492
0.376489
0.726694
0.376491
0.300655
0.187966
0.399153
0.600432
0.0626849
0.261981
0.737253
0.771543
0.376483
0.261974
0.502237
0.502555
0.132616
0.44561
0.295259
0.412524
0.376491
0.202869
0.376491
0.286012
0.0267162
0.376491
0.207714
0.518334
0.572817
0.651542
0.67433
0.133637
0.454031
0.454026
0.454032
0.757588
0.141436
0.261988
0.530481
0.28221
0.412525
0.57396
0.177921
0.571634
0.0819583
0.548112
0.282206
0.756646
0.266881
0.572813
0.376487
0.328287
0.0207513
0.110656
0.546705
0.503477
0.483419
3.12613e-14
0.323211
0.293571
0.376486
0.503463
0.376486
0.261989
0.376495
0.376492
0.376496
0.389737
0.548135
0.572847
0.548135
0.376491
0.328287
0.982621
0.422047
0.081959
0.46236
0.28692
0.0819583
0.376484
0.503465
0.261976
0.572818
0.5812
0.43826
0.233355
0.0853314
0.329943
0.689182
0.940291
0.471199
0.651551
0.376486
0.32335
0.889802
0.114054
0.249468
0.573954
0.70061
0.37649
0.202872
0.261988
0.483426
0.40369
0.261981
0.376491
0.210103
0.232259
0.376485
0.604589
0.573949
0.900982
0.0819589
0.427965
0.548115
0.614189
0.24762
0.462375
0.210105
0.0693305
0.689181
0.572828
0.419804
0.141431
0.427967
0.210101
0.261977
0.689183
0.689183
0.454028
0.689183
0.689182
0.0267187
0.376495
0.261991
0.120046
0.376488
0.0700259
0.283307
0.502564
0.300648
0.0516973
0.460716
0.905416
0.300646
0.483413
0.22424
0.42384
0.357693
0.376491
0.376491
0.572825
0.376488
0.454031
0.938191
0.381684
0.0261956
0.11328
0.445612
0.321096
0.442282
0.445618
0.336199
0.541283
0.000661581
0.611325
0.132621
0.376491
0.96401
0.177394
0.591719
0.327531
0.689181
0.282206
0.348785
0.0459776
0.577992
0.289086
0.399156
0.261978
0.251414
0.495916
0.133638
0.129146
0.987172
0.13262
0.604598
0.604599
0.00172197
0.697804
0.471195
0.384064
0.323214
0.49414
0.784263
0.384067
0.210111
0.617507
0.583009
0.249466
0.0916001
0.856877
0.667976
0.419804
0.376484
0.314948
0.376484
0.228147
0.249462
0.674711
0.590745
1.34128e-05
0.37649
0.329943
0.37649
0.541284
0.26198
0.0017222
0.202867
0.133637
0.61419
0.195135
0.00213245
0.300069
0.235732
0.210103
0.83052
0.99848
0.00166111
0.0207519
0.114054
0.928311
0.488422
0.376492
0.785079
0.959497
0.471194
0.471194
0.0120757
0.000320504
0.376487
0.161273
0.325976
0.24946
0.249465
0.977753
0.37649
0.40261
0.235731
0.689182
0.261981
0.546703
0.167442
0.376485
0.376485
0.376489
0.376492
0.399153
0.411212
0.540531
0.282212
0.376494
0.311203
0.323358
0.494133
0.37649
0.689181
0.210103
0.169574
0.336186
0.743138
0.541272
0.133442
0.376485
0.703902
9.11308e-07
0.503477
0.171829
0.101076
0.85182
0.709576
0.376491
0.323211
0.0629527
0.135946
0.231815
0.261978
0.236264
0.376491
0.120043
0.648365
0.37649
0.805859
0.329945
0.067966
0.0972489
0.00094474
1.21849e-14
0.189719
0.376488
0.735533
0.426001
0.361288
0.233347
0.36129
0.502558
0.503467
0.281542
0.617494
0.376491
0.376491
0.460727
0.376489
0.376896
0.423747
0.131832
0.770325
4.18572e-09
0.503463
0.689188
0.287708
0.0819608
0.389743
0.0819615
0.643934
0.262006
0.907033
0.0742591
0.511411
0.37649
0.376487
0.423014
0.552731
0.376484
0.714597
0.411203
0.689181
0.376484
0.389729
0.94537
0.286924
0.939597
0.651552
0.502249
0.376488
0.849768
0.185664
0.329942
0.617484
0.577991
0.37689
0.477986
0.40049
0.421661
0.0104226
0.0819597
0.376493
0.809333
0.651559
0.376492
0.376488
0.210106
0.415086
0.286922
0.618458
0.53849
0.735534
0.503459
0.0819589
0.00261986
0.060227
0.86004
0.860034
0.596535
0.225695
0.385209
0.376488
0.376491
0.233352
0.325576
0.376486
0.376486
0.133635
0.713258
0.689183
0.464124
0.551524
0.551526
0.383773
0.376495
0.360014
0.689182
0.287291
0.3994
0.210103
0.617488
0.712042
0.412462
0.399401
0.0103937
0.938189
0.399401
0.452753
0.321092
0.376491
0.73554
0.376491
0.3994
0.261981
0.422052
0.416725
0.385207
0.187965
4.36602e-05
0.426003
0.254111
0.538485
0.677087
0.141231
0.689182
0.399397
0.604606
0.376493
0.774687
0.234597
0.85182
0.945607
0.945605
0.376484
0.000178325
0.376484
0.376484
0.444333
0.0391795
0.0343568
0.376487
0.000952352
0.295264
0.221247
0.124994
0.908713
0.249468
0.423846
0.607279
2.86169e-13
1.25834e-07
7.64016e-05
0.113233
0.444341
0.37649
0.192285
0.0214884
0.689184
0.617506
0.376496
0.134058
0.321094
0.771923
0.651545
0.376487
0.357648
0.244542
0.866449
0.757572
0.376486
0.287289
0.81781
0.192277
0.261984
0.384064
0.37649
0.376491
0.770327
0.227268
0.144154
0.376489
0.427967
0.423744
0.26688
0.376488
0.783575
0.438256
0.210108
0.329943
0.617502
0.25142
0.0225673
0.0819603
1.69156e-07
0.689182
6.7455e-06
0.603164
0.0724536
0.376485
0.249459
0.769923
0.376487
0.292419
0.376487
0.266879
0.133637
0.67173
1.44686e-05
6.74674e-06
0.423014
0.376491
0.46237
1.47373e-05
0.283305
0.300645
0.161272
0.131832
0.454032
0.293571
0.236269
0.261985
0.314024
0.175312
0.42386
0.541285
0.28601
0.899409
0.302622
0.38406
0.17792
0.292419
0.376484
0.249457
0.0819588
0.376484
0.376487
7.53149e-05
0.325979
0.925455
0.376491
0.616924
7.53213e-05
7.53345e-05
7.53268e-05
0.844895
0.0740252
0.462364
7.53143e-05
0.376488
0.135335
0.479299
0.182452
0.00703254
0.111592
0.187966
0.689183
7.53303e-05
0.376488
0.376491
0.604594
0.287111
0.376484
0.462359
0.618459
0.689181
0.376487
0.889497
0.210102
0.540514
0.000117801
0.000100156
0.412469
0.376491
0.0819595
0.467351
0.28908
0.28908
0.184667
0.376486
0.689181
0.262363
0.57397
0.320601
0.336209
0.376737
0.336212
0.289085
0.545943
0.634933
0.197475
0.0531033
0.530471
0.0531026
2.34251e-05
0.371072
0.426001
0.376484
0.376486
0.454021
0.287111
0.438255
0.37649
0.151047
0.000885884
0.689182
0.287112
0.0751198
0.287112
0.300651
0.28711
2.34283e-05
0.376486
0.425155
0.361294
0.483417
0.376491
0.292429
0.000507646
0.483426
0.00819995
0.454032
0.0262511
0.0942207
0.408913
0.851817
0.851815
0.790125
0.74456
2.85288e-08
0.000913437
0.000194604
0.131831
0.581985
0.53533
0.133637
0.770329
0.613855
0.530473
0.376491
0.287112
0.376489
0.425146
0.477982
0.376485
0.384062
0.0819599
2.34326e-05
0.389734
0.448933
0.376495
0.124025
0.483428
0.384065
0.268476
0.940838
0.856371
0.328287
0.856371
0.202863
0.30262
0.326091
1.41842e-05
0.314948
0.865873
2.34275e-05
2.34334e-05
0.221442
2.34334e-05
0.689181
1.4185e-05
2.34344e-05
0.423015
0.620137
0.132617
1.41834e-05
0.617483
0.617488
0.329943
0.261981
0.50257
0.24982
0.502573
0.462385
0.287115
0.376491
0.454027
0.244545
0.357692
0.502245
0.502239
0.376484
0.689181
6.54084e-05
0.376487
0.689181
0.996481
0.175305
1.13232e-14
0.0724574
0.323358
0.454032
1.78557e-05
1.13297e-14
0.0402452
0.541283
0.389728
0.673657
5.50448e-05
0.252646
0.454034
0.131833
0.617502
0.186973
0.770329
0.376496
0.0402481
0.330825
0.361292
3.71276e-05
0.000111644
0.689182
0.287289
0.192275
0.376484
0.00357041
0.462366
0.454021
0.689181
0.376487
0.689182
0.37649
0.546705
3.71282e-05
0.600426
