0.444356
0.573989
0.471281
0.663999
0.0156024
0.134525
2.58032e-05
0.239751
0.438373
0.707341
0.946905
0.729729
0.323452
0.402176
0.173428
0.177202
0.206756
2.25502e-10
4.0754e-07
0.283444
0.178014
0.420239
0.110989
0.130993
0.395799
6.18938e-11
0.234271
0.130982
0.234272
0.275082
0.130966
0.45924
0.697323
0.132468
0.554833
2.47578e-06
4.55569e-10
7.4778e-10
0.212708
0.212708
0.212708
0.460799
0.0393585
0.692007
0.232351
0.485368
0.973524
0.169714
0.00372229
0.00507877
0.142758
0.886798
0.257672
0.0593662
0.059362
0.314128
0.546799
0.54678
0.45739
0.00562603
0.00715192
0.126015
0.0845284
0.376569
7.12628e-06
0.757603
0.321192
0.514759
0.0101991
0.514759
0.00347304
0.00597045
0.540647
0.540631
0.0984359
0.000347431
0.413539
0.389825
0.389819
0.428058
5.47877e-09
0.376585
0.287018
1.57529e-11
0.213806
1.30212e-06
0.599447
0.959528
0.667523
1.72541e-07
0.30364
0.594176
0.646389
0.0140414
0.301371
3.10536e-10
0.000113436
0.280933
0.376588
0.246814
0.0116076
5.78602e-10
0.330456
0.111672
0.14707
0.082389
3.14448e-05
0.083436
6.1775e-05
3.6017e-05
4.1514e-05
0.000103454
1.76469e-05
1.00301e-11
7.73545e-07
0.0350994
2.66828e-09
0.712134
0.0164158
0.546795
2.64376e-06
0.66027
0.000675693
0.0604339
2.72663e-07
0.033444
0.0820181
0.193545
0.00215635
1.71192e-13
0.065427
0.0545823
0.007056
3.03476e-09
0.41264
0.438636
0.0006087
0.000379422
0.460831
0.00123871
0.951455
0.397232
2.35984e-08
0.328805
0.0154399
0.0355621
0.262083
1.53043e-13
0.262108
1.85276e-05
3.66571e-07
0.0124222
1.00371e-05
0.574049
5.26771e-08
0.304286
0.000168717
0.564143
0.638468
2.56017e-12
0.0105034
0.0002214
0.23636
0.95325
0.502336
0.169485
0.460812
0.757631
0.000152078
0.506126
0.16752
0.168976
0.0302587
0.0251939
3.36282e-05
0.181744
0.000800816
0.442368
0.186304
0.298097
0.690533
8.31257e-05
0.0218913
0.344237
0.293678
0.0491271
0.173715
0.413545
0.762576
0.00151299
1.23043e-12
0.0985673
1.18564e-05
0.2319
0.231908
0.925015
0.235829
0.76917
0.678959
0.11413
0.000201955
0.571741
0.187069
3.93358e-09
0.00368729
0.376582
0.0084609
0.00125987
0.413528
0.0646924
0.336288
7.26607e-07
0.0580977
0.0011135
0.664858
0.292562
3.69715e-10
2.12948e-08
1.98946e-06
0.236368
0.68745
0.029067
3.74019e-11
0.776994
0.00243353
1.88451e-12
6.48943e-15
3.07214e-15
0.119176
0.694734
0.672266
0.223119
3.91292e-09
0.190851
0.240513
0.323409
0.131899
0.635018
0.150598
0.929179
0.933551
0.262064
0.262063
0.147154
0.0398364
2.72953e-14
0.504272
0.399283
0.503474
0.18048
0.000670591
0.0223023
0.00148637
0.24075
0.537744
0.963439
0.0831999
0.270512
0.315044
0.0091527
0.243386
0.376586
0.423133
0.185768
0.185768
0.817888
0.618518
0.235826
0.00154191
0.577741
0.000141397
0.148973
0.376578
0.0647054
0.376582
0.118257
0.000280902
0.243881
0.358938
0.411588
0.174834
5.94185e-05
9.53436e-05
1.96367e-05
0.175542
0.600454
0.00466582
0.33002
0.0124818
0.450706
0.287262
0.224231
0.00118753
0.00307308
0.376582
7.18601e-07
0.23191
0.109232
0.000315699
0.315028
0.000720952
0.000963466
0.445653
1.90142e-05
0.44615
0.156485
0.967613
0.412622
0.00115433
0.0592896
0.354298
0.32611
0.282385
0.376585
0.326078
0.000522617
0.000639862
0.115356
0.00512134
0.18775
0.573035
0.120776
0.133716
0.133714
0.825128
0.721163
0.336319
0.00140276
0.111387
8.86585e-06
0.698282
0.41256
0.262078
0.24956
0.964318
0.00601668
5.13533e-05
0.42526
0.147127
0.000423952
0.451822
0.930624
0.000933894
0.376607
0.267015
0.0925309
0.376583
0.00497071
0.489543
0.000123256
0.336251
0.0403864
0.148674
0.15612
0.545524
0.00381075
0.300748
0.188398
0.331185
0.211703
0.0493092
0.166604
0.656578
0.757568
0.298081
0.23508
0.376574
0.294543
0.353036
0.242623
0.376585
0.0820242
0.483511
0.00251334
0.000178026
0.000309645
0.604682
7.30925e-05
0.376582
0.262073
0.174749
0.330032
0.376566
0.353666
0.00824122
5.36715e-06
2.13993e-05
0.37658
0.00108783
0.00499088
0.489596
0.000377821
0.376606
4.65387e-05
8.06501e-05
0.376582
0.0146478
0.00103236
0.00355643
0.0911062
0.00181772
0.123041
0.00163979
0.0107324
0.287036
0.00142723
0.489627
0.376611
0.376611
0.376597
0.0458715
0.471304
0.674376
0.376559
0.0137759
0.079262
0.0443108
0.419061
0.284586
0.284579
0.478082
0.833925
0.323308
0.721644
0.266142
0.0480657
0.426081
0.478038
0.426071
0.523439
0.0263586
0.0172601
0.0355716
0.217092
0.533914
0.0918869
0.23921
0.178909
0.445725
0.167748
0.0227496
0.244644
0.0334987
0.321198
0.000165287
0.99408
0.330028
0.138446
0.0670117
0.295349
0.295358
0.423836
0.295367
0.000142048
0.204896
0.60054
0.27334
0.460835
0.132146
0.37658
0.147283
0.44346
0.140366
0.00321666
0.123063
0.298091
0.0110015
0.75767
0.673796
0.413599
0.262111
0.183265
0.712157
0.712124
0.320578
0.00354035
0.289282
0.34548
0.752173
0.434974
0.98362
0.00727414
0.00397926
0.110258
0.579701
0.0938324
0.223359
0.309046
0.460812
0.169962
0.0656754
0.689241
0.0571954
0.376556
0.376574
0.716117
0.000150952
0.127526
0.262064
0.28231
0.0425206
0.688712
0.106079
0.412573
0.51432
0.323416
0.569255
0.712087
0.286101
0.816587
0.396248
0.287003
0.376556
0.283389
0.283404
0.283395
0.530559
0.462457
0.289309
0.771643
0.156267
0.345515
0.321208
0.287016
0.287016
0.376582
0.376578
0.251505
0.600486
0.185761
0.326071
0.425299
0.425299
0.502374
0.715536
0.323501
0.358187
0.46083
0.287385
0.431201
0.898521
0.0916146
0.0109941
0.376559
0.330019
0.868905
0.889395
0.376579
0.21436
0.10483
0.0275093
0.224331
0.187058
1.47988e-06
0.600469
0.00583328
0.376563
0.00224904
4.1962e-08
1.28823e-05
0.000184746
0.772966
0.431054
0.412624
0.547917
0.29103
0.0341681
0.192377
0.0861116
6.87088e-07
0.113327
0.954316
0.819004
0.260383
0.817773
0.307098
0.615968
0.0472861
0.412615
0.127027
0.249562
0.315051
0.0328224
0.438373
0.376604
0.246243
0.295375
0.307105
0.510956
0.411303
0.83531
0.376578
0.753075
0.557608
0.0427299
0.285245
0.376606
0.153425
0.502367
0.195833
0.478109
0.532244
0.376582
0.376588
0.968207
0.0349742
0.41427
0.302704
0.129058
0.692954
0.0292454
0.976148
0.713809
0.442379
0.177189
0.0355236
6.83565e-06
0.514267
0.261728
0.00612147
0.376563
0.262041
0.175212
0.158374
0.0381486
0.0154344
0.566072
0.437529
0.37659
0.138154
0.244707
0.173836
0.948279
0.423105
0.0409606
0.000507646
0.0147053
0.423097
0.210179
0.188055
0.376567
0.376574
0.385689
0.26413
0.055326
0.816599
0.376604
0.00600044
0.180935
0.376598
0.0210735
0.376579
0.0597889
0.648452
0.000550932
0.0385449
2.83004e-06
2.68738e-06
1.86197e-07
0.300784
0.600539
0.336339
0.000102596
0.114126
0.617037
0.376593
0.376584
0.0686145
0.328369
0.527487
0.227329
0.376557
0.376558
0.530532
0.61756
0.197829
0.145172
0.574047
0.376583
0.104466
0.412619
0.204294
0.34461
0.227332
0.207116
0.0244749
0.936089
0.376573
0.376573
0.33818
0.461629
0.866464
0.11154
0.426122
0.00413645
0.000822926
0.737608
0.502328
0.502329
0.491406
0.101972
0.412613
0.574
0.108922
0.122401
0.250798
0.412614
0.0924274
0.412625
0.412622
0.370496
0.376605
0.376606
0.376601
0.836977
0.376581
0.12755
0.262078
0.948148
0.856106
0.863654
0.197838
0.37658
0.866498
0.0284592
0.0641178
0.193706
0.0351388
0.227382
0.374725
0.0383359
0.376587
0.376568
0.00657581
0.376559
0.0474847
0.0372925
0.773342
0.133717
0.671792
0.409013
0.376594
0.590469
0.376583
0.596956
0.315033
0.37657
0.323288
0.671793
0.255447
0.671785
0.177199
0.671785
0.671784
0.858515
0.444712
0.471291
0.180934
0.419797
0.376595
0.795311
0.376579
0.376578
0.224339
0.224333
0.0254683
0.0330105
0.0432103
0.224326
0.419899
0.114685
0.468039
0.083979
0.083978
0.0615037
0.0154484
0.673725
0.376599
0.808704
0.967852
0.80869
0.723276
0.732348
0.485664
0.712087
0.224334
0.671801
0.137283
0.287036
0.210222
0.113183
0.723284
0.376607
0.0666921
0.671805
0.730974
0.266482
0.117252
0.668161
0.808675
0.671798
0.224329
0.137276
0.224332
0.376587
0.00202589
0.379357
0.0202405
0.0093276
0.0625101
0.557778
0.315028
0.376561
0.706792
0.315042
0.30071
0.413093
0.376585
0.376581
0.315051
0.178018
0.116736
0.30273
0.137281
0.794256
0.305305
0.578067
0.184769
0.376585
0.65151
0.122306
0.360342
0.262057
0.189084
0.385764
0.703755
0.0712075
0.0380712
0.00240326
0.344243
0.143694
0.224343
0.86648
0.638024
0.376582
0.149788
0.376578
0.783609
0.861652
0.205561
0.205559
0.344235
0.651655
0.651667
0.189722
0.376606
0.376606
0.300767
0.502654
0.502662
0.345488
0.300721
0.302705
0.174878
0.345482
0.651586
0.712108
0.307106
0.307111
0.315053
0.29735
0.00528477
0.349912
0.502315
8.66374e-05
0.321154
0.425218
0.100291
0.376574
0.413611
0.268808
0.641348
0.219449
0.376587
0.37659
0.376603
0.718306
0.133719
0.535793
0.283889
0.00013018
0.0098695
0.44442
0.444414
1.13748e-05
0.315036
0.383842
0.136002
0.867262
0.0133419
0.0630267
0.489565
2.10173e-06
0.454139
0.283923
0.376598
0.416834
8.61701e-14
5.32921e-15
0.425245
0.376579
0.258206
0.0161778
0.295369
0.950361
9.66207e-14
9.11814e-14
0.39101
0.376608
3.20102e-14
0.164684
0.552297
0.571715
0.37659
0.101673
6.31005e-12
0.541316
0.869202
0.27026
0.790733
0.33629
0.460804
0.314119
8.56056e-14
0.315046
0.617562
1.56991e-10
6.49172e-10
0.0784766
2.4578e-06
1.29238e-12
0.376554
0.336252
1.12734e-14
0.208234
1.12933e-14
0.235828
0.328387
0.651609
6.38403e-12
0.187923
0.385313
0.425261
0.537788
0.57403
0.376597
6.74209e-14
1.07138e-11
0.37657
2.55066e-10
0.997655
0.376574
6.14866e-13
0.37658
2.1781e-11
2.04261e-12
0.106289
2.19883e-09
3.17326e-14
0.548222
0.376598
0.287387
8.78099e-15
2.61707e-14
0.262074
0.376577
0.564533
9.13629e-14
0.262081
0.347378
7.14892e-14
0.41259
1.68963e-13
0.376606
1.12539e-15
0.262093
3.3376e-15
0.419905
0.419881
0.419868
0.192351
2.24199e-14
0.129565
1.28694e-13
0.454125
1.14429e-14
0.376588
2.15997e-14
0.537789
0.336293
0.124094
2.70769e-12
0.376569
0.262048
0.185734
7.08214e-10
2.39229e-14
0.757585
1.1283e-14
0.604663
4.43146e-15
0.376586
0.287028
0.266985
0.187064
4.47305e-15
1.32782e-15
0.376573
0.262039
0.423101
0.314105
0.175376
2.2579e-13
0.114132
2.31514e-14
1.14189e-14
1.14753e-14
0.24955
0.525988
0.674398
0.376605
2.36624e-14
0.262099
0.376599
0.376598
3.15094e-14
0.236355
0.376582
0.376578
2.07997e-13
3.46912e-14
0.376585
0.454118
0.376601
0.235837
8.59228e-14
2.18908e-13
1.16009e-14
0.383886
1.00489e-13
0.180485
2.58351e-14
1.85222e-15
7.88393e-14
0.947065
5.28874e-15
1.32735e-14
0.533491
0.609834
0.462442
1.93859e-13
0.617576
0.376583
4.13973e-12
8.41098e-13
1.34348e-12
0.651576
0.29532
6.44651e-15
0.314095
0.423888
0.262048
0.376573
2.92875e-12
1.21835e-09
2.71087e-10
0.135417
1.9372e-10
0.292535
0.571729
0.376596
0.939835
0.376587
0.309048
4.37155e-15
0.235825
0.604636
0.674359
0.423821
0.413526
0.164653
0.789165
3.04941e-12
0.376586
9.67922e-12
0.489593
0.60771
2.52709e-14
2.81134e-12
0.249555
0.376581
0.24956
0.428058
0.345497
4.09945e-14
1.95791e-13
0.376582
0.249587
0.537825
0.80964
0.574074
0.178011
0.192393
6.64101e-15
1.14976e-11
2.99092e-14
2.18173e-13
9.25892e-13
7.85218e-14
0.37656
0.37656
3.15312e-14
0.376994
0.244639
0.423842
0.423849
0.000537117
0.00117168
0.161356
0.161358
0.347328
0.376561
0.971944
0.462385
0.462399
0.502626
0.342457
0.376587
0.0733778
0.948406
0.133506
0.0466193
0.0155613
0.416235
0.376595
0.376583
0.805284
1.86067e-06
0.621335
0.128777
0.42212
0.0198136
0.29162
0.130433
0.210193
0.532145
0.376589
0.376587
0.732353
0.376604
0.501135
0.50113
0.578094
0.117432
0.0426378
0.00154243
0.167324
0.878454
0.133715
0.0270297
0.00534299
0.3766
0.376606
0.915076
0.28252
0.00121486
9.2634e-05
0.852013
0.772353
0.642144
0.0334326
0.262054
0.0558638
0.0188028
0.600449
0.126922
0.0242629
0.126512
0.738454
0.617006
0.858651
0.0981158
0.50265
0.329801
0.313405
0.00146786
0.421372
0.0257376
0.659358
5.14171e-05
0.114134
0.287024
0.00338096
0.807841
0.229363
0.262085
0.651632
0.251517
0.251517
0.471286
0.151159
0.283409
0.960541
0.960547
0.361373
0.105629
0.757583
0.361377
0.236355
0.610943
0.413553
0.630192
0.971693
0.262102
0.323488
0.905705
0.133723
0.0475362
0.757623
0.376584
0.727421
0.727421
0.571692
0.262079
0.262076
0.224338
0.533644
0.376607
0.413098
0.346027
0.921672
0.300767
0.109162
0.0924293
0.0971172
0.270259
0.600451
9.56844e-05
1.52287e-12
0.478058
2.03187e-07
0.866853
0.037239
0.598537
0.23384
1.51298e-07
0.376582
0.174201
0.00901428
0.77152
0.598539
0.792848
0.72866
0.525959
0.416803
0.376587
0.817793
0.711935
0.445811
0.182653
0.423852
0.471301
0.345808
0.262058
0.416811
0.562426
0.445677
0.0965347
0.411581
0.323399
0.846873
0.0518639
0.776718
0.376577
0.302725
0.414414
0.574066
0.611703
0.564252
0.459427
0.734995
0.803963
0.335059
0.0849955
0.471182
0.412553
0.262075
0.262086
0.444425
0.0386068
0.0908788
0.00318404
0.0902463
0.520712
0.508539
0.376593
0.175401
0.000503796
0.0512773
0.0632975
0.321155
0.262048
0.0290884
0.143382
0.423328
1.22225e-10
0.178011
0.00665373
0.712104
0.468049
0.503563
0.503535
0.00773032
0.124074
0.0997212
0.438312
0.434638
0.952942
0.317293
0.131905
0.38386
0.323437
0.289194
0.0794376
0.96181
0.503568
0.376595
0.0794281
0.425225
0.998035
0.423933
0.528946
0.321165
0.361375
0.70025
0.908732
0.37658
0.987166
4.76517e-07
0.240716
0.494006
0.823061
0.17722
0.175403
0.0400597
0.28611
0.13191
0.258726
0.112107
2.29465e-10
0.237743
0.376584
0.872971
0.39589
0.108551
0.181858
0.226215
0.210217
0.460851
0.114127
0.38386
0.354291
0.222507
0.389799
0.376561
0.630354
0.445654
0.376573
0.0966365
0.0616163
4.52738e-06
5.90877e-05
0.525986
0.106724
0.252099
0.138052
0.235819
0.16964
0.376565
0.298076
0.651576
0.651576
0.389817
0.376589
0.205547
0.376587
0.564175
0.423946
0.502344
0.376594
0.42611
0.376581
0.300725
0.307116
0.307108
0.641994
0.580874
0.389809
0.161359
0.376573
6.03242e-09
0.0446105
0.0218949
1.89788e-14
0.444452
0.417375
0.345521
0.266998
0.471306
0.361384
0.263542
0.376584
0.416811
0.5717
0.480458
0.361391
0.910321
0.376601
0.444642
0.0794529
0.397822
0.558131
0.742959
2.06872e-05
0.411306
0.175405
0.37657
0.199909
0.37656
0.210172
0.37656
0.376573
0.185755
0.262069
0.75577
0.157127
0.000108404
0.0593117
0.188054
0.858794
0.188053
0.188052
0.188053
0.188051
0.188061
0.75758
0.541335
0.651599
0.617541
0.376586
0.37659
0.376605
0.376596
0.987175
0.541378
0.403421
0.192363
0.376597
0.483506
0.483497
0.423091
0.111978
0.323422
0.323441
0.262076
0.376581
0.37659
0.376587
0.309685
0.321223
0.397816
0.397812
0.39781
0.37658
0.426097
0.326073
0.0711961
0.326068
0.147712
0.326072
0.113152
0.244645
0.732519
0.00229353
0.376606
0.376606
0.645385
0.219323
0.771597
0.919882
0.723534
0.376559
0.0413152
0.0887194
0.262049
0.503535
0.188059
0.421648
0.249563
0.522008
0.384156
0.376583
0.428063
0.262067
0.376569
0.37656
0.29469
0.816194
0.376574
0.376574
0.26205
0.376992
0.210385
0.376586
0.153983
0.478096
0.0525099
0.929848
0.000215857
0.000659245
0.262045
0.444421
0.300718
0.283374
0.442332
0.16136
0.361361
0.361373
0.415721
0.251501
0.530558
0.340557
0.535442
0.502364
0.929554
0.462488
4.37437e-11
0.488033
0.817266
0.279774
0.279769
0.947284
0.376578
0.90278
0.42214
0.151709
0.00306759
0.000909547
0.376606
0.302736
0.236386
0.959898
0.161351
0.213777
0.546757
0.573986
0.982353
0.33625
0.210171
0.384145
0.0580564
0.37658
0.0327792
0.336303
0.312696
0.276419
0.261871
0.291551
0.0702534
0.255449
0.525946
0.376555
0.887787
0.204489
0.126927
0.326078
0.604655
0.35428
0.661612
0.254112
0.254101
0.154779
0.525999
0.161363
0.161364
0.316095
0.31608
0.00143409
1.45078e-07
0.266957
0.331754
0.459349
0.262077
0.529051
0.155601
0.38386
0.210214
0.000204312
0.376603
0.571737
0.234718
0.234713
0.336286
0.419896
0.203434
0.376578
3.31054e-07
0.412561
0.376582
0.538101
0.376606
0.119997
0.300762
0.878826
0.334346
0.548212
0.182445
0.174899
0.109524
0.722768
0.812026
0.37656
0.37656
0.589686
0.376994
0.666821
0.412792
0.262088
0.0274404
5.98957e-08
0.933897
0.376575
0.289701
0.134732
0.788543
0.651545
0.330029
0.188061
0.468986
0.336273
0.571701
0.376586
0.37659
0.210213
0.471301
0.313913
0.314392
0.759938
0.376583
0.0150207
0.0432078
0.302716
0.376567
1.34496e-12
0.000590884
0.574012
0.183376
0.885016
0.300751
0.178009
0.376604
0.0904309
0.0929567
0.38984
0.307186
0.813919
0.000212697
0.331039
0.445704
0.286103
0.114113
0.117778
0.946369
0.0136734
7.22691e-12
0.0202624
0.471323
0.471323
0.333417
0.940806
0.924673
0.000510686
0.213629
0.224323
0.376556
0.000135352
0.0119764
0.210726
0.0360247
0.00200117
0.803965
5.51343e-05
0.959667
0.00327127
0.471287
0.376575
0.71207
0.131899
0.44234
0.930785
0.616954
0.483488
0.712064
0.56416
0.538926
0.596687
0.0661596
0.262086
0.15844
0.866479
0.376596
0.666234
0.460811
0.291885
0.344224
0.502319
0.289284
0.289284
0.578039
0.175389
0.0666851
0.0824349
0.0696707
0.260142
0.0243435
0.0130879
0.376606
0.0171358
0.61365
0.494668
0.0024761
0.232028
0.402685
0.151167
0.376577
1.10523e-13
0.92922
0.302729
0.302735
0.091533
0.448404
0.0222798
0.0333525
0.317328
0.60509
0.376588
0.641045
0.195324
0.00230411
0.454082
0.0269003
0.262067
0.425615
4.90896e-14
0.58669
0.336806
2.22455e-14
0.586698
1.84412e-11
2.13988e-14
0.300725
0.571278
1.31747e-09
0.000466961
0.215984
0.0246401
0.428049
0.0720306
0.19236
0.000724133
0.36176
0.673532
0.914897
0.376595
0.246434
0.293642
2.59181e-06
2.1937e-08
0.118497
2.19041e-14
0.287005
0.287005
1.00508e-13
0.617526
0.333994
0.133552
0.426218
0.336777
8.51599e-15
0.618731
0.483532
0.483524
0.376598
0.674387
0.376582
0.855121
0.50355
0.203178
0.376578
0.503572
0.85164
0.321233
0.321233
0.72947
0.321239
0.222704
0.140363
0.114126
0.336306
0.114126
0.114126
0.0088287
0.471251
0.257195
0.384131
0.257212
0.376587
0.961263
0.746662
0.426108
0.315046
0.062561
0.300747
0.300743
2.05132e-06
0.697819
0.309004
0.308995
0.048609
0.0619682
0.445651
0.412558
0.000611309
0.247764
0.376591
0.412583
0.412573
0.376596
0.412573
0.41256
0.11805
0.412573
0.371551
0.376579
0.21303
0.241382
0.270266
0.270272
0.376582
0.37658
0.37659
0.376587
0.376604
0.180501
0.157007
0.270064
0.41258
0.285089
0.46081
0.499798
0.834211
0.149959
0.476599
0.788561
0.578524
0.0625446
0.338411
0.262113
0.707633
0.707633
0.262111
0.978247
0.978232
0.771611
0.861813
0.30073
0.37656
0.187041
0.37656
0.0946734
0.376588
0.384151
0.3593
0.113831
0.266982
0.266982
0.266982
0.345387
0.266961
0.182853
0.376564
0.376557
0.376574
0.376574
0.376574
0.376589
0.376585
0.771581
7.4917e-08
0.437395
0.771602
0.426108
0.771602
0.77156
0.771558
0.771585
0.26207
0.866472
0.376566
0.626945
0.376567
0.309033
0.309044
0.376578
0.376589
0.376586
0.376604
0.651655
0.651655
0.701166
0.114131
0.02408
0.376582
0.258726
0.286103
0.376579
0.85512
0.855127
0.300755
0.272414
0.113029
0.564297
0.28612
0.342974
0.342974
0.376594
0.573593
0.898834
0.454098
0.445666
0.54053
0.54053
0.425394
0.376572
0.733364
0.0801549
0.383867
0.757654
0.29367
7.41367e-11
1.47323e-13
0.274586
0.358872
0.299579
0.293631
0.412585
0.0898719
0.202227
0.262048
0.315176
0.376582
0.254039
0.540581
0.0926931
0.238894
0.376597
0.234004
0.0994771
0.241537
0.239566
0.376585
0.117017
0.236341
0.37657
0.0663457
0.0663465
0.37658
0.37658
0.376589
0.376586
7.78436e-12
0.376604
0.11413
0.292542
0.114131
0.00990662
0.384156
0.216935
7.56289e-07
0.951143
0.376578
1.65047e-07
0.517143
0.71214
0.460846
0.42387
0.757689
0.262111
0.262111
0.262093
0.28929
0.289294
0.187053
0.541318
0.389801
0.321156
0.235816
1.9932e-09
0.242623
0.929203
0.493974
0.24263
0.444425
0.188054
0.188054
0.444415
0.444407
0.730012
0.503496
0.712033
0.23767
0.210186
0.376575
0.185745
0.185745
0.761525
0.376591
0.489583
0.185759
0.0656052
0.667743
0.00902337
0.251108
0.371558
0.604608
0.262028
0.541284
0.77146
0.133693
0.782649
0.37658
0.70745
0.584595
0.213784
0.376604
0.474055
0.703858
0.0422598
0.187066
0.626041
0.262075
0.880475
0.376578
0.21019
0.289288
0.376586
0.813706
0.546812
1.33596e-07
0.262116
0.423134
0.149236
8.53446e-12
0.697822
0.0780616
0.651628
0.571686
0.300722
0.933106
0.190285
0.0435321
0.32118
0.19237
0.438565
0.342876
6.31136e-14
0.613199
0.132697
3.08225e-11
0.133711
0.376569
0.483469
0.371617
0.666264
0.666294
0.483488
1.36865e-08
0.00269059
8.44289e-09
1.66367e-06
0.132695
0.359766
1.58602e-11
0.460829
0.292357
0.359754
0.930751
0.000754441
0.00166565
0.793935
2.95358e-06
0.712066
0.326063
0.871059
0.855121
0.08123
0.205555
0.262078
0.460841
0.416842
0.416842
0.309066
0.210209
0.361384
0.376346
0.153442
0.712089
0.376578
0.161355
0.903045
0.286105
0.402865
0.855131
0.204973
0.131924
0.05275
0.195336
0.286113
0.438349
0.00778543
0.114126
0.616939
0.461204
0.0824463
0.317324
0.0473946
0.0822066
0.0862195
0.246931
0.426268
0.376583
0.321197
0.938826
0.454108
0.395825
0.388651
0.300711
0.114129
0.188093
3.2562e-15
0.422125
7.14828e-12
0.546773
0.852011
0.0318532
0.445716
0.321201
0.376595
0.412631
0.210193
0.330039
0.321188
0.321184
0.228936
0.188055
0.111104
0.135209
0.376574
0.103088
0.21019
9.96727e-15
0.376587
0.0290705
3.19468e-14
0.376604
0.188059
0.596773
0.71184
0.93534
0.423936
4.09971e-14
0.412614
0.85512
0.122763
1.52227e-11
0.55403
6.78631e-08
0.651671
0.32124
0.0834156
0.530592
1.71668e-13
0.878337
0.141022
0.478052
0.376559
0.103648
0.651554
0.344205
0.252735
0.412624
0.0336817
0.855117
0.192376
0.489559
0.905445
0.376583
2.47784e-12
0.376569
0.0674982
0.295326
0.376555
0.376573
0.376573
0.161365
0.0235171
0.0169034
0.412559
0.66402
0.502674
0.0448624
0.3614
0.251517
0.660566
0.22424
0.376595
0.158936
0.158932
0.376569
0.348154
0.922662
0.922678
0.922676
0.422139
0.37659
0.454117
7.84196e-05
7.47816e-05
0.11665
0.421848
0.3766
0.30272
2.26093e-15
0.0109764
0.56705
0.0548742
0.176296
0.176302
3.71662e-12
0.241548
0.182078
0.376608
0.376606
0.471321
0.0166684
0.187067
0.471288
0.502339
2.7732e-06
0.262053
2.19562e-14
0.0440447
0.205533
0.231899
0.262079
0.131907
0.234522
0.0629957
0.302718
1.15371e-14
0.0531077
0.383853
0.302709
0.0577937
0.384132
0.187036
0.124087
1.12803e-14
0.376574
0.389831
0.855099
0.300734
0.126154
0.323325
0.855116
0.321203
0.376596
1.27028e-14
0.233418
0.376587
0.307105
0.376571
0.376559
0.514131
0.438317
0.262063
0.502323
0.489411
0.162234
0.284312
0.559684
0.480597
0.330032
0.330022
0.384174
0.180162
0.855122
0.855121
0.376578
0.32119
0.114127
0.674401
0.0855005
0.239784
0.192392
0.674461
0.71216
1.16072e-14
0.0849261
0.403545
0.777868
0.872787
0.286098
0.376559
0.650802
0.175378
0.444393
0.309031
0.300745
0.208845
0.26208
0.319739
0.454118
2.22285e-14
0.087015
0.201711
0.454098
0.131898
0.124078
0.260514
0.541336
0.712064
0.293632
0.161367
5.69232e-14
0.376587
0.376591
0.262086
0.376596
0.412632
0.330049
0.118048
0.196793
0.25275
0.293664
0.114129
0.205539
0.82836
0.000323559
0.489547
0.489556
0.287015
0.11997
0.00902305
0.2621
0.270384
0.454139
3.68879e-15
0.100258
4.7947e-10
0.483502
1.25745e-13
0.614715
0.00924495
0.000116428
1.82008e-10
0.422141
0.132708
1.20787e-10
0.286121
0.376606
0.0758282
4.81198e-12
2.66421e-15
0.188049
0.57172
0.293659
0.293642
0.471252
0.471252
0.37656
0.426714
2.26518e-09
0.892858
0.831259
0.65163
0.216878
0.28702
0.0500605
0.298088
0.344213
0.796033
0.376564
0.43907
0.180476
0.602934
0.327515
0.114134
0.286111
0.444427
0.124743
0.855105
0.321199
0.413549
0.70878
0.471507
0.114133
0.503544
0.0382835
0.132693
0.321157
0.376566
0.376566
0.817813
0.376581
8.45915e-15
1.14814e-14
0.416823
0.185211
0.0110532
0.445758
2.45029e-09
6.97713e-07
0.0010165
0.397808
0.860806
0.233433
0.449524
0.425242
0.947095
0.321202
0.970146
0.906514
0.303685
0.381483
0.428098
0.462547
0.62913
0.404103
0.139486
0.0877493
0.578026
0.131899
0.502292
0.161355
0.210184
0.700181
0.376581
0.323312
0.205563
0.45412
0.421834
0.344225
0.376577
0.0504871
0.502289
0.376562
0.0341983
0.445651
0.382969
0.416804
0.323312
0.376582
0.615742
0.89311
0.231423
0.0885387
0.0197657
0.13608
0.214546
0.227361
0.442384
0.234687
7.71817e-12
3.41946e-06
0.37657
0.548172
0.152755
0.209608
0.150108
0.0405032
0.123302
0.0692024
0.0364141
0.0603623
0.0864721
0.781714
0.2834
0.085614
0.151459
0.412613
2.07272e-08
0.50232
0.502331
0.138303
0.00251548
0.438112
0.625995
0.0152318
0.984427
0.0806751
0.1448
0.321208
0.298712
0.0609151
0.132689
0.570217
0.287004
1.13853e-14
0.0682314
0.292526
0.420008
4.50311e-15
0.0990492
0.172802
0.483364
3.22425e-14
0.114127
0.444406
0.376559
0.00464884
0.376555
0.103549
0.376574
0.0437643
0.0199518
0.00983273
0.0133157
0.133714
0.210213
0.035361
1.59523e-05
0.768315
0.525964
0.330032
0.529444
0.188091
0.0751652
0.361361
0.0758915
0.376556
0.376569
0.37658
0.376578
0.548205
0.47129
0.136667
0.374863
0.595836
0.133722
0.836133
0.137493
0.426959
0.558213
8.75628e-06
0.878454
0.376577
0.376585
0.81786
0.564272
0.932576
0.540689
0.540681
1.90033e-05
0.10397
0.292544
0.133721
0.0540562
0.462447
0.425205
0.114129
0.573983
0.148098
0.376571
0.546784
0.184755
0.161359
0.307115
0.275896
0.376581
0.376582
0.376574
0.684258
0.337574
0.571667
3.08731e-13
0.757582
0.376573
0.757582
1.13001e-14
0.345502
0.00116082
0.315057
0.262087
0.962705
0.235729
0.136785
0.376586
0.376587
0.283411
1.42927e-05
0.273521
0.425208
0.336263
0.336263
0.336279
0.0804237
0.266706
6.11986e-11
0.133717
0.287028
0.000222221
0.180539
0.33631
0.302732
0.30272
0.75762
0.00405404
0.0251649
0.114127
0.129828
0.0231278
0.548194
0.127679
0.444454
0.054176
0.0585251
0.779328
0.40275
0.376592
0.376582
0.345505
0.283398
0.571665
1.13754e-14
0.376559
1.13757e-14
0.0294935
0.376588
0.37658
0.376586
0.0309859
2.31869e-09
0.413547
0.114125
0.182463
2.82441e-06
0.0100425
0.153736
0.153728
0.0150726
0.669184
0.914439
0.757617
0.376583
0.623853
0.0448449
0.0164262
0.720433
0.0495508
0.444437
0.530546
0.28051
0.530562
0.124093
0.376577
0.000490545
0.376567
0.0309081
0.104131
0.0300828
0.21019
0.37659
0.205708
0.376604
0.0670915
0.212166
0.0367651
0.300757
0.733781
0.896205
6.42537e-05
0.0992754
0.376578
0.610711
0.525983
0.462475
0.462526
0.923741
0.526027
0.00447292
2.68493e-12
0.483539
0.483519
0.266996
0.266999
0.752928
0.0449157
0.866465
0.822628
0.720164
0.262065
0.774096
0.859413
0.454125
0.514523
0.454118
0.177429
0.167593
0.933482
0.0247981
0.0232768
0.262048
0.0933352
0.705224
0.912781
0.266947
0.266961
0.785971
0.797467
0.161414
0.100774
0.213795
0.00115335
0.0184607
0.00114887
0.96777
0.661849
0.249913
0.249905
0.227341
0.0169218
1.45212e-07
3.97301e-11
0.376579
0.00275245
0.00189666
0.000159722
0.376606
0.18161
0.195958
0.234437
1.11427e-05
0.143155
0.383857
0.376584
0.090697
0.112051
0.172798
0.298091
0.489848
0.161354
0.230744
1.31527e-11
0.149582
0.164231
0.238449
0.140242
0.31508
0.262092
0.502628
0.502611
0.50261
0.50261
0.962866
0.376572
0.0492704
0.287896
0.771599
4.79672e-07
2.96078e-07
0.138067
0.046116
0.244637
0.471266
0.471252
0.188511
4.91143e-05
0.148998
0.000160378
1.20985e-05
0.0151547
5.32136e-05
0.471286
0.0447122
0.0115093
0.379704
0.806728
0.3363
0.80672
0.0749395
0.376587
1.21975e-05
1.59851e-05
0.249522
5.28401e-07
0.114754
0.185719
0.830691
0.00441315
4.85931e-05
0.0584429
0.267007
0.0193736
5.66949e-13
0.757661
3.35635e-06
0.00128266
0.585027
0.0616543
0.460287
0.00135437
0.00393137
0.00057561
0.00141776
0.000388235
0.904071
0.13046
0.428095
0.0114278
0.0574228
2.1287e-05
0.264145
0.231919
0.0660371
0.0193017
0.101153
0.20899
0.0436194
0.0486481
0.0867785
0.652139
0.370261
0.370262
0.281082
0.525641
0.79805
0.484221
0.423821
0.117971
0.314832
0.301175
0.413484
0.446553
0.306944
0.314118
0.0542706
0.146084
0.243762
0.00571667
0.444439
0.444439
0.483521
0.00961807
0.0504816
4.5306e-09
3.72573e-12
7.54613e-12
0.159604
0.178008
0.208316
7.96339e-08
9.25878e-07
0.000322803
0.0287622
0.00103651
0.0136124
0.130876
0.0356826
0.736132
0.133721
0.376581
0.328383
0.765629
0.535937
0.419891
0.419891
0.376584
0.141296
0.0918938
0.270321
0.397823
0.397819
0.503626
0.109484
0.503585
0.503575
0.389828
0.389808
0.0420638
0.161355
0.161355
0.411274
0.411288
0.0591479
0.376579
0.541365
0.357055
0.22236
0.262082
0.262082
1.12783e-11
8.81416e-13
9.93095e-09
3.39063e-06
0.00104851
0.934096
0.615662
0.388941
0.0835809
0.344229
0.26697
3.43142e-07
1.47898e-06
0.847957
4.12007e-07
0.423118
0.428056
5.02819e-13
0.10528
4.19941e-13
0.376575
0.295328
1.32944e-07
0.133706
1.7723e-07
0.132697
0.000237478
0.175396
0.000237511
0.376605
0.11413
0.000141591
0.442391
0.000141554
0.000141481
0.376582
0.000237509
0.000510755
0.599184
0.188053
0.356574
0.000510812
0.309083
0.122147
0.376612
0.786845
0.133729
0.540686
0.0397335
0.483508
0.000237613
0.000510684
0.356579
0.344205
0.114129
0.000510454
0.00262367
0.172806
0.976271
0.133717
0.000178757
0.674399
0.133717
0.309047
0.422132
0.37657
0.351806
0.00123104
0.578012
0.376574
0.286104
0.0404914
0.000386644
0.00123129
0.133713
0.842087
0.293675
0.222923
0.112446
0.13372
0.454117
0.182206
0.262082
0.175395
0.361384
0.00191317
0.00138345
0.502307
0.320827
0.320829
0.114129
0.320835
0.320835
0.00385807
0.000387024
0.376604
0.422162
0.320839
0.464154
0.940498
0.320831
0.440946
0.548185
0.376578
0.502332
0.546777
0.0678395
0.0674307
0.300786
0.317745
0.376606
0.376606
0.409015
0.187064
0.133721
0.469497
0.300721
0.3141
0.384132
0.0738679
0.376573
0.571714
0.000523432
0.376587
0.376594
0.903983
0.376582
0.478074
0.376575
0.323427
1.41914e-07
0.289278
0.282289
0.0411746
0.00214398
0.376575
0.462428
0.185745
0.00165313
0.133714
0.42612
0.361399
6.58922e-05
0.0650246
0.328379
1.12011e-14
0.266952
0.262047
0.0085934
0.239266
0.376551
0.927362
0.539349
0.114128
0.262068
6.25222e-05
0.262077
0.30076
0.537816
0.651653
0.600526
0.00342779
0.687369
0.0399617
0.474479
0.00199264
6.5074e-11
0.462459
0.46082
0.65161
0.315057
0.426127
0.289309
0.502691
0.00491512
0.315062
0.168548
0.489566
0.344226
0.00439712
0.462416
0.00177112
0.376558
0.224325
0.262067
2.13051e-14
0.300736
0.00439873
0.466497
0.185754
2.1437e-14
0.430661
0.262065
0.00541379
0.0025714
0.539352
0.00452278
1.12749e-14
0.888316
0.000662919
0.539368
0.175387
0.617554
0.000605725
0.0361097
0.0930218
0.00201175
0.00201175
0.26207
0.616984
0.307119
0.883313
0.376579
0.000605455
0.454095
0.224329
0.72164
0.888277
0.37658
0.888279
0.283407
0.361404
0.133725
0.978362
0.88827
2.13456e-14
0.00135429
0.000605735
1.42099e-10
0.888277
3.43594e-11
0.287017
0.721643
4.79158e-11
0.3766
0.721642
0.113852
0.00135541
0.000905011
0.134642
2.14605e-14
0.114125
1.15538e-14
0.114126
0.413502
0.293633
1.41393e-10
1.4142e-10
2.13324e-14
0.132697
0.239724
0.287391
0.888264
0.454118
0.000430919
0.309047
0.000430764
0.423822
8.38593e-11
0.618566
2.11306e-14
0.888315
0.287386
0.000430585
0.888304
0.256932
0.995649
0.721622
0.376604
0.597391
0.330048
0.376595
8.37259e-11
0.376583
0.721626
0.376582
0.00100012
0.806401
3.32717e-11
0.336256
3.43197e-11
3.35022e-11
0.239722
0.877592
0.262078
0.11413
0.287401
0.548231
0.721638
0.721637
0.175391
0.307105
0.0519753
0.175393
0.314113
3.01636e-05
3.01774e-05
0.384158
0.0246502
0.918881
0.38419
0.361409
1.39614e-05
0.019958
0.716711
0.84212
0.0534775
0.53776
0.847431
0.417442
0.281733
0.175378
1.14595e-14
0.866476
2.58399e-05
2.58542e-05
0.321205
0.389825
1.06399e-11
0.376583
0.287384
0.777875
0.168417
0.44094
0.489515
0.489537
0.502306
0.376574
5.39712e-15
0.133711
0.000254254
5.40903e-15
5.43449e-15
0.483522
0.205562
5.47003e-15
0.376586
0.376587
0.376595
0.300749
0.376577
0.262055
5.71962e-08
0.302711
1.86315e-10
0.571704
0.721638
5.49125e-15
2.49987e-12
0.344667
0.262102
0.376605
1.1271e-14
5.48783e-15
5.45879e-15
0.425245
5.48381e-15
0.287014
0.287382
0.910292
0.478069
0.842105
0.133723
4.78802e-12
1.15242e-14
0.618475
0.46085
1.15922e-14
1.15377e-14
0.235824
0.721646
0.376567
0.300729
1.13761e-14
1.13789e-14
0.483468
0.419883
0.188059
0.218801
1.13502e-11
0.376594
0.376582
1.15332e-14
0.693957
0.376575
0.229339
0.192349
0.0905446
0.0233481
0.0226173
0.000696222
0.0247502
0.164306
0.376583
0.376586
2.66503e-14
2.67522e-14
0.376595
0.0585541
0.454131
0.247219
0.523438
0.24693
0.0164031
0.376571
0.0125023
0.416073
0.148882
0.134188
0.152977
0.842097
1.14585e-14
0.721637
0.376605
0.335611
0.626963
0.331517
0.224343
0.693908
0.000118669
0.175394
0.72164
0.0142407
0.72164
1.15228e-14
1.15178e-14
4.8191e-12
0.00027637
0.842122
0.721646
0.287401
0.978344
0.73106
0.604674
0.721648
0.376569
0.376559
0.483469
0.376559
1.13808e-14
0.114128
0.376587
0.37658
0.104045
2.77159e-12
1.15212e-14
0.000413357
1.15225e-14
0.000276061
0.537764
0.0338143
0.578025
0.303595
0.34337
0.842081
0.781688
0.361391
1.13299e-14
0.376587
0.175392
1.13781e-14
1.29874e-07
0.376595
0.419145
0.175389
1.13251e-14
0.721628
0.262074
1.13933e-14
1.13872e-14
0.842092
0.842092
0.425231
0.397792
0.000301917
1.08201e-08
0.883318
0.419923
0.00759982
0.00504191
0.132704
0.0104115
0.675123
0.95033
0.29536
0.000890114
0.25914
0.376578
0.295368
0.00338891
0.795399
0.242643
0.44446
0.295398
0.20297
0.12545
0.262094
0.381241
0.298092
0.30074
0.537588
0.74745
0.315031
0.42738
0.262068
0.88906
0.20611
0.571715
0.210446
0.320103
0.148486
0.0662875
0.549257
0.608338
0.617513
0.264115
0.262045
0.977858
0.488775
0.287386
0.287395
0.111958
0.249964
0.37659
1.14173e-05
0.450653
0.175399
0.262083
0.618556
0.343376
0.244647
1.13953e-14
0.192362
0.161359
0.224328
0.266951
0.617538
0.721641
6.17204e-14
0.842103
0.540604
0.211311
3.1374e-06
0.771648
0.252753
0.651509
0.376581
0.842103
0.266982
0.37658
0.0751732
0.202954
0.693923
0.693923
0.000139105
0.205577
0.842123
0.376608
0.264127
0.262115
0.376594
0.778036
0.968281
0.178626
0.298073
3.54907e-14
0.456346
0.376559
0.17539
0.26628
0.360822
0.899496
0.415843
0.721638
0.899501
0.422141
0.617544
0.252734
0.161358
0.178007
0.422104
0.321153
0.721619
0.376572
0.376585
0.651593
0.0741922
0.419901
1.28927e-14
0.417479
0.376596
0.441231
7.26458e-11
0.462439
0.0126452
0.196278
0.292514
1.13779e-14
0.423901
0.205539
0.281745
0.000220565
0.571704
0.188056
0.376587
0.842109
0.236373
0.604706
0.3766
0.376599
4.0549e-13
0.344223
0.133716
0.721639
0.423832
0.438341
0.503568
0.468046
0.483526
0.376605
2.95789e-14
0.376606
0.249592
0.132709
0.425273
0.376582
0.376588
0.416799
0.175382
0.651557
0.41679
0.416789
0.302712
0.328386
0.000172806
0.075643
0.454132
0.409007
0.618511
0.50233
0.262066
0.883301
0.234845
0.345484
0.883282
0.114133
0.604636
0.272341
0.336273
0.445679
0.578064
1.13187e-14
1.13632e-14
0.530568
0.712123
0.502665
0.407277
0.551919
0.416817
0.106499
0.361373
1.12753e-14
0.412584
0.272335
0.00468624
0.0572924
0.249904
0.604676
0.755955
0.679902
0.262101
0.295387
0.721639
0.502352
2.4408e-13
0.262076
0.175393
0.376578
0.118258
2.52607e-05
0.0719872
0.298089
0.289302
1.15533e-14
0.175416
0.88336
0.175414
0.00182067
0.502347
1.15903e-14
0.788567
0.175389
0.462417
0.583083
0.4624
0.376559
0.0458358
0.6005
0.287018
0.196281
1.15225e-14
0.525982
0.721638
1.15269e-14
1.14451e-14
0.361374
0.175376
1.13689e-14
0.842088
0.101775
0.106502
0.84208
0.396901
1.13297e-14
1.13529e-14
0.175393
0.114841
0.602623
0.175401
0.842103
3.50844e-14
3.49885e-14
0.578085
0.174896
0.32607
0.272327
0.175383
0.175383
0.272433
0.175394
1.14516e-14
0.321198
0.376586
0.422168
0.2621
1.15058e-14
0.19238
0.113835
0.721637
0.175392
0.22138
0.376578
0.338841
1.14742e-14
1.15158e-14
0.262083
0.489587
0.133727
0.11776
0.721646
1.15972e-14
0.0405045
0.376592
0.376583
1.15556e-14
1.14959e-14
0.423452
5.59949e-05
0.188051
0.376559
0.175389
0.376588
0.272325
0.951454
0.376592
0.376583
0.454118
1.15401e-14
2.44609e-13
0.564161
0.856848
0.666193
0.755933
2.4204e-13
0.175381
0.132686
0.262065
0.272338
0.755957
0.171572
0.142965
1.14314e-14
0.417476
0.376594
0.28739
0.867302
1.13523e-14
0.189386
0.61754
0.287009
0.721629
1.13559e-14
1.14617e-14
0.539346
0.779304
0.651623
0.175394
0.0405036
2.97126e-14
0.2621
0.307117
0.445731
0.175389
0.175392
0.503546
0.345497
0.345497
0.376578
0.548198
0.376582
0.114126
2.54122e-12
0.618786
0.175414
0.187079
0.236387
0.300753
0.30272
0.571723
0.400857
0.376557
0.408977
0.383832
0.674332
0.37657
0.328384
0.409001
0.454125
0.376592
0.376582
0.300747
0.376583
2.03778e-13
0.272322
0.50261
0.454089
0.229325
5.388e-15
0.376573
0.489537
0.376585
0.132691
0.483506
0.712106
0.376605
0.175401
0.175401
0.326084
1.13753e-14
0.266969
1.13878e-14
0.742801
0.755944
0.389811
0.370647
0.043924
0.321181
0.323305
0.376586
0.462487
0.376592
1.15475e-14
0.0405058
0.262109
0.361406
0.468078
0.721638
0.175393
0.376583
0.540587
0.32806
0.376576
0.57807
0.293668
0.283435
0.376604
0.530593
0.376607
0.376606
0.283447
1.55009e-10
4.07848e-09
2.02276e-09
0.119849
0.257296
0.412532
0.37656
0.00942116
0.0736704
0.31505
0.0876052
0.0113865
0.183679
1.36156e-14
0.680182
0.196275
0.721633
0.571683
0.755933
0.765524
1.1566e-05
0.376574
0.131901
0.757583
2.9228e-14
0.416816
1.13449e-14
1.13184e-14
0.454137
0.175399
0.175399
0.175399
2.92578e-14
1.12669e-14
0.940475
1.13546e-14
0.384143
0.965305
0.84208
0.414115
0.770454
0.189097
0.721635
0.321193
0.243501
0.462505
0.526012
0.0662394
5.61533e-12
0.235834
7.51095e-15
0.376581
0.965363
3.7098e-10
0.326068
4.94533e-14
0.000373869
0.4113
0.175411
0.321841
0.503636
0.540681
0.376607
0.281768
0.530568
0.376585
0.721648
0.266974
0.28174
0.281734
0.152221
0.376559
0.281744
0.114129
2.09512e-13
2.96733e-14
0.321205
0.161356
0.725777
0.213781
0.179685
0.774947
0.376558
0.537752
0.460768
0.330029
0.376573
0.76782
0.376586
0.376582
0.137618
0.286116
0.993306
0.99329
0.41991
0.376596
0.993281
0.548198
0.993293
0.993275
0.376578
0.376571
0.232338
0.993262
0.376574
0.993269
0.37658
0.293672
0.26722
0.412639
0.376604
0.651652
0.267237
0.344239
0.0308612
0.842103
0.33004
0.376578
0.292521
0.404925
4.08688e-06
0.11764
1.68904e-07
0.262107
0.64085
0.376606
0.036696
0.550354
0.175402
0.791593
1.68016e-05
0.389808
1.14434e-14
0.37656
0.344206
0.600452
1.14629e-14
0.578074
0.771574
2.84131e-05
0.0034839
0.314115
5.38589e-14
0.235833
0.455252
1.14457e-14
0.0304671
0.43503
0.436963
2.80805e-13
0.293632
0.03525
0.000144837
0.762796
0.361393
0.376589
0.266982
0.54821
0.376593
0.0352577
0.342847
0.376581
1.46757e-08
0.376581
0.743186
1.13555e-14
0.712058
1.22149e-08
0.462441
0.699881
0.376578
0.409014
0.0411957
1.22818e-08
1.15106e-14
7.78314e-09
1.14709e-14
0.511708
0.222166
0.328383
0.0376002
0.600488
0.600488
0.192041
0.0247391
0.249567
0.412582
0.137636
0.262117
0.454153
0.376608
4.06812e-11
2.60105e-05
0.0352533
0.287391
7.77638e-09
1.14421e-14
0.483469
0.0228284
0.0352434
4.31297e-05
0.376587
0.604658
4.31603e-05
0.0352591
7.78446e-09
0.262081
7.78482e-09
0.0352517
0.412543
0.321153
0.376563
1.72039e-05
0.417436
0.462397
2.23546e-11
0.468626
2.5428e-10
0.216508
0.236354
0.376605
0.185761
0.376597
0.574049
0.376586
0.48956
0.454132
0.574029
0.376579
0.177997
0.361375
0.37657
0.251502
0.264111
0.37658
0.376589
0.103661
1.56577e-05
2.30954e-05
4.21611e-05
0.000816872
0.0287104
0.0182208
0.17865
0.571711
0.409
0.186911
0.462456
0.00181667
0.164304
0.00515169
1.15373e-14
0.65151
0.423132
1.1596e-14
0.00284097
0.243097
0.169624
0.376994
1.15026e-14
0.673735
0.37656
0.000121402
4.82911e-09
0.000189681
0.627596
0.085003
0.361393
0.00284041
0.302718
0.604668
0.376583
0.502316
0.287379
0.298078
0.571669
0.267183
0.315043
0.460792
0.417439
0.330043
0.330038
0.376586
0.674395
1.13618e-14
0.386342
0.262085
1.14361e-14
1.11971e-14
0.00134835
0.000532002
0.300732
0.703046
1.00046e-08
1.11408e-14
0.376539
0.376565
0.438343
0.67438
1.14622e-14
0.376586
0.262101
0.376604
1.15051e-14
0.252752
1.14624e-14
1.14201e-14
0.114128
0.376582
0.00274888
1.14818e-14
0.376578
0.00018979
0.384159
1.598e-05
0.537345
0.00167213
1.15995e-14
0.135549
0.262112
1.15511e-14
0.616993
0.188052
0.411287
0.664777
1.13858e-14
0.712043
1.13856e-14
1.14636e-14
1.14433e-14
0.0371684
0.00631871
0.309054
0.673749
0.328382
0.57171
9.37355e-05
9.37089e-05
3.23097e-07
1.83551e-07
2.60528e-07
1.83388e-07
3.03778e-13
1.12753e-14
0.423839
1.83608e-07
0.617554
2.60896e-07
0.00436271
1.14515e-14
0.0371669
0.000121579
0.175392
7.09606e-05
0.376596
0.262077
0.236353
0.617523
0.00012144
0.617523
0.286102
1.1489e-14
0.600492
0.502656
0.376586
0.365053
0.326091
0.754328
0.300758
0.0736478
1.02083e-08
0.330039
0.462459
0.205553
5.48671e-15
5.48705e-15
7.83701e-05
0.57807
0.00800974
2.13589e-10
0.327045
0.249943
0.148775
0.330057
0.376593
0.376583
0.345506
0.376569
0.425205
0.990542
0.315031
0.37656
0.712076
0.616992
0.42523
0.425248
0.132699
0.61756
0.564213
3.15119e-09
0.132692
0.291695
1.44965e-13
0.383841
7.50394e-14
0.376574
0.292491
0.282303
0.00631805
7.7159e-05
0.43835
7.48837e-14
0.134995
0.287028
4.58437e-09
0.262084
1.49937e-13
1.49473e-13
0.314124
0.492497
0.289951
0.267196
0.754308
0.54054
0.31504
0.175394
0.300744
0.000494738
0.44571
0.445751
0.397817
0.300761
0.742796
0.0104097
0.74319
0.61755
0.0334814
0.262076
1.1484e-14
0.0575185
0.502654
0.307107
0.548225
1.15516e-14
8.57307e-05
1.16096e-14
0.502369
0.262113
0.376593
0.376585
0.743181
0.301381
0.462414
0.186049
0.578021
0.93143
6.00837e-08
0.618527
3.58585e-09
0.126499
0.376593
0.530555
0.170241
0.548199
0.471277
0.25149
0.323289
0.15885
0.684371
5.78781e-07
1.1332e-07
0.502625
0.236346
0.539364
1.1349e-07
0.262069
0.300757
0.262088
0.702816
0.651508
0.26207
0.167742
0.167748
0.425239
0.947269
0.376569
0.37657
0.175382
1.14617e-14
0.37658
0.287386
0.283413
0.114129
1.15153e-14
6.16591e-07
1.15148e-14
3.65567e-09
0.262093
0.617546
0.600497
0.283407
6.15409e-07
0.00299329
0.164297
0.376582
0.438343
1.15693e-14
1.15165e-14
0.671794
0.361409
0.289981
1.15923e-14
1.15382e-14
0.460817
0.376588
0.376567
0.384131
1.84166e-11
0.188051
0.571664
0.578049
1.14475e-14
0.37658
0.376588
1.15315e-14
0.131911
0.54678
0.376582
0.376575
0.289941
0.674337
0.188091
0.548146
0.376574
0.376574
1.12799e-14
1.13035e-14
1.13292e-14
0.65128
1.13175e-14
0.462465
0.264129
5.3828e-07
0.262086
1.13188e-14
0.617531
0.617552
1.13536e-14
0.525957
0.397768
1.34933e-07
1.13556e-08
1.14372e-14
5.82914e-09
5.82212e-09
0.30075
1.14424e-14
1.15044e-14
0.376605
0.376605
1.3548e-07
0.617579
0.231469
1.91066e-07
0.462458
0.462459
0.289946
1.14434e-09
0.376585
0.376582
0.376601
0.262109
0.226674
0.672109
0.369286
0.226672
0.900787
0.526381
0.164204
0.411287
0.0674783
0.361364
1.09321e-11
0.161355
0.574009
0.38983
2.50842e-13
0.38983
0.22664
0.792436
0.226634
0.1381
1.14285e-09
3.28546e-07
0.226593
3.28211e-07
0.674326
0.376574
0.376574
0.600468
0.321172
8.0695e-09
0.425228
0.425231
0.489585
0.244206
0.617003
0.376595
0.376585
0.423109
0.377001
0.045387
0.315043
0.13305
0.0107177
0.460789
0.31411
0.489557
0.546772
0.302725
0.19237
0.295387
0.321223
0.757677
0.757664
0.0284565
0.0757131
0.24956
0.300749
0.412554
0.233835
0.712089
0.376584
0.376582
0.755836
0.30078
0.376611
0.00702997
0.376606
0.376606
0.287392
0.00158287
0.22665
0.376569
0.462416
0.185735
0.226599
0.283862
3.58749e-10
0.0335707
0.37658
0.226632
9.98315e-07
0.226638
0.578073
0.221023
4.2832e-18
3.26134e-07
0.689242
0.315033
0.262044
0.385038
0.376574
0.689231
1.11696e-06
0.757613
6.0865e-07
0.37659
6.09084e-07
6.09419e-07
0.68924
3.66202e-09
1.29614e-09
5.12808e-09
0.93308
0.0282289
0.41255
4.7671e-08
0.0764951
0.573995
0.412607
0.376582
0.618537
0.262083
1.24353e-10
0.376606
2.97572e-08
0.376606
0.879819
2.97229e-08
0.617547
2.97e-08
0.262078
1.14836e-14
0.262076
0.22663
9.62911e-09
0.292531
0.376601
0.45415
5.626e-09
0.00138302
0.114126
0.176394
1.28128e-08
6.4232e-07
1.15985e-14
0.1462
0.336258
0.140162
3.32918e-09
0.438318
2.61169e-14
0.194356
0.00835521
0.616997
0.617009
0.616991
0.376584
0.152041
9.4335e-05
0.389812
0.210788
0.237962
0.573974
0.416804
2.56982e-14
1.12702e-14
0.185742
0.749915
0.1268
0.234524
0.156907
0.376596
0.546798
0.262086
0.075852
0.210199
0.0597083
0.781449
0.376579
0.108381
0.295335
0.548172
0.330031
0.618528
0.484255
0.575863
0.571717
0.445753
0.462506
7.85439e-10
0.169334
0.454131
0.878451
0.376582
2.97069e-08
0.898523
0.617546
0.617547
0.75763
0.224332
0.376597
0.132707
0.376609
0.460849
0.376606
0.262111
0.880316
0.376582
0.564234
0.169101
0.42381
0.224325
0.111264
0.224325
0.376573
0.224336
0.61755
0.42525
0.116994
0.425251
0.321197
0.185755
0.651591
0.537764
0.445651
0.262048
0.376555
0.376574
0.423825
0.376573
0.376587
0.302722
8.23501e-08
0.689231
0.376603
0.176382
0.323462
0.571727
0.416808
5.55731e-09
0.26696
0.344216
0.423817
0.262033
0.592065
0.308986
0.651579
0.712093
0.262068
0.61756
0.530555
0.226655
0.2621
1.15043e-14
0.376599
1.14615e-14
0.376581
0.61755
0.416815
2.40207e-12
5.59986e-09
0.32119
0.262086
0.423838
0.617597
0.617607
0.226673
0.880329
1.16011e-14
1.16007e-14
1.15516e-14
0.287018
1.15758e-14
1.15063e-14
1.14454e-14
1.13858e-14
1.13866e-14
2.59472e-14
1.14618e-14
1.14417e-14
1.1434e-14
0.617563
0.46248
0.525982
1.15255e-14
0.617559
0.376575
1.14321e-14
0.376558
0.376562
1.13427e-14
0.689231
0.567535
0.771541
0.617548
0.462426
0.422142
0.376592
0.249569
0.262088
0.376596
0.300758
0.425232
0.376587
0.541376
0.30075
0.771572
0.287011
0.175383
0.185739
0.309034
6.12475e-05
0.0233811
0.95412
0.929214
0.929229
0.296796
3.8511e-08
0.617583
0.617579
0.262072
0.314117
0.50233
0.124091
0.376578
0.0724662
1.02889e-14
0.114126
0.550347
0.376605
1.15705e-14
0.618475
1.15956e-14
1.15955e-14
0.617577
0.336301
0.0234522
6.59215e-05
0.422112
0.600451
0.676545
0.978543
0.376573
0.689241
0.617548
0.265014
0.376592
0.376582
0.0805582
0.226636
0.376575
0.376569
0.37656
0.617513
0.202253
0.0539746
0.617525
0.425193
0.995416
0.617546
0.689235
0.617558
0.617582
1.14335e-14
0.298101
0.376595
0.617545
0.376584
0.689234
0.376582
1.13883e-14
0.376567
0.617517
0.192351
0.454102
0.361385
0.295352
0.249563
0.617557
0.30712
3.57999e-15
0.376605
0.265034
0.376598
0.235827
0.689244
0.287017
0.167324
0.689248
0.229712
0.651613
0.309052
1.16058e-14
1.15516e-14
0.61762
1.16071e-14
0.617611
0.376607
0.226652
0.124096
0.689255
0.376566
0.0385395
1.13678e-14
1.13689e-14
0.376558
0.376571
0.376586
0.438341
0.689242
0.210203
0.489559
0.376583
0.26208
0.651593
0.37657
0.425189
0.262047
0.483463
0.262048
0.262048
0.262048
0.262061
0.262061
3.74485e-09
0.376591
0.376605
0.540622
0.153974
0.441034
0.361391
0.932924
0.423944
0.36139
0.932443
0.423899
0.361374
0.423899
0.361377
0.423934
0.000818113
0.0199013
0.12741
0.423981
0.617597
0.28703
0.376601
0.376601
0.244517
0.327922
0.592149
0.32792
0.262072
0.412612
0.262083
8.92112e-09
0.663837
0.423129
4.82096e-06
1.58379e-14
0.623261
0.307124
0.903377
0.25152
0.326076
0.330027
0.180898
0.11267
0.376559
0.172785
0.327916
0.262079
0.221007
0.187315
0.267236
0.616989
0.262081
0.226636
0.376576
1.14434e-14
0.548155
0.530519
0.416784
0.292492
0.328378
0.462403
0.210198
0.327907
0.483506
0.502332
0.502352
0.187064
0.671793
0.689241
0.376579
1.12671e-14
0.376588
0.42025
1.13462e-14
0.165063
0.226584
0.218869
0.376569
0.0231665
0.462436
1.14552e-14
0.262076
0.377009
0.376604
0.265046
7.23834e-14
0.376598
0.309039
0.564195
0.114128
0.302716
0.226629
0.987599
0.328382
3.3999e-12
0.376601
0.409033
0.262116
8.52156e-06
9.21031e-06
8.60236e-14
0.94077
0.376584
0.765459
0.712071
8.50086e-14
8.46073e-14
0.617505
0.765523
0.226621
8.50141e-14
0.17801
0.32331
0.309054
0.336522
0.237407
0.170464
0.0367285
0.338894
8.45248e-14
0.61751
0.376554
1.33448e-08
0.226592
0.578037
0.840284
0.940715
9.13932e-09
0.825915
0.260749
0.309054
0.242632
0.376596
0.172806
0.940721
0.309048
0.28739
0.376579
0.940722
8.46077e-14
0.293642
0.262069
0.114128
0.940738
0.235829
0.266983
0.530583
0.262099
0.0765187
0.469916
2.68502e-08
0.315047
0.940746
0.000679333
0.94075
0.445704
0.57402
0.192376
0.178007
0.192389
0.765452
0.618475
1.0084e-11
0.153989
0.00323063
0.422153
0.282302
0.442377
0.604641
0.41259
0.37656
0.445654
0.37656
0.578049
0.376588
0.389823
0.277549
0.307115
0.336295
0.29367
1.12625e-11
0.000223481
0.462426
0.940721
4.39729e-08
0.462388
0.689231
0.376573
0.712066
0.247392
0.765513
0.689235
0.178018
0.377007
0.170241
0.68924
0.617572
0.445676
0.447129
1.97849e-11
0.423834
0.389817
0.389809
0.344213
0.222671
2.81106e-05
7.76986e-12
0.461702
0.175396
0.376587
0.326091
0.817917
0.000626196
0.689243
5.00261e-09
0.00255428
0.376582
0.376583
0.265001
1.99341e-11
0.8995
0.376586
1.75038e-07
7.82356e-12
0.192391
0.13373
0.423869
0.267255
0.17282
0.755972
0.166493
0.144871
4.03065e-08
0.00299401
4.83245e-05
0.530512
0.131899
0.530535
0.224336
0.315046
0.315051
0.870201
0.114126
0.236362
0.00243927
0.161358
0.249544
0.323289
3.10858e-08
3.10449e-08
0.175379
0.617523
0.00058105
0.0372181
0.62153
3.10556e-08
0.548201
0.445721
0.712126
0.376597
0.114131
1.98225e-11
0.156429
1.36744e-13
0.000505618
0.423832
0.178008
0.689239
0.23634
5.94999e-08
0.757619
0.262071
0.161356
0.376587
0.445752
0.2621
0.32609
0.651642
0.651641
0.376582
0.114128
0.19237
0.671798
0.76549
5.951e-08
0.376584
0.00150252
8.15531e-12
0.489592
0.262111
0.000676054
0.411328
0.395991
0.219512
0.330038
0.376588
0.369591
0.219469
0.37656
0.37656
0.412591
0.321181
5.95008e-08
0.229096
1.05378e-11
0.376593
0.565049
0.178008
0.526287
0.376575
0.412541
0.345481
0.412533
0.412526
0.376574
0.502627
0.442353
0.571708
0.336272
0.336278
0.389834
0.389847
0.929427
0.844906
0.40705
0.376573
0.37657
0.503499
0.929183
0.361369
0.828545
0.70763
0.361357
0.14828
0.503547
0.868042
0.376588
0.42806
0.376604
0.314136
0.314136
0.454131
0.314131
0.454108
0.314117
0.314117
0.262077
0.757615
0.530545
0.376586
0.229862
0.574064
0.305516
0.574082
0.376607
0.376607
0.574075
0.574048
0.574035
0.37659
0.548172
0.262055
0.548154
0.548154
0.0794181
0.157567
0.908952
0.376581
0.0220321
0.0883342
0.502649
0.00153371
3.03048e-07
1.04466e-07
0.000120058
0.166211
2.21638e-07
0.287003
0.326067
2.21165e-07
0.376573
4.03825e-07
3.95142e-05
5.07812e-11
0.336282
0.376606
0.376597
0.0877672
0.483387
0.483357
0.176374
0.176385
0.462458
0.13626
0.765517
0.616953
4.72917e-12
0.376573
0.41354
8.31338e-08
0.262082
2.66072e-08
0.376604
0.56425
7.77963e-12
0.188058
0.376599
0.454109
0.000145301
0.192369
0.765488
0.0208247
2.66148e-08
0.376585
0.617558
0.617595
0.540667
2.6697e-08
0.173448
2.67158e-08
0.161356
0.119861
1.65136e-12
1.37884e-08
0.365001
0.947273
0.262049
4.30651e-12
0.907682
0.307101
0.376588
0.000112104
4.33474e-12
0.000177543
4.34871e-12
0.61756
8.7747e-08
0.765498
0.173408
0.114128
0.524553
0.0558134
0.185736
0.52596
0.376574
0.0208266
0.000451873
0.413522
0.137279
0.205559
0.376595
0.000868811
0.1327
0.617545
1.13036e-14
0.376593
0.450414
0.61754
0.385282
0.315038
0.315038
7.15227e-05
0.503551
0.423102
0.314124
0.578074
0.321223
0.423865
0.540647
0.287398
0.035725
0.671794
0.314117
0.65153
0.252737
0.00809164
2.44107e-14
0.376585
0.365019
0.782816
0.262107
0.287405
0.416843
0.114126
0.425309
0.376593
0.24262
0.37659
0.502629
0.133708
0.176637
0.376559
0.376559
0.235821
0.503557
0.376579
0.471293
4.31375e-10
0.114125
1.51852e-10
0.0346348
0.376576
0.175385
0.0125644
0.422114
0.376555
0.489537
0.676563
0.571681
0.438348
0.404921
0.210196
0.462438
0.0410665
0.00156919
0.217811
0.0203993
0.251499
0.412621
0.617574
0.462455
0.17539
0.00156825
0.376569
0.771543
0.041053
0.00233721
0.00233725
0.0410602
0.376587
0.242642
1.76163e-12
0.00156955
0.0399438
0.282317
0.952609
1.75671e-12
0.0410572
0.502316
0.445691
0.618539
0.00156877
0.138358
0.00156931
0.00156945
0.00156964
0.00156974
0.438378
0.00156974
1.93195e-09
0.185762
0.00156911
0.00912649
0.397767
0.54053
0.712043
0.188051
0.458253
0.383942
0.734527
0.00371735
0.286111
0.0848532
0.461519
0.132697
0.132692
0.397778
0.210171
0.132685
0.300729
0.651573
0.161365
0.376573
0.163472
0.376583
6.85357e-07
0.169902
0.293671
0.404955
0.600515
0.282314
0.155278
0.104093
0.231477
0.00345225
0.0345352
0.155258
0.0261895
0.24259
0.149135
0.00345332
0.376578
0.0385288
0.0385277
0.141441
0.0385355
0.326092
0.266803
0.674425
0.0385252
0.376582
0.114128
0.422134
0.376577
0.068205
0.689252
0.104101
0.307119
0.134691
0.0385379
0.502693
0.0385359
0.0385359
0.767738
0.454121
0.404954
0.0385185
0.757567
0.0385153
0.0261889
0.564128
0.0385208
0.235828
0.0385257
0.426102
0.376592
0.502649
0.465765
0.307107
0.460799
0.54056
0.262044
0.539351
0.0385139
0.0385228
0.8856
0.416805
0.24262
0.0261976
0.026199
0.11031
0.0262059
0.552326
0.026202
0.344236
0.0385274
0.262066
0.376595
0.0385257
0.183282
0.0992708
0.548172
0.598033
0.262319
0.454111
0.387108
0.376589
0.124098
0.425288
0.300778
0.111298
0.483526
0.483524
0.788548
0.412616
0.643009
0.376578
0.409001
0.567539
0.785824
0.483503
0.483528
0.604709
0.336335
0.47212
0.376607
0.376607
0.376592
0.376583
0.548206
0.194673
0.0834336
0.88562
0.114129
0.952593
0.0385214
0.104106
0.0889192
0.300748
0.149161
0.149149
0.835564
0.46248
0.462449
0.0334771
0.0385178
0.0230366
0.265998
0.413491
0.425196
0.194879
0.12325
0.00465353
0.376587
0.0385298
0.940592
0.0385311
0.0314634
0.0314634
0.361387
0.868063
0.150207
0.489553
0.149141
0.149136
0.0564177
0.0452442
0.376574
0.865561
0.2834
0.300751
0.771598
0.0314667
0.376606
0.0385357
0.454133
0.0314645
0.0314594
0.185752
0.133716
0.525446
0.287018
0.376579
0.287022
0.651611
0.422164
0.328399
0.376613
0.600549
0.161356
0.376608
0.389834
0.376585
0.674419
0.345489
0.489525
0.262048
0.564127
0.618572
0.376573
0.574036
0.376581
0.0314617
0.0314634
0.0314603
0.462472
0.525985
0.0205492
0.266961
0.302702
0.187649
0.616923
0.475256
0.973417
0.619815
0.147787
0.445674
0.850105
0.376591
0.149179
1.14471e-06
0.149163
0.0385318
0.0129511
0.0314612
0.397808
0.0385259
0.107992
0.0314558
0.0314558
0.0314558
0.618538
0.149144
0.031459
0.0385297
0.26208
0.33006
0.0457535
0.445752
0.149166
0.376599
0.376581
0.149145
0.283406
0.149139
0.0275
0.0314582
0.0314602
0.149141
0.0385315
0.376605
0.413599
0.0262057
0.663836
0.215029
0.287023
0.287016
0.262092
0.571684
0.309017
0.149125
0.149125
0.149125
0.663834
0.462465
0.868039
0.0945041
0.330044
0.107263
0.149148
0.571711
0.389818
0.262059
0.149127
0.163338
0.0367066
0.242606
0.242606
0.307105
0.114134
0.266963
0.0834519
0.444431
0.149177
0.0314636
0.376596
0.683509
0.965964
0.934413
0.476917
0.146023
0.423817
0.428022
0.798667
0.428023
0.428042
0.293664
0.41261
0.249561
0.149154
0.149169
0.000848614
0.0290664
0.104113
0.000244466
0.190896
0.771584
0.262076
0.376579
0.154623
0.14914
0.149145
0.000227666
0.696971
0.110317
0.0118952
0.707891
0.771661
0.0574702
0.090152
0.141423
0.262095
0.000287285
0.000287137
0.37656
0.0590848
0.24259
0.0205806
0.13074
0.161359
0.412623
0.155295
0.618515
1.06664e-10
0.26208
0.468038
0.404903
0.788543
8.34411e-15
0.231444
0.376574
1.6133e-09
0.336254
0.692783
0.530547
0.45412
0.548205
0.262087
0.315058
0.743823
0.376597
0.376586
0.674392
2.59715e-12
0.412621
1.14083e-14
2.27348e-14
0.376569
0.0163849
4.19972e-12
0.546775
0.169083
0.376589
0.000332113
0.676557
0.834273
0.14829
0.345164
0.45413
0.0820217
0.000747377
0.502648
8.76095e-15
2.26401e-15
0.564193
6.15217e-11
0.663837
0.0454596
6.16223e-11
6.17031e-11
0.266091
6.17639e-11
6.176e-11
0.617578
0.705212
0.000332184
0.141407
0.30709
3.08002e-14
3.08039e-14
0.0777938
0.30074
0.571713
0.462443
0.300747
0.0778208
0.376583
0.53779
0.376583
0.00177909
0.618547
0.595781
0.705255
0.376555
0.454102
0.412544
0.000515621
0.412622
0.617545
0.0223097
1.48323e-10
0.000721268
2.96273e-10
0.000721259
2.9628e-10
0.935141
0.000480358
9.42065e-05
0.0858756
0.422131
0.158068
4.44208e-15
0.292493
0.454102
2.63446e-13
0.010782
0.178009
0.178009
0.483507
1.49558e-10
6.05512e-14
0.376599
0.411321
0.445696
0.344223
0.143675
0.397789
0.546771
0.323449
8.35577e-11
0.672903
0.000500743
0.175412
0.376612
0.262113
0.266092
0.546823
0.235829
0.188049
0.0032773
0.330025
0.254789
0.885584
0.416786
0.389797
0.361375
0.000882308
0.885579
0.804587
0.571725
0.462468
0.132556
0.148269
0.321179
0.123297
0.376559
0.489526
0.29248
1.71026e-13
0.307104
0.161366
0.416819
0.376582
0.185747
0.376592
1.80597e-09
0.376596
0.712126
0.376597
0.426099
0.287393
0.376596
0.855263
0.868041
0.214905
0.962971
0.376569
0.330031
0.000719127
0.000719187
0.112846
0.0820231
0.0820276
0.000719645
0.546819
0.376603
0.192382
0.376582
1.7364e-13
0.097088
0.412612
0.672106
0.762402
0.376583
0.37658
0.442387
0.112856
0.112861
0.376606
0.75769
0.145653
0.384169
0.126682
0.298092
0.847037
0.444393
0.112813
0.112813
0.112813
0.743178
0.015094
0.17801
0.112841
0.376593
0.604668
0.134123
0.376582
0.134116
0.0765287
0.300732
0.537753
0.286091
0.175381
0.789465
0.134115
0.616981
0.269051
0.134126
0.376591
0.962941
0.444438
0.315057
0.376595
0.13412
0.13412
0.385303
0.462428
0.423822
0.134101
0.134101
0.134101
0.175385
0.50354
0.287013
0.134127
0.134125
0.266085
0.134143
0.571748
0.262092
0.134137
0.376581
0.134121
0.445707
0.148264
0.000177801
0.143025
0.205561
0.323461
0.757677
0.376607
0.35518
0.309089
0.175413
0.175413
0.175403
0.175401
0.175404
0.134108
0.1341
0.262048
6.45289e-14
0.23504
0.325651
0.376586
0.127549
0.292526
0.0360575
0.231475
0.038339
0.817864
0.651592
0.651578
0.376557
0.376561
0.0411995
0.19235
0.133882
0.915105
0.712092
0.570312
0.192953
0.921067
0.292533
0.292533
0.180634
0.376596
0.541358
0.875507
0.133718
0.592766
0.130188
0.00013105
0.282299
0.355132
1.14689e-14
0.376581
0.17539
0.175396
0.0820225
6.5116e-14
0.175406
0.94964
0.134138
0.376598
0.134122
0.355144
1.14716e-14
0.663835
0.397789
0.355135
0.175399
0.35514
0.17541
0.355172
0.175414
0.0765208
0.497786
0.302736
0.355155
0.376582
0.376589
0.175389
0.175382
0.428825
0.134102
0.134101
0.355129
0.0261358
6.31972e-05
0.198812
0.870654
0.376582
0.116032
0.118589
0.180476
0.19481
0.355115
3.14808e-14
0.286091
0.175381
0.281715
0.175381
0.929337
0.376585
0.046834
0.0875055
0.600329
0.965603
0.621781
0.256436
0.256419
0.210189
0.428064
0.712087
0.718308
0.361372
0.376567
0.249533
0.707623
0.859428
0.376579
0.251516
0.251513
0.251535
0.460843
0.37701
0.502355
0.502354
0.502327
0.376582
0.502331
0.502322
0.502323
0.502322
0.376586
0.600498
0.0820241
0.771652
0.267021
0.535339
0.376608
0.0782737
0.788564
0.200295
0.134128
0.483485
0.188047
0.3898
0.134101
0.210172
6.57932e-05
0.376588
0.134121
0.416822
5.59483e-09
0.454119
0.134123
0.360266
5.57716e-09
0.462427
0.454086
1.16122e-09
5.55085e-09
0.134115
1.76937e-05
3.39954e-14
0.376585
2.67093e-10
0.502645
5.55216e-09
0.376605
5.57868e-09
0.525283
0.27883
0.412561
6.42813e-14
5.5661e-09
0.188861
6.4607e-14
0.454096
6.44809e-14
1.77031e-05
0.842103
6.50252e-14
0.454108
0.133718
0.134127
1.15067e-14
0.175406
0.416841
0.0857246
0.134138
0.000670117
1.00777e-08
0.262078
0.376578
0.210189
5.73146e-09
0.462478
0.0820198
0.438367
0.526014
0.41993
6.55865e-14
3.30089e-05
0.689914
0.412629
0.493743
0.868009
0.454095
3.30374e-14
0.951437
7.92529e-14
0.462402
0.376573
0.86803
7.96104e-14
0.43603
0.462484
0.868021
0.287387
0.460812
0.376576
0.376569
0.376561
0.10359
0.376556
0.489539
0.468034
0.0820216
1.13042e-14
0.422138
0.868051
0.571714
0.1327
0.0857215
0.564217
0.868029
0.460777
0.462343
0.712055
0.161363
5.73296e-05
0.287367
0.274719
0.262011
0.868053
0.868033
1.48521e-13
0.376589
0.244639
0.286124
6.51653e-14
0.404978
0.445736
0.98958
0.462449
0.0857101
0.376582
0.376578
0.530544
0.23147
0.124565
0.548565
0.00031353
0.219242
0.293712
0.462537
0.00643747
0.462537
0.245102
0.376584
0.438358
6.87225e-10
0.309813
0.37656
0.376559
0.177186
0.0128965
0.224336
0.37658
0.133717
0.133719
0.133716
0.133716
0.0105862
0.133711
0.525291
0.183885
0.328368
0.235814
0.133706
0.309005
0.19491
0.133712
0.464178
0.433692
0.404943
0.460836
0.133721
0.300759
0.137422
0.0377045
0.413523
0.231925
0.376585
0.376579
0.00435987
0.525047
0.0970175
0.124558
0.092796
0.369888
0.50234
0.235828
0.262101
0.454138
0.17883
0.454133
0.33337
0.00557658
0.133716
0.178804
0.110712
0.000625895
0.333366
0.333353
0.581267
0.264808
0.00252249
0.210221
0.376607
0.33333
0.344241
0.167954
0.0036888
0.160087
0.618537
0.160106
0.167958
0.167958
0.502611
0.0124867
0.101196
0.160109
0.376587
0.252744
0.218981
0.10119
0.298091
0.228613
0.000353006
0.122745
0.376563
0.376556
0.540538
0.167975
0.408997
0.435155
0.138793
0.266968
0.194893
0.344245
0.0325967
0.462471
0.1327
0.157491
0.376583
0.100593
0.768452
0.376577
0.643621
0.471261
0.376567
0.0239217
0.376581
0.376579
0.244682
0.326077
0.537817
0.10727
0.0328252
0.459499
0.0487058
0.277965
0.444422
0.251342
0.578061
0.574021
0.143205
0.600501
0.376582
0.133727
0.178832
0.464226
0.464217
0.401325
0.525283
0.464191
0.133721
0.464182
0.00108569
0.564142
0.90814
0.160116
0.859412
0.00388914
0.217459
0.16011
0.630446
0.325881
0.423838
0.376583
0.630433
0.502317
0.471267
0.160115
0.133705
0.525297
0.968353
0.137391
0.00244723
0.00244798
0.591761
0.376585
0.119519
0.63048
0.525282
0.564221
0.259435
0.0350374
0.376586
0.61853
0.376583
0.287385
0.525292
0.571681
0.927204
0.101151
0.423835
0.376581
0.000503103
0.30905
0.309077
0.262101
0.376604
0.412583
0.77163
0.578064
0.50355
0.376583
0.571694
0.0305096
0.236352
0.0638292
0.120653
0.422158
0.422164
0.0532106
0.136534
0.376607
0.489598
0.00515145
0.108584
0.779276
0.376567
0.530511
0.248315
0.000112538
0.00119814
0.2594
0.133716
0.385297
0.259423
0.376593
0.425251
0.525287
0.000577711
0.00637702
0.259396
0.376559
0.259386
0.00637412
0.160127
0.26205
0.172372
0.376587
0.483501
0.483506
0.781665
0.423129
0.250869
0.165946
3.86645e-05
0.259411
0.00843467
0.279167
0.769199
0.101368
0.427929
0.0553198
0.37656
0.0820177
0.405547
0.0255382
0.133717
0.858413
0.0676999
0.376606
0.376606
0.653203
0.000231991
0.269582
0.000231886
0.364768
0.302716
0.269588
0.364759
0.565731
0.000231903
0.00107219
0.133728
0.159133
0.0002321
0.133729
0.287296
0.000376305
0.00108136
0.133722
0.214282
0.133708
0.000375878
0.00108049
0.00108049
0.00264636
0.47129
0.47128
0.000376222
0.304002
0.345501
0.61643
0.000415904
0.303994
0.000376009
0.133704
0.235817
0.376556
0.0496705
0.0820214
0.133707
0.133712
0.0820234
0.133714
0.000376169
0.345522
0.12941
0.00108147
0.13372
0.957017
0.133713
0.000415804
7.13571e-14
0.323304
0.303993
0.376569
0.000375989
0.266972
0.817005
0.0820204
0.000657719
0.11413
0.133725
0.304006
0.60054
0.00108164
0.249572
0.133715
0.0614214
0.133717
0.00118205
0.298088
0.129396
0.133719
0.574029
0.164325
0.129408
0.133729
0.133728
0.323326
0.00108193
0.000376285
0.841791
0.0846266
0.361372
0.454084
0.133706
0.133706
0.133706
0.616428
0.801363
0.581808
0.132295
0.000376306
0.129399
0.303987
0.238951
0.354266
0.0820173
0.000375914
0.193212
0.000375846
0.00037598
0.00037598
0.918874
0.133713
0.000376109
0.376586
0.37659
0.622734
0.376594
0.114131
0.169746
0.104285
0.425211
0.225671
0.735522
0.712077
0.391485
0.391485
0.391485
0.740334
0.051255
0.846572
0.131911
0.389829
0.389847
0.133726
0.376605
0.00197867
0.00666835
0.000134842
0.0489413
0.00037617
0.000376125
0.000838964
0.376579
0.376586
0.282304
0.581797
0.00619689
0.315067
0.37661
0.423871
0.303996
0.292549
0.0820201
0.000376312
0.000376066
0.303971
0.0820161
0.303982
0.345482
0.000376057
0.581811
0.0757211
0.000839226
0.0757232
0.000376222
0.249565
0.581799
0.0757186
0.303988
0.376559
0.376563
0.000415382
0.304013
0.0820213
0.304013
0.355303
0.516803
0.474972
0.11404
0.278912
0.11863
0.903592
0.42044
0.420453
0.304016
0.00108612
0.000376145
0.21019
0.133709
0.581808
0.000262433
0.423828
0.37658
0.376581
0.283411
0.000889468
0.502364
0.302736
0.489593
0.262094
0.000474394
0.376581
0.376581
0.000352699
0.729009
0.784294
0.000303182
0.445722
0.409004
0.376599
0.0820264
0.000474557
0.000329047
0.0757233
0.31219
0.383869
0.000328852
0.235827
0.000328685
0.0757109
0.0757136
0.266951
0.384132
0.345492
0.376589
0.462445
0.000359788
0.000114563
0.085517
0.263048
0.260369
0.0757175
0.000103894
0.385274
0.757815
0.489515
0.133707
0.540538
0.376574
0.962862
0.336272
0.336278
0.397802
0.298108
0.376595
0.600516
0.0370337
0.618571
0.397783
0.502322
0.289285
0.397775
0.376556
0.546727
0.423074
0.42309
0.376579
0.438341
0.389831
0.423111
0.478103
0.321224
0.321224
0.376599
0.235834
0.397791
0.171929
0.376581
0.376984
0.0757166
0.712088
0.0901568
0.330037
0.691773
0.0901633
0.376612
0.731749
0.571753
0.270319
0.63259
0.376584
0.208419
0.757595
0.330019
0.33625
0.424066
0.0695121
0.632604
1.55762e-06
0.0695157
0.707633
0.600514
0.20126
0.287019
0.42525
0.229226
0.221681
0.069512
0.229229
0.438312
0.728994
0.148258
0.270267
0.133712
0.460803
0.229239
0.471294
0.385322
0.0820256
0.377002
0.187065
0.376586
0.229241
0.21437
0.0772188
0.404923
0.0334135
0.788544
0.229231
0.131907
0.260619
0.37658
0.105643
0.12859
0.128594
0.082027
0.0294153
0.3614
0.376598
0.361383
0.0346203
0.133716
0.956353
0.128584
0.157741
0.0820208
0.0738011
0.15775
0.674443
0.0294152
0.771658
0.157757
0.270622
0.157748
0.0820192
0.157744
0.136391
0.371504
0.249532
0.128582
0.565723
0.820328
0.0864685
0.918903
0.918915
0.376592
0.42214
0.236551
0.0872971
0.0872945
6.34531e-07
0.460777
0.618566
0.0872829
0.616453
0.133707
0.604636
0.376588
0.376583
0.361392
0.376591
0.376603
0.62474
0.376595
0.163466
0.18705
0.503517
0.918896
0.423836
0.581808
0.0820182
0.50616
0.133707
0.841779
0.376582
0.376579
0.468058
0.376586
0.38418
0.376604
0.376603
0.42216
0.48352
0.918898
0.918907
0.292522
0.376578
0.376578
0.376578
0.10155
0.376582
0.252748
0.376606
0.617621
0.376607
0.114062
0.0310215
0.0260751
0.249575
0.0571062
0.0872847
0.0876611
0.0110714
0.128582
0.405228
0.918908
0.087673
0.287018
0.0110751
0.350605
0.526737
0.376583
0.551878
0.0561664
0.200983
0.0876637
0.376562
0.133702
0.385289
0.0474888
0.866451
0.746675
0.522486
0.23583
0.500038
0.600531
0.412634
0.478091
0.32332
0.376586
0.411303
0.252623
0.462457
0.122903
0.411284
0.0999147
0.376569
0.188051
0.462456
0.500054
0.249567
0.580872
0.0820273
0.0103279
0.236376
0.122918
0.376601
0.525292
0.260356
0.33004
0.581802
0.418479
0.167585
0.0224276
0.37658
0.0820233
0.610521
2.79893e-05
0.336332
1.11423e-05
0.11018
0.133721
0.169666
0.361391
0.169657
0.169653
0.376559
0.148246
0.169659
0.169666
0.121448
0.121444
0.546787
0.121451
0.121441
0.132597
0.121441
0.121439
0.344358
0.183382
0.21268
0.18338
0.383853
0.251511
0.185388
0.121453
0.121448
0.121449
0.133714
0.376603
0.266988
0.354298
6.06389e-14
0.292346
0.121447
0.152919
0.12144
0.121436
0.617498
0.121431
0.205526
0.121432
0.121438
2.82719e-14
0.411309
0.365957
0.122761
0.262101
0.121455
0.262093
0.412579
0.0774923
0.12144
0.462457
0.500059
0.500058
0.376578
0.985096
0.38386
0.121448
0.249591
0.0820277
0.121455
0.041922
0.293708
0.262095
0.454119
0.454127
0.121427
0.0419069
0.121426
0.0820155
0.0734657
0.175389
0.0820227
0.0713743
0.233076
0.148278
0.336294
0.26208
0.510434
0.123386
0.121435
0.329382
1.13688e-14
0.5026
0.121443
0.564128
0.376573
0.121451
0.315049
0.767827
0.659958
0.214378
0.0318205
0.604961
0.210207
0.252745
0.00241123
0.121455
0.986532
0.376578
0.121435
0.121435
0.282298
0.121433
0.171275
0.148266
0.323314
0.0274771
0.134292
0.133725
0.712148
0.383874
0.907936
0.810083
0.589732
0.442369
0.205553
0.105257
0.181948
0.148271
0.147963
0.147967
0.121455
0.0820273
0.376606
0.147972
0.121454
0.121445
0.0744708
0.000129189
0.121428
0.438318
0.121427
0.121427
0.37656
0.023769
0.121448
0.121442
0.121446
0.700284
0.00901375
0.445717
0.345501
0.119855
0.0622974
0.428034
0.376563
0.376961
0.946685
0.376574
0.376574
0.178017
0.133713
0.300736
0.262068
0.376602
0.262083
0.772267
0.444437
0.425215
0.376581
0.853597
0.178012
0.574012
0.376566
0.423817
0.45409
0.266971
0.262077
0.376579
0.37659
0.425249
0.0991091
0.376604
0.376605
0.376599
0.282315
0.376581
0.376581
0.376583
0.208423
0.500059
0.412554
0.0820209
0.140739
0.565067
0.565077
0.784316
0.565066
0.500111
0.444458
0.82856
0.500085
0.500089
0.784283
0.287372
0.376559
0.233054
0.0412074
0.165484
0.133716
0.207125
0.330041
0.0419197
0.0419157
3.59837e-07
0.312468
0.054208
0.500037
0.581804
0.133705
0.86646
0.397782
0.376573
0.412544
0.462418
0.801381
0.614498
0.413521
0.500058
0.600518
0.0820257
0.376596
0.0820234
0.0820242
0.0623075
0.133716
0.18575
0.744608
0.541334
0.121436
8.81599e-05
0.500057
0.0936613
0.37659
0.0820227
0.412639
0.0936726
0.377007
0.581812
0.262091
0.121441
0.140738
0.0868575
0.376577
0.581802
0.0936583
0.12144
0.0820198
0.581797
0.376605
0.37661
0.376606
0.283927
0.535378
0.376592
0.376582
0.376994
0.411286
0.864471
0.423889
0.26205
0.37656
0.50005
0.0436044
0.379465
0.0436045
0.817897
0.043602
0.412558
0.0563971
0.546766
0.548172
0.082015
0.0435968
0.376555
0.043602
0.581821
0.571683
0.0436065
0.376584
0.0308151
0.26207
0.422163
0.328394
0.287397
0.651629
0.249531
0.571676
0.571691
0.376567
0.651553
0.0842343
0.262025
0.422099
0.0563908
0.581802
0.0563956
0.578077
0.0873703
0.58181
0.119867
0.500084
0.581812
0.581813
0.80189
0.600495
0.762021
0.0563943
0.0447491
0.956351
0.503574
0.462477
0.3766
0.376607
0.984772
0.214381
0.3235
0.249594
0.0579675
0.0436001
0.30075
0.376567
0.530512
0.500019
0.376559
0.131899
0.5818
0.249561
0.581808
0.103958
0.00173351
0.581799
0.5818
0.5818
0.145252
0.011252
0.0235389
0.253169
0.0953465
0.559573
0.581821
0.232762
0.741767
0.28739
0.89438
0.287397
0.839233
0.839241
0.430846
0.336302
0.962872
0.300753
0.114132
0.114129
0.292515
0.0074708
0.757585
0.376569
0.784004
0.784
0.286108
0.483511
0.947172
0.947187
0.947187
0.967984
0.730346
0.530573
0.930174
0.262076
0.50233
0.376578
0.0118978
0.707558
0.00219623
0.376582
0.581797
0.104976
0.500106
0.831716
0.14527
0.207956
0.175402
0.581793
0.186052
0.252733
0.462416
0.500019
0.510441
0.37656
0.185748
0.614262
0.0316321
0.262079
0.00413161
0.0191333
0.454118
0.284147
0.46697
0.0191299
0.81775
0.376563
0.0820148
0.28917
0.165377
0.0699085
0.133713
0.0699143
0.444427
0.0553304
0.889776
0.842101
0.0820253
0.422153
0.0167846
0.863444
0.140747
0.192366
0.345496
0.210179
0.462403
0.140718
0.133713
0.206039
0.951449
0.36139
0.124676
0.178012
0.258394
0.542723
0.287027
0.411214
0.376581
0.600495
0.262077
0.593336
0.580876
0.376578
0.140741
0.664746
0.366857
0.131923
0.0433599
0.262113
0.133728
0.376606
0.206044
0.376583
0.37659
0.809207
0.251487
0.921629
0.423809
0.71266
0.383771
0.185754
0.258362
0.140746
0.376593
0.26208
0.376582
0.19237
0.228608
0.513588
0.218357
0.188054
0.124648
0.124669
0.140724
0.712064
0.0531527
0.210192
0.0533813
0.548202
0.866467
0.546799
0.136355
0.0891943
0.14074
0.540579
0.604683
0.000293498
0.383856
0.258346
0.542733
0.258347
0.206033
0.366852
0.133715
0.376592
0.323458
0.321224
0.258395
1.1514e-14
0.14076
0.542729
0.262072
0.442369
0.136406
0.283391
0.542721
0.419882
0.496866
0.289174
0.609321
0.376599
0.527819
0.0290992
0.928253
0.376605
0.376592
0.542693
0.385304
0.540575
0.206016
0.701577
0.225638
0.803209
0.148258
0.438353
0.541353
0.293668
0.979813
0.206039
0.376582
0.0820195
0.687416
0.323295
0.289274
0.283372
0.323401
0.293632
0.616954
0.542755
0.701611
0.287391
0.469789
0.133714
0.541384
0.428075
0.140752
0.701582
0.148264
0.473253
0.445685
0.0290901
0.309016
0.133703
0.7016
0.212772
0.416803
0.379777
0.471277
0.140851
0.0953936
0.45414
0.135793
0.581811
0.376599
0.133721
0.33004
0.140738
0.300746
0.206034
0.868029
0.985095
0.376586
0.928242
0.262108
0.376607
0.376612
0.701548
0.478111
0.206056
0.462502
0.503583
0.37659
0.376568
0.326054
0.0724983
0.542722
0.244628
0.542713
0.133716
0.224332
0.438353
0.258379
0.0277245
0.0173266
0.0820197
0.286102
0.60489
0.542725
0.542731
0.0103076
0.0173245
0.52242
0.0277215
0.542759
0.010312
0.418416
0.0277274
0.00837467
0.546795
0.0173287
0.618522
0.376584
0.059292
0.0477597
0.616982
0.489549
0.542731
0.0103103
0.302711
0.00837037
0.140737
0.140735
0.473263
0.194575
0.396165
0.546814
0.0820272
0.411324
0.258387
0.00837141
0.542719
0.0820213
0.140733
0.376578
0.54271
0.385302
0.542703
0.376599
0.206057
0.00808188
0.412588
0.0173313
0.0173313
0.542706
0.258362
0.376588
0.0820166
0.542707
2.57676e-05
0.262049
0.411275
0.616428
0.262079
0.206044
0.701575
0.541378
0.251513
0.258368
0.258368
0.140732
0.266963
0.287008
0.0290868
0.376558
0.423825
0.542755
0.0290901
0.411225
0.428061
0.552155
0.0463016
0.0753232
0.103249
0.0753159
0.262084
0.262063
0.426093
0.330045
0.37658
0.0103108
0.385281
0.140717
0.542735
0.289174
0.171982
0.269582
0.185757
0.532787
0.54272
0.542719
0.571752
0.397811
0.376599
0.385297
0.412615
0.0930093
0.651601
0.0872971
0.0481606
0.30593
0.46248
0.00297812
0.132617
0.264456
0.426131
0.00963829
0.471325
0.289203
0.0820199
0.422152
0.286099
0.00200441
0.263746
0.0181809
0.460776
0.376573
0.618525
0.0181864
0.235828
0.0820231
0.489561
0.0820199
0.330037
0.483497
0.0181836
0.132684
0.300734
0.47803
0.502305
0.525958
0.816948
0.00820252
0.905417
0.53279
0.447512
0.490647
0.178015
0.0820258
0.00399206
0.413525
0.979841
0.291928
0.541361
0.26207
0.262056
0.227342
0.412602
0.376574
0.376581
0.525975
0.205556
0.376586
0.409028
0.409028
0.376604
0.262093
0.423857
0.2834
0.235825
0.541357
0.541349
0.300742
0.300742
0.300754
0.376581
0.502355
0.251534
0.376609
0.2328
0.376606
0.503625
0.210203
0.326071
0.100632
0.100619
0.210172
0.37656
0.277491
0.065308
0.575856
0.945856
0.00813739
0.376588
0.540631
0.0498076
0.155978
0.0820198
0.502636
0.307098
0.00195391
0.127977
0.107649
0.376573
0.00135651
0.7446
0.272844
0.468254
0.614258
0.414283
0.522849
0.76203
0.024393
0.124078
0.857904
0.108296
0.0160726
0.30584
0.376566
0.180072
0.1337
0.082016
0.37657
0.600491
0.541348
0.266985
0.282308
0.617594
0.295387
0.376605
0.180125
0.0578519
0.132696
0.376582
0.376582
0.376578
0.336285
0.376578
0.376585
0.376582
0.262108
0.771653
0.950278
0.312506
0.549308
0.133728
1.15542e-14
0.462495
0.0820214
0.61753
0.701558
0.133706
0.0141416
0.00301578
0.180095
0.0141456
0.262069
0.00395506
0.468062
0.423838
0.0141448
0.225449
0.032192
0.428044
0.225636
0.674342
0.307089
0.830445
0.44441
0.181664
0.181676
0.114133
0.566772
0.376997
0.00520027
0.674417
0.908733
0.30273
0.295351
0.131908
0.502321
0.376584
0.192459
0.328374
0.462414
0.416801
0.0665502
0.0497944
0.753198
0.330047
0.330044
0.300778
0.833548
0.2621
0.0833909
0.178012
0.133715
0.600495
0.600498
0.180103
0.180103
0.148264
0.00301693
0.605353
0.235831
0.817941
0.60055
0.927141
0.927142
0.701549
0.376592
0.412618
0.674411
0.305826
0.764106
0.319898
0.816673
0.744609
0.00301642
0.0820227
0.0820206
0.376586
0.32608
0.336295
0.412619
0.701559
0.00301659
0.376569
0.412592
0.701583
0.957656
0.217373
0.180094
1.12779e-14
0.401342
0.858653
0.701597
0.546783
0.0372127
0.600514
0.262085
0.70611
0.28739
0.546772
0.236357
0.376582
0.0372014
0.546748
0.376566
3.73982e-15
0.361377
0.376582
0.323443
0.413549
0.929212
0.701573
0.305871
0.510437
0.03721
1.14594e-14
0.28918
0.600493
0.266842
0.744617
0.180103
0.376578
0.180112
0.376582
0.540668
0.292558
1.15833e-14
0.110734
0.28273
2.04972e-14
0.423852
0.462495
2.04591e-14
0.180087
0.180076
0.148243
1.13634e-14
0.598818
0.148256
0.180111
0.985079
0.180116
2.0376e-14
0.376583
0.376583
1.04659e-14
0.272825
0.37657
0.188052
0.302705
0.422105
0.604635
0.376573
0.300744
0.287393
0.345502
0.376585
0.323316
0.617586
0.600518
2.48325e-12
0.251518
2.83683e-09
0.114133
0.595295
0.295356
0.300745
0.239711
0.0820184
0.478051
0.376572
0.0820201
0.489561
3.6215e-12
0.0820233
0.478107
0.376608
0.124374
0.376604
0.376604
1.14206e-14
0.376581
0.305848
0.455509
0.816646
0.361381
0.376583
0.0820194
0.540655
0.541394
1.39368e-12
0.701549
0.345521
0.651662
0.376592
0.6005
0.376588
0.376568
0.376558
0.262048
0.540531
0.188051
0.326064
3.60945e-12
0.376581
0.345506
0.478089
0.133717
0.309047
0.598818
0.651592
0.546755
0.618566
0.397772
0.546729
0.383852
0.454102
0.383852
0.291557
0.258867
0.0798291
0.298101
0.389847
0.389838
0.705889
0.23974
0.346971
0.601336
0.376587
0.361382
0.262057
0.0121417
0.787778
0.0820167
0.419879
0.08202
0.336275
0.376586
0.722862
0.454139
0.546813
0.489593
0.336307
0.262089
0.541351
0.0820207
0.651606
1.2282e-15
0.0820194
0.266838
1.15234e-14
1.23185e-15
0.376601
0.445767
1.2398e-15
0.174411
0.817964
0.632579
0.598817
1.15932e-14
0.361394
0.0820165
0.600454
0.262049
0.940478
0.423887
0.00791496
0.270289
0.471281
0.0820219
0.712125
0.977127
0.734962
3.57707e-15
0.205547
0.089429
0.423807
0.0194823
0.817712
0.564129
0.189085
0.423823
0.423839
0.548187
0.0441042
0.541365
1.21589e-15
0.376596
0.389841
0.977111
0.468049
0.483267
0.773397
0.400099
0.286104
0.503511
0.60047
0.600471
0.600481
0.600494
0.600491
0.600511
0.315051
0.386622
0.383878
0.00332366
0.613197
0.376598
0.433586
0.00331087
0.7121
0.000434194
0.00904011
0.0114143
0.354969
0.972074
0.376599
0.545012
0.00762779
0.00152447
0.712158
0.929241
0.411313
0.560928
0.000150176
0.376569
0.712046
0.376561
0.37656
0.972042
1.52243e-07
0.383868
0.225659
0.262078
0.617004
0.483507
0.376583
0.210194
1.22534e-15
0.711514
0.37656
0.224325
0.376556
0.651575
3.49903e-15
0.0820213
0.319939
0.0820238
0.0820242
0.0188221
0.424305
0.376593
1.22118e-15
0.244646
0.0820225
0.574015
1.21202e-15
0.423834
0.425221
0.478046
1.2139e-15
1.21403e-15
0.235821
1.22896e-15
0.428755
1.14769e-14
0.376587
0.540649
0.132707
0.617025
0.0820259
0.346953
1.14206e-14
3.55845e-15
0.361386
0.977137
0.600488
0.106127
0.262087
0.415268
3.97549e-15
0.618484
0.564297
1.24258e-15
1.39853e-12
0.147375
0.185767
0.376586
0.503596
0.192367
0.23917
0.994937
4.06532e-14
0.419867
0.000155226
0.376587
0.249551
0.483513
0.600517
0.376584
0.376584
0.0820201
0.376577
0.977142
0.876309
0.428037
0.389796
0.617524
0.0712399
0.0739837
0.0820247
0.530545
0.872927
0.483512
1.13739e-14
0.409022
0.376597
0.376597
0.376586
0.541361
1.13834e-14
0.262077
0.235826
0.300301
0.0820188
0.298877
0.376575
0.574024
0.300302
0.336296
0.97712
1.15033e-14
1.15032e-14
0.239184
0.3766
0.37629
0.224091
1.14751e-14
0.185533
0.384153
0.423099
0.201275
0.510432
0.00334439
0.298869
0.415292
0.300318
0.307124
0.977103
1.15987e-14
0.0820225
0.840383
1.23722e-15
0.376568
0.321164
0.37656
0.376561
0.376561
0.416224
0.47808
0.827093
0.71774
1.88817e-08
0.548198
0.412619
0.616988
0.309029
0.177194
0.502291
0.321154
0.376556
0.266949
0.770983
0.376574
0.376588
1.13282e-14
1.21241e-15
0.082026
0.344246
0.376596
0.376596
0.574047
0.531739
0.0459731
0.408984
0.362938
0.0820148
0.50256
0.483432
0.239203
0.97715
0.376579
0.298877
0.376588
6.75638e-09
0.416841
0.977099
0.239184
0.201301
7.88337e-16
0.376581
0.771583
0.161494
7.48871e-13
0.376578
1.27742e-11
0.167596
0.161354
0.287397
1.15531e-14
0.106151
0.460852
0.287402
0.460852
0.422154
0.423842
0.462502
1.1508e-14
0.0820145
0.239178
0.878202
0.977158
0.133712
1.14443e-14
0.604657
0.33004
0.23918
0.376582
0.376582
0.893217
1.14398e-14
0.908719
0.376557
0.0101583
0.71203
1.20448e-15
0.0820214
0.131901
0.454115
0.133712
0.0820242
0.2989
1.13796e-14
0.106141
0.376597
0.316407
0.23583
0.376588
0.286118
0.540599
0.37658
1.21691e-15
0.330028
0.298876
0.97714
0.235824
0.376579
1.14722e-14
0.266983
0.249581
0.428082
0.175406
0.0820261
0.376598
0.977128
0.489559
0.977127
0.376578
0.361384
0.858635
0.161355
0.131913
0.376599
0.419926
3.24502e-15
0.082026
0.409032
0.409032
0.376592
0.617562
0.54137
0.148288
0.376559
0.376561
0.185735
0.307091
0.606391
0.565721
0.848195
1.22784e-15
1.15267e-14
1.15358e-14
0.689246
0.712106
1.22494e-15
0.305834
0.0820153
0.88977
0.0820147
1.12785e-14
0.376574
0.326067
0.489558
0.295343
1.21266e-15
0.614254
0.454137
0.868032
1.14275e-14
1.22208e-15
0.210193
1.20773e-15
1.21371e-15
0.0820214
0.426089
0.722857
0.287379
0.376567
0.326065
1.229e-15
0.689242
0.292529
0.295361
0.323326
0.132707
0.376604
0.454131
0.262089
0.409003
0.489558
0.53055
0.323304
0.525972
0.454112
0.604671
0.161354
0.323321
0.376606
0.788567
0.423868
0.376608
0.757693
0.137721
0.940354
1.23898e-15
0.376567
0.0820144
0.376558
0.107255
1.21624e-15
0.132693
0.376587
0.37658
0.298879
0.977113
0.889795
0.419896
0.376583
0.385292
0.37657
1.37885e-12
0.600455
1.21318e-15
0.977136
0.0044853
0.173425
0.305861
0.445675
1.21222e-15
0.26697
0.286126
0.132701
0.376597
1.14443e-14
0.132598
0.201784
1.21765e-15
1.22099e-15
0.21019
0.133708
0.326063
1.21612e-15
0.326065
3.47841e-15
1.14597e-14
0.046464
0.082023
0.262101
0.175407
0.54065
1.14842e-14
1.14812e-14
1.85106e-12
0.0101613
0.413542
1.22514e-15
1.14599e-14
0.462449
1.23008e-15
0.787752
0.722859
1.15206e-14
1.1546e-14
0.180138
8.62682e-16
1.24076e-15
0.409016
0.266992
0.266995
1.22951e-15
1.22284e-15
1.21629e-15
0.462398
0.384131
0.376572
2.40665e-09
1.29005e-12
0.0748682
0.376593
0.00303781
0.00448591
1.15347e-14
0.647825
0.00210893
1.84709e-12
0.376562
1.84151e-12
0.00303695
0.412607
0.300314
0.239201
0.0228765
0.262068
0.00192627
0.185756
0.00303828
0.0101632
1.14358e-14
0.00509912
0.00303713
0.187052
0.192359
0.287382
0.361364
0.424277
0.424277
0.0101593
0.00303749
0.827088
0.185753
0.300749
0.16075
0.0748725
2.95088e-14
0.817888
0.758907
7.62019e-12
0.578067
0.289292
0.376577
0.00303738
0.00303738
0.295368
3.1764e-14
0.300303
0.00303902
0.857954
0.712161
0.00303915
0.133729
0.289298
0.424254
0.744624
0.00303693
0.00303634
0.651515
0.617504
0.617504
0.664528
0.376587
0.376579
0.376587
0.198732
0.376582
0.00438734
0.0157242
0.0106341
0.615292
0.00303627
0.114894
0.00303602
0.00396721
0.00303696
0.00126944
0.00365388
0.0696704
0.0160364
0.0191265
0.0451871
0.262085
0.376595
0.0473942
0.262069
0.00303767
0.00303821
0.409008
0.00303726
0.956379
0.0030369
0.0030369
0.541343
0.413539
0.00303751
0.00303808
0.00303789
0.44445
0.00303886
0.0429923
0.0365381
0.0314785
0.00303755
0.0820211
0.540599
0.376579
0.298088
0.185754
1.39044e-12
0.00303766
0.0030387
0.00303895
0.977097
0.583444
0.00303908
0.00200794
0.00303826
0.319938
0.336307
0.314108
0.244628
1.13794e-14
0.816673
0.651557
0.376573
0.376588
0.361385
0.761534
0.145154
4.0606e-15
0.10613
0.744619
0.13259
0.00459919
0.573988
0.00642571
0.210169
1.12874e-14
1.12861e-14
1.12851e-14
0.131907
0.454115
0.617554
0.424298
0.00303859
0.726334
4.01629e-15
0.494597
0.462424
0.68923
0.977113
1.21834e-15
0.29251
0.527836
0.689238
0.689238
0.376574
1.14938e-14
1.22516e-15
0.00303816
1.2257e-15
0.343313
0.757681
3.79265e-15
1.14745e-14
1.2264e-15
1.22119e-15
4.15201e-13
0.423107
1.22827e-15
0.326069
0.503551
1.23265e-15
0.383861
0.50236
0.300764
4.19306e-13
0.376612
0.389852
0.300797
1.15802e-14
4.19111e-13
0.376595
0.600483
0.1335
1.21647e-15
1.21653e-15
1.21653e-15
0.977143
4.14608e-13
0.246238
4.04061e-15
1.23383e-15
0.503569
0.287388
0.08202
0.0820191
0.503522
1.21706e-15
0.378853
0.0820146
1.12717e-14
0.489536
0.376573
1.20693e-15
0.0820232
0.376586
1.20983e-15
0.302737
0.0101634
1.14451e-14
1.22401e-15
1.21626e-15
1.21236e-15
0.343329
0.24956
0.376578
0.127912
0.0779226
0.00794543
0.131961
0.326071
1.14555e-14
0.185755
0.201286
0.14829
0.0820271
0.0101647
1.25573e-14
0.0820262
0.977129
0.0101613
0.300302
1.66863e-13
0.468276
0.376577
1.23175e-15
0.444422
0.423857
0.411132
0.468083
0.376606
0.323325
0.300311
0.927159
0.0820193
0.271976
1.67133e-13
0.383835
0.1335
0.344207
0.376561
0.00334406
0.411126
0.817826
0.287392
0.766742
0.674035
0.266982
0.376583
1.66661e-13
0.336267
0.0820149
0.376562
0.114129
0.166013
0.0820215
1.64676e-13
0.428064
0.540567
0.376587
0.307116
0.376603
0.744611
0.376595
0.326084
0.262053
0.462387
0.343343
0.0820199
0.188055
0.376519
0.0393316
0.000932033
0.478053
0.300297
0.376578
0.309048
0.425247
0.141282
0.244647
0.00140581
0.604694
0.540622
0.361383
0.0820207
0.67439
0.530543
0.600486
0.210189
0.54062
0.428062
0.192391
0.444455
0.423874
0.571753
0.228434
0.343296
0.425277
0.376584
0.502342
0.376568
0.344203
0.651555
0.712041
0.74461
0.977146
0.0820224
0.0820205
0.831757
0.478086
0.376582
1.04065e-09
0.287386
0.0149796
0.422122
0.422108
0.376562
0.224323
0.0760089
0.977135
0.376574
0.300753
0.411128
0.141277
0.376594
0.00140571
0.264158
0.166019
0.33005
0.412622
0.26207
0.271993
0.343315
0.271966
0.343323
0.262056
0.376569
0.343309
0.262078
0.0149802
0.353873
0.376586
0.389845
0.540646
0.0014058
0.412581
0.141281
0.343321
0.977129
0.232351
0.0149797
0.323303
0.376578
0.271971
0.376582
0.300302
0.343303
0.267016
0.314135
0.689252
0.424271
0.0820226
0.14126
0.712115
0.376568
0.757566
0.287004
0.344206
0.0635489
0.376572
0.438353
0.571701
0.376586
0.376592
0.376583
0.305846
0.478075
0.0470166
0.383847
0.0820151
0.0149769
0.444388
0.264124
0.273437
0.376573
0.618146
0.463611
0.188062
0.594499
0.138946
0.409019
0.0514201
0.283414
0.600488
0.444422
0.376592
0.343319
0.343319
0.424276
0.138918
0.689238
0.689246
0.0514142
0.29753
0.600513
0.235828
0.376605
0.210214
0.126003
0.141132
0.820705
0.0820216
0.376581
0.376582
0.793406
0.484403
0.315407
0.354283
0.0297209
0.905547
0.148292
0.0102998
0.00386316
0.00340797
0.0514211
0.262095
0.376584
0.323478
0.376566
0.454081
0.0014044
0.051407
0.0773569
0.99698
0.384159
0.0464079
0.323311
0.302726
0.210194
0.287387
0.0733981
0.161358
0.0956018
0.677987
0.309005
0.478031
0.376573
0.32712
0.376573
0.424299
0.0514174
0.326077
0.376592
0.262086
0.178015
0.376597
0.293678
0.546778
0.210198
0.224342
0.0514149
0.252739
0.292498
0.376568
0.0247118
0.287381
0.462456
0.424273
0.0514186
0.262082
0.0514224
0.082027
0.740335
0.0514213
0.262095
0.307104
0.289292
0.235826
0.43834
0.205551
0.674379
0.426098
0.831224
0.323486
0.571743
0.0822935
0.409032
0.253167
0.224342
0.067044
0.307106
0.0820212
0.262068
0.293639
0.908716
0.706261
0.707621
0.61854
0.0514175
0.537784
0.416822
0.292537
0.0514149
0.771595
0.376584
0.0514133
0.0514111
0.0514078
0.722797
0.761526
0.327119
0.376575
0.0514152
0.866459
0.376584
0.417264
0.0514206
0.617012
0.235833
0.0820255
0.468064
0.54565
0.424296
0.287394
0.41261
0.425206
0.0670089
0.408981
0.289279
0.323298
0.376578
0.185745
0.712111
0.564192
0.376604
0.445753
0.712149
0.236367
0.328397
0.376581
0.262077
0.489559
0.315041
0.478067
0.287384
0.323309
0.462475
0.428085
0.412587
0.0514229
0.47811
0.977101
0.228097
0.858655
0.424254
0.37659
0.0314972
0.397768
0.771522
0.262049
0.187041
0.0925516
0.546785
0.187053
0.0925637
0.98161
0.142756
0.1203
0.28929
0.0796516
0.079646
0.224773
0.100508
0.0796343
0.376573
0.262048
0.132587
0.51046
0.376583
0.376587
0.132695
0.252757
0.0775262
0.0796663
0.0796664
0.0796593
0.564176
0.338673
0.309041
0.376579
0.981606
0.571274
0.219702
0.283378
0.283385
0.287014
0.0796609
0.5642
0.376603
0.28341
0.287401
0.219733
0.312174
0.312147
0.124094
0.315048
0.255475
0.300743
0.255475
0.262086
0.109083
0.188054
0.0808299
0.109108
0.330057
0.416842
0.147804
0.0352239
0.0039965
0.00085323
0.287007
0.376559
0.109066
0.00112312
0.37656
0.67437
0.604671
0.604657
0.344228
0.205817
0.726495
0.224331
0.600659
0.10908
0.185742
0.604618
0.376563
0.376556
0.336255
0.376574
0.376574
0.292358
0.826919
0.617556
0.546783
0.376603
0.249565
0.376594
0.376595
0.651592
0.175385
0.00355337
0.000804007
0.376576
0.26205
0.189625
0.715269
0.86648
0.0481791
0.104797
0.287019
0.244638
0.236374
0.287401
0.376603
0.326086
0.428074
0.541351
0.210193
0.227324
0.962885
0.0654474
0.0654474
0.133503
0.282304
0.0917168
0.376606
0.282322
0.249596
0.944006
0.388469
0.388457
0.388442
0.38845
0.412547
0.0955679
0.37656
0.249532
0.37656
0.109077
0.541365
0.0358083
0.000372925
0.376594
0.376584
0.5482
1.15315e-14
0.294177
0.618547
0.000372578
0.109071
0.321142
0.376573
0.361379
0.36138
0.462417
0.908587
0.000117663
0.412564
0.000428493
0.571728
0.000372928
0.537806
0.000567944
0.0034524
0.502345
0.133716
0.00707635
0.85941
0.323422
0.494194
0.38385
0.4835
0.00397116
0.757641
0.376587
0.502363
0.361403
0.617023
0.425326
0.326087
0.945625
1.14727e-14
1.14755e-14
0.00163612
0.312144
0.444418
0.462477
0.578068
0.376598
0.376605
0.689249
0.385324
0.298104
0.404987
0.0121002
0.454117
0.0820214
0.376568
0.286092
0.235816
0.425196
0.462404
0.00229009
0.282309
0.714474
0.738178
0.716416
0.384155
0.566759
0.282303
0.330029
0.082017
0.000326169
0.75669
0.0191655
0.383853
0.000958309
0.376575
0.376588
0.376584
0.231312
0.344234
0.376604
0.145182
0.444439
0.548125
0.145564
0.42382
0.0820235
0.63057
0.454086
0.00602199
0.573964
0.376551
0.376568
0.376579
0.249551
0.376588
0.422145
0.00337442
0.630608
0.287029
0.376598
0.262089
0.674773
0.376582
0.00502276
0.145161
0.252738
0.00419895
0.0203256
0.445722
0.376601
0.145584
0.145201
0.564284
0.86175
0.00567784
0.361396
0.674757
0.148704
0.600473
1.14488e-14
0.4624
0.00215115
0.249532
0.345492
0.13932
0.37658
0.376992
0.503578
0.376583
0.133521
0.116773
0.0725085
0.292501
0.412527
0.145142
0.360071
0.879732
0.287018
0.0775587
0.287025
0.262062
0.881998
0.376592
0.571741
0.195243
0.309055
0.376597
0.664364
0.170034
0.574046
0.428799
0.422134
0.383845
0.574001
0.251487
0.376574
0.376581
0.376579
0.321198
0.5642
0.56425
0.376604
0.862067
0.571738
0.188058
0.292518
0.541355
0.188054
0.132696
0.376578
0.630603
0.133523
0.376988
0.195269
0.74462
0.463344
0.0185468
0.0181472
0.630621
0.866491
0.262089
0.376589
0.266973
0.454084
0.00841133
0.674766
0.325326
0.651586
0.125766
0.462443
0.502333
0.236369
0.287386
0.389825
0.0513126
0.462439
0.881978
0.376561
0.3141
0.428028
0.376574
0.571683
0.541337
0.376588
0.0513141
0.0781144
0.0825128
0.082521
0.314127
0.224341
0.00514375
0.376583
0.136773
0.254215
0.0110935
0.423097
0.462402
0.283375
1.1358e-14
0.0328508
0.0328532
0.00381065
0.00817945
0.210198
0.282319
0.376605
0.00381243
0.00381196
0.0081803
0.0825063
0.178008
0.00381092
0.336285
0.0343847
0.0296509
0.00381108
0.219592
0.361402
0.7484
0.278788
0.246956
0.454151
0.136796
0.00189502
0.0825095
0.178007
0.178002
0.461062
0.008175
0.00380901
0.423809
0.00817699
0.445707
0.00817819
0.00554662
0.376593
0.323455
0.15715
0.502329
0.287016
0.707624
0.112147
0.233412
0.376555
0.184027
0.540068
0.0123827
0.882007
0.205543
0.0494468
0.383869
0.136809
0.570453
0.0825176
0.314128
0.323311
0.530554
0.537804
0.415177
0.0825045
0.0824979
0.376568
0.195197
0.252737
0.195226
0.376581
0.129017
0.955367
0.0825226
0.205571
0.0315903
0.127045
0.323324
0.249555
0.454112
0.120117
0.376575
0.120111
0.252737
0.239136
0.376578
0.571732
0.907906
0.503615
0.361056
0.307124
0.489598
0.307113
0.503575
0.503584
0.0605212
0.376558
0.188051
0.177186
0.188051
0.307101
0.307114
0.0116127
0.462465
0.289201
0.0825086
1.15351e-14
0.57403
0.0825031
0.881975
0.0824919
0.376561
0.262041
0.882001
0.0825009
0.082501
0.175388
0.562327
0.114232
0.351909
0.469649
0.540615
0.146468
0.323318
0.295337
0.30901
0.822191
0.376576
0.376571
0.655784
0.618587
0.37656
0.600473
0.180915
0.287385
0.287019
0.195226
0.651655
0.521564
0.502365
0.0739381
0.26209
0.530546
0.13191
0.127021
0.389818
0.277914
1.14871e-14
0.389825
0.20556
0.537818
0.361411
0.376612
0.444457
0.210218
0.314137
0.376594
0.232353
0.323312
0.376568
0.480991
0.287373
0.277799
0.201145
0.262067
0.355822
0.302718
0.25421
0.127035
0.136774
0.376583
0.170729
0.360301
0.252733
0.317272
0.288722
0.344202
0.389817
0.771541
0.170724
0.200482
0.309023
0.411301
0.170744
0.428085
0.184597
0.336299
0.169676
0.376584
0.376586
0.239819
0.881983
0.082505
0.412602
0.881984
0.940304
0.195218
0.423936
0.224333
0.37659
0.502336
0.771643
0.997889
0.571748
0.19238
0.00125215
0.0704572
0.376582
0.651609
0.454111
0.187056
0.178834
0.376585
0.210193
0.262106
0.19527
0.0875274
0.230696
0.0934438
0.141896
0.376593
0.376583
0.376589
0.376569
0.419869
0.881976
0.423887
0.37656
0.0825018
0.47808
0.478068
0.421773
0.617006
0.376585
0.323991
0.36139
0.167734
0.532246
0.525937
0.921589
0.671817
0.426084
0.463476
0.0460057
0.0816353
0.178016
0.881998
0.0825126
0.262082
0.0799826
0.88199
0.330048
0.617543
0.425211
0.738604
0.37658
0.157142
0.376566
0.376566
0.376565
0.65126
0.651607
0.651601
0.651626
0.423844
0.423867
0.423867
0.674916
5.63014e-12
0.376598
3.82596e-12
0.31215
0.0308026
0.108192
0.21019
0.61755
0.376586
0.249568
0.249591
0.178387
0.45416
0.479907
0.908763
0.376609
0.323316
0.31412
0.376592
0.188047
0.42381
0.376559
0.325404
0.571664
0.661735
0.202962
0.553067
0.674776
0.200486
0.129219
0.000754077
0.881972
0.761077
0.881978
0.88198
0.617512
0.262039
0.494171
0.20047
0.289287
0.882008
0.0911809
0.376585
0.882005
0.300756
0.376596
0.881988
0.881988
0.881995
0.421781
0.220075
0.167531
0.745707
0.623176
0.37657
0.462413
0.361377
0.502326
0.0228729
0.412623
0.801835
0.54823
0.192384
0.553059
0.262094
4.62688e-12
0.137489
0.175393
0.0571604
0.376577
0.0934175
0.244638
0.74462
0.881967
1.15883e-14
0.195267
0.262109
0.286119
0.336331
0.881968
0.376591
0.105264
0.74721
0.082498
0.881964
0.252731
0.71774
0.881975
0.195217
0.385306
0.376581
0.336295
0.712128
0.270285
0.27594
0.907272
0.28284
0.401811
0.412592
0.233422
0.0736833
0.376574
0.661758
0.302715
0.210198
0.152707
0.881997
0.0109594
0.454137
0.777926
0.940311
0.178014
0.178014
0.178015
0.882006
0.188057
0.12398
0.114205
0.743184
0.548903
0.261199
0.37658
0.082504
0.14276
0.881981
0.483532
0.161357
0.161357
0.712134
0.302732
0.516147
0.468046
0.468047
0.249559
0.881969
0.88197
0.423951
0.546779
0.881961
0.478108
0.376613
0.462538
0.0934442
0.376608
0.0825158
0.0934222
0.489573
0.881958
0.309017
0.195189
0.210171
0.881974
0.376572
0.881986
0.0825063
0.881981
0.210203
0.701445
0.201774
0.0934237
0.814824
0.0934115
0.023887
0.0934062
0.229838
0.200471
0.227346
0.0934179
0.0725143
0.141864
0.23345
0.940326
0.600532
0.881987
0.376597
0.438364
0.616983
0.674788
0.423852
0.376584
0.0344043
0.344215
0.254189
0.882244
0.882264
0.881972
0.0344053
0.881981
0.330044
0.651949
0.376604
0.489592
0.0825185
0.383873
0.881982
0.0820209
0.604665
0.881971
0.421762
0.881972
0.0470645
0.423104
0.573721
0.129227
0.744621
0.0344164
0.200493
0.161356
0.0825147
0.81646
0.816458
0.816452
0.0824922
0.873956
0.462399
0.873956
0.984853
0.0825122
0.37658
0.14187
0.300754
0.376583
0.548199
0.282846
0.502316
0.141847
0.881979
0.178007
0.572843
0.00398908
0.281715
0.205535
0.423841
0.726519
0.00713507
0.37659
0.376603
0.235833
0.658935
0.993738
0.689234
0.376584
0.689234
0.419894
0.542739
0.0531467
0.0923925
0.444402
0.376573
0.744616
0.0418177
0.412623
0.195451
0.540645
0.422169
0.267006
0.244645
0.06246
0.37658
0.503545
0.744613
0.689248
0.376579
0.518403
0.689251
0.955356
0.706254
0.235837
0.376612
0.376607
0.10795
0.376607
0.34423
0.376584
0.689255
0.572877
0.376557
0.224326
0.537739
0.0820161
0.00323209
0.540581
0.323305
0.195239
0.376592
0.376583
0.35428
0.376583
0.302714
0.314105
0.546737
0.376563
0.444388
0.17538
0.546755
0.68923
0.205543
0.161365
0.424027
0.216132
0.438373
0.376597
0.0820258
0.376597
0.0903836
0.376587
0.376596
0.726751
0.376579
0.300739
0.188055
0.399256
0.600481
0.0627348
0.262076
0.737298
0.771605
0.376607
0.262105
0.502369
0.502679
0.132705
0.445698
0.295359
0.412618
0.376576
0.202951
0.376576
0.286106
0.0267445
0.376596
0.207823
0.518434
0.572957
0.651661
0.67445
0.133721
0.454116
0.454124
0.454095
0.757565
0.141474
0.262048
0.530512
0.282299
0.412625
0.574023
0.178011
0.571727
0.0820198
0.548198
0.282304
0.756695
0.26696
0.572857
0.376563
0.328362
0.0207749
0.110725
0.546756
0.503526
0.483501
3.13167e-14
0.323315
0.293671
0.376595
0.50357
0.376596
0.262058
0.376579
0.376588
0.376576
0.389813
0.548152
0.572829
0.548152
0.37657
0.32838
0.982636
0.422147
0.0820225
0.462505
0.287029
0.0820272
0.376599
0.503574
0.262072
0.5729
0.581272
0.438342
0.233441
0.0853886
0.330039
0.689252
0.940286
0.471321
0.651671
0.376608
0.3235
0.889823
0.114126
0.249575
0.574044
0.70068
0.376559
0.202934
0.262049
0.483468
0.403756
0.262078
0.37658
0.210198
0.232361
0.376582
0.604668
0.574031
0.901009
0.0820173
0.428032
0.548158
0.614268
0.247676
0.462396
0.210184
0.0693842
0.689233
0.57287
0.419901
0.141538
0.428076
0.210206
0.262086
0.689235
0.689232
0.454131
0.689244
0.689244
0.0267413
0.37657
0.262057
0.12011
0.376581
0.0700778
0.283409
0.502652
0.300761
0.0517593
0.46084
0.905444
0.300765
0.483499
0.224334
0.423936
0.357782
0.376578
0.376579
0.572922
0.376583
0.45414
0.93823
0.381812
0.0262333
0.113372
0.445774
0.321214
0.44237
0.445738
0.336277
0.541319
0.000662678
0.611338
0.132686
0.376573
0.96402
0.177469
0.591799
0.327634
0.689247
0.282304
0.348877
0.0460197
0.578042
0.289154
0.39925
0.262043
0.251479
0.495957
0.133707
0.129234
0.987154
0.132694
0.604665
0.604689
0.00172603
0.697875
0.471297
0.38415
0.323307
0.4942
0.784303
0.384149
0.210178
0.617515
0.583094
0.249551
0.091664
0.856906
0.668037
0.4199
0.376605
0.315065
0.376605
0.22825
0.249571
0.674774
0.590815
1.34685e-05
0.376579
0.330034
0.376579
0.541365
0.262085
0.00172662
0.202979
0.13373
0.614266
0.195283
0.00213843
0.300174
0.235825
0.210203
0.83056
0.998466
0.0016634
0.0207719
0.114129
0.928318
0.488518
0.37658
0.785121
0.959504
0.471288
0.471288
0.0120938
0.000321386
0.376571
0.161358
0.326057
0.249524
0.249532
0.977811
0.376574
0.40269
0.235828
0.689234
0.262069
0.546809
0.16754
0.376597
0.376597
0.376586
0.376588
0.399272
0.4113
0.540582
0.282298
0.37657
0.311299
0.323442
0.494225
0.37658
0.689243
0.210198
0.169685
0.336318
0.743201
0.541382
0.133534
0.376582
0.703964
9.16109e-07
0.503548
0.171905
0.101138
0.851838
0.709608
0.376598
0.323324
0.0630112
0.136047
0.231937
0.262111
0.236369
0.376582
0.120121
0.648442
0.376559
0.805869
0.33002
0.0680107
0.0973101
0.000947098
1.23136e-14
0.189812
0.376594
0.735599
0.426097
0.361388
0.233439
0.361376
0.502613
0.503495
0.281639
0.617529
0.376577
0.376576
0.46081
0.376584
0.376992
0.423845
0.131913
0.770387
4.2183e-09
0.50357
0.689226
0.287746
0.0820219
0.389802
0.0820163
0.644105
0.262011
0.90701
0.0743142
0.511486
0.376577
0.376588
0.423111
0.552815
0.376604
0.714665
0.411322
0.689241
0.376581
0.389822
0.945387
0.287018
0.939589
0.651599
0.502334
0.376583
0.849767
0.185775
0.330061
0.617611
0.578119
0.377014
0.478089
0.400569
0.421751
0.0104359
0.0820146
0.37656
0.809426
0.651556
0.376573
0.376588
0.210192
0.415185
0.287027
0.618515
0.538561
0.735597
0.503533
0.0820173
0.00262376
0.0602684
0.860095
0.860113
0.596637
0.225799
0.385302
0.376583
0.376587
0.233454
0.325699
0.376598
0.376597
0.133721
0.713288
0.689233
0.464206
0.551613
0.551616
0.383846
0.376569
0.360084
0.689247
0.287386
0.399497
0.2102
0.617557
0.712148
0.412587
0.399496
0.0104128
0.938209
0.399499
0.452836
0.321193
0.376578
0.735597
0.376578
0.399482
0.262083
0.422162
0.416841
0.385329
0.188056
4.38907e-05
0.426128
0.254217
0.538541
0.677117
0.1413
0.68925
0.399499
0.604619
0.37656
0.774734
0.234696
0.851845
0.945616
0.945607
0.376583
0.000178919
0.376583
0.376576
0.444407
0.039209
0.0343841
0.376556
0.000953949
0.295327
0.221327
0.125076
0.908713
0.249551
0.423922
0.607333
2.89162e-13
1.26604e-07
7.66809e-05
0.113299
0.444422
0.376592
0.192366
0.0215101
0.689238
0.617517
0.376567
0.134128
0.321193
0.771969
0.651623
0.376586
0.357763
0.244647
0.866486
0.757659
0.376598
0.287387
0.817832
0.192369
0.262076
0.384154
0.376578
0.376585
0.77035
0.227375
0.144256
0.376612
0.428095
0.423868
0.267017
0.376593
0.783604
0.438357
0.210179
0.330018
0.617502
0.25148
0.0225817
0.0820181
1.70094e-07
0.689239
6.77834e-06
0.603242
0.072513
0.376583
0.249563
0.769968
0.37657
0.292488
0.376563
0.26694
0.133706
0.671785
1.4501e-05
6.76665e-06
0.423104
0.376586
0.462438
1.47947e-05
0.283417
0.300758
0.161362
0.131908
0.454118
0.293669
0.236357
0.262069
0.314106
0.175382
0.423899
0.541341
0.286106
0.899429
0.302726
0.384161
0.178011
0.292553
0.376605
0.249577
0.0820263
0.376581
0.376582
7.55825e-05
0.326067
0.925464
0.376576
0.616985
7.55703e-05
7.56381e-05
7.56316e-05
0.844938
0.0741031
0.462534
7.56695e-05
0.376592
0.135411
0.479385
0.182528
0.00704112
0.111642
0.188051
0.689243
7.55499e-05
0.376588
0.376581
0.604673
0.287217
0.376582
0.462468
0.618513
0.689242
0.376568
0.889537
0.210174
0.540516
0.000118036
0.000100368
0.412544
0.376587
0.0820234
0.467459
0.289198
0.289211
0.184768
0.376596
0.689241
0.262468
0.574011
0.320717
0.336269
0.376807
0.33624
0.289162
0.546039
0.634992
0.197558
0.0531493
0.530558
0.053152
2.35419e-05
0.371163
0.426127
0.3766
0.376599
0.454109
0.287205
0.438347
0.376577
0.151124
0.000887875
0.689252
0.287197
0.0751869
0.287223
0.300767
0.287219
2.35567e-05
0.376608
0.425279
0.361388
0.483515
0.376569
0.292499
0.000508488
0.483469
0.00820854
0.454103
0.0262823
0.0942832
0.409012
0.851853
0.851842
0.790156
0.744617
2.87109e-08
0.000915293
0.000195032
0.131899
0.582042
0.535405
0.133706
0.770387
0.613929
0.530547
0.376586
0.287231
0.376606
0.425258
0.478089
0.376595
0.384156
0.0820241
2.35149e-05
0.389826
0.449016
0.376569
0.124084
0.483484
0.384147
0.268568
0.940852
0.856401
0.328388
0.856401
0.202975
0.302736
0.326219
1.42505e-05
0.315048
0.865901
2.35226e-05
2.35185e-05
0.221526
2.35186e-05
0.689252
1.42449e-05
2.35515e-05
0.42313
0.620208
0.13271
1.4263e-05
0.617609
0.617577
0.330038
0.262093
0.50263
0.249884
0.502611
0.4624
0.287188
0.376573
0.454125
0.244639
0.357793
0.502343
0.502332
0.376584
0.689247
6.56316e-05
0.37657
0.689242
0.996463
0.175376
1.12843e-14
0.0725077
0.323412
0.454119
1.79114e-05
1.13507e-14
0.0402873
0.541382
0.389836
0.673727
5.52472e-05
0.252743
0.454109
0.13191
0.617548
0.18705
0.770362
0.376567
0.0402777
0.330913
0.361385
3.72553e-05
0.000112042
0.689244
0.287402
0.192386
0.376606
0.00357865
0.462485
0.45411
0.689245
0.376585
0.689249
0.376579
0.546772
3.7274e-05
0.600498
