0.443007
0.573104
0.470211
0.662697
0.0153328
0.133489
2.44117e-05
0.238194
0.436899
0.706463
0.947052
0.728753
0.321705
0.400674
0.171991
0.175752
0.205582
1.97189e-10
3.74418e-07
0.281612
0.176498
0.419624
0.110027
0.13008
0.395178
5.37985e-11
0.233214
0.130082
0.233213
0.274002
0.130079
0.458567
0.696916
0.131464
0.554249
2.30512e-06
4.00556e-10
6.58254e-10
0.211341
0.211341
0.211341
0.460373
0.0387372
0.691132
0.231119
0.483676
0.973429
0.168226
0.00362084
0.00494739
0.141414
0.886824
0.256269
0.0585238
0.0585251
0.312673
0.54572
0.545718
0.45624
0.00547943
0.00696975
0.124755
0.0833403
0.374969
6.65521e-06
0.75783
0.319544
0.5135
0.00995754
0.513496
0.00336705
0.00581204
0.53851
0.538519
0.0973927
0.000332799
0.411402
0.387858
0.387856
0.426986
4.90986e-09
0.374968
0.285361
1.34444e-11
0.212496
1.20126e-06
0.598362
0.959318
0.666075
1.57811e-07
0.301992
0.593112
0.645316
0.0137544
0.299825
2.73755e-10
0.000107883
0.279294
0.374975
0.245083
0.0113369
5.08963e-10
0.329133
0.110605
0.145872
0.0814674
2.96471e-05
0.0825012
5.85041e-05
3.40684e-05
3.92847e-05
9.85145e-05
1.66173e-05
8.68558e-12
7.1449e-07
0.034499
2.38427e-09
0.710744
0.0160818
0.54572
2.45629e-06
0.660046
0.000650013
0.0596269
2.49107e-07
0.0328846
0.0810701
0.192181
0.00208779
1.43435e-13
0.064622
0.0538256
0.00686928
2.70816e-09
0.411266
0.43726
0.000585807
0.00036419
0.460365
0.00119588
0.951479
0.395517
2.13223e-08
0.327135
0.0151096
0.0350102
0.260616
1.26663e-13
0.260623
1.74309e-05
3.35326e-07
0.0121433
9.36105e-06
0.573123
4.75138e-08
0.303086
0.000160826
0.562032
0.637069
2.20068e-12
0.0102643
0.000211174
0.234991
0.953197
0.501254
0.168153
0.460368
0.757858
0.000144525
0.505014
0.166058
0.167428
0.029736
0.024724
3.17572e-05
0.18053
0.000772477
0.440884
0.184946
0.296262
0.689233
7.90153e-05
0.0214518
0.342126
0.29209
0.0483615
0.172338
0.41141
0.762066
0.00146183
1.04345e-12
0.097488
1.1131e-05
0.230443
0.230448
0.924867
0.234259
0.768662
0.677962
0.113017
0.000192489
0.570402
0.185824
3.50233e-09
0.00358056
0.374974
0.0082603
0.00121492
0.411395
0.0638339
0.335127
6.68532e-07
0.0573335
0.00107296
0.66368
0.291051
3.23629e-10
1.91531e-08
1.8395e-06
0.234989
0.686463
0.0285351
3.24997e-11
0.776002
0.00235802
1.6036e-12
5.34314e-15
2.51075e-15
0.118138
0.693824
0.671505
0.221378
3.48589e-09
0.189641
0.239324
0.321721
0.130645
0.63373
0.149193
0.9292
0.933068
0.260608
0.260616
0.145909
0.0392025
2.28037e-14
0.502832
0.397545
0.501809
0.179099
0.000643773
0.0218619
0.00143179
0.239438
0.536509
0.963342
0.0821173
0.269095
0.313181
0.0089308
0.241813
0.374977
0.421267
0.184338
0.184338
0.816967
0.617497
0.23426
0.00148886
0.576885
0.000134696
0.147685
0.374972
0.0638497
0.374973
0.117048
0.000268605
0.242357
0.357693
0.410231
0.173507
5.62757e-05
9.05295e-05
1.84559e-05
0.174291
0.599183
0.00453913
0.328456
0.0122073
0.44934
0.285737
0.2228
0.00114541
0.00298282
0.374978
6.61961e-07
0.230452
0.107992
0.000301643
0.313185
0.000694164
0.000928469
0.443783
1.78872e-05
0.445004
0.155439
0.967392
0.411252
0.0011149
0.0584504
0.353117
0.324821
0.280836
0.374977
0.32435
0.000502605
0.000616826
0.114297
0.0049818
0.186315
0.572263
0.119572
0.13246
0.132459
0.824662
0.720625
0.335143
0.00135434
0.110256
8.31223e-06
0.697667
0.411196
0.260616
0.247978
0.964758
0.00586705
4.8639e-05
0.423769
0.145818
0.000406811
0.450213
0.930525
0.000899046
0.374978
0.265626
0.091563
0.374974
0.00483515
0.488693
0.000117255
0.335121
0.0397328
0.14748
0.154725
0.544646
0.00369879
0.299455
0.187206
0.33018
0.210548
0.048656
0.165533
0.655123
0.757864
0.296264
0.23421
0.374971
0.293293
0.351487
0.241094
0.374972
0.0810694
0.481951
0.00242987
0.000169407
0.000296706
0.603841
6.92997e-05
0.374971
0.260617
0.173612
0.328453
0.374967
0.352208
0.00804309
5.00714e-06
2.01333e-05
0.37497
0.00104882
0.00485345
0.488705
0.000361318
0.374979
4.40297e-05
7.65582e-05
0.374981
0.0143423
0.000994279
0.00345236
0.0900778
0.00175636
0.121773
0.0015837
0.0104764
0.285365
0.00137479
0.488574
0.374977
0.374977
0.374978
0.0451486
0.470215
0.674193
0.374975
0.0134659
0.0782316
0.0436033
0.417528
0.283406
0.283401
0.476961
0.833134
0.321664
0.721085
0.264741
0.0473782
0.424716
0.476967
0.424711
0.522166
0.0259182
0.0169034
0.0349418
0.215386
0.532435
0.090817
0.237565
0.177691
0.443812
0.166289
0.0223182
0.24301
0.0329459
0.319546
0.000157541
0.993913
0.328454
0.137101
0.0661002
0.294023
0.294033
0.42238
0.294039
0.000135191
0.203441
0.599194
0.271975
0.460375
0.130819
0.374981
0.146021
0.441048
0.139058
0.00312418
0.122103
0.296262
0.0107466
0.757829
0.672694
0.411412
0.260626
0.181772
0.710748
0.71075
0.319512
0.00343447
0.287651
0.343822
0.75156
0.433269
0.983723
0.00709756
0.00386209
0.109369
0.578592
0.0927776
0.221735
0.307444
0.460368
0.168585
0.0648443
0.688262
0.0565553
0.374973
0.374971
0.715203
0.000143766
0.126233
0.260616
0.280604
0.0419339
0.687768
0.10499
0.411193
0.513162
0.321695
0.567797
0.710727
0.284342
0.816233
0.394897
0.285356
0.374962
0.281612
0.281623
0.281617
0.529063
0.459137
0.287654
0.772774
0.154836
0.34383
0.31955
0.285367
0.285361
0.374974
0.374972
0.250158
0.599178
0.184323
0.32435
0.423774
0.423794
0.501251
0.714038
0.321718
0.356624
0.460368
0.285664
0.429762
0.899151
0.0905983
0.0107395
0.374972
0.328456
0.86851
0.889208
0.374971
0.212853
0.103657
0.027025
0.222818
0.185825
1.37521e-06
0.599188
0.00569211
0.374972
0.00218078
3.82726e-08
1.21248e-05
0.000176476
0.771998
0.429584
0.411252
0.546533
0.289678
0.0335585
0.190956
0.0850611
6.33783e-07
0.112173
0.953263
0.818871
0.259374
0.816879
0.305502
0.614904
0.046665
0.411259
0.125839
0.247987
0.313181
0.032275
0.4369
0.374979
0.244528
0.294038
0.305511
0.509931
0.409894
0.834864
0.374972
0.752383
0.556102
0.0420483
0.283771
0.374978
0.152255
0.501254
0.194696
0.476962
0.530779
0.374974
0.374979
0.968265
0.0344598
0.412773
0.301106
0.127808
0.691948
0.0287651
0.97636
0.71318
0.440895
0.175651
0.0349578
6.41603e-06
0.513324
0.260088
0.00596439
0.374972
0.260617
0.17372
0.156854
0.0376101
0.0151416
0.564264
0.436933
0.374977
0.136705
0.243096
0.172655
0.948082
0.421263
0.0402665
0.000487144
0.014405
0.421256
0.208652
0.18653
0.374967
0.37497
0.38435
0.26276
0.0546236
0.816253
0.374979
0.0058333
0.17935
0.374982
0.0206415
0.374981
0.0590305
0.647079
0.000530045
0.0379294
2.63854e-06
2.50089e-06
1.70223e-07
0.29944
0.599189
0.335133
9.77491e-05
0.113018
0.616463
0.374979
0.374974
0.0676093
0.32644
0.52615
0.225899
0.374975
0.374975
0.529056
0.617639
0.196789
0.143963
0.573118
0.374978
0.103465
0.411265
0.203009
0.343819
0.225906
0.205563
0.0240579
0.935678
0.374971
0.374971
0.336842
0.460066
0.866225
0.110258
0.424716
0.00402616
0.000792255
0.73665
0.501253
0.501245
0.490228
0.100956
0.411255
0.573102
0.107844
0.121129
0.249549
0.411259
0.0914752
0.411266
0.411264
0.368854
0.37498
0.37498
0.374983
0.83684
0.374981
0.126172
0.260617
0.948209
0.855162
0.863982
0.196779
0.374973
0.866225
0.0279147
0.0633837
0.19232
0.0345835
0.225902
0.373483
0.0376642
0.374979
0.374971
0.00640331
0.374971
0.0469733
0.0367628
0.77302
0.132461
0.670346
0.407235
0.374976
0.589353
0.374978
0.595613
0.31406
0.374977
0.321668
0.670345
0.25409
0.670342
0.175752
0.670342
0.670343
0.858576
0.443539
0.470214
0.179349
0.418095
0.374978
0.794523
0.374973
0.374968
0.222818
0.222815
0.0250231
0.0325319
0.0426547
0.222815
0.418426
0.113476
0.466446
0.0829503
0.0829496
0.0606404
0.0151056
0.672513
0.374982
0.808469
0.968453
0.808465
0.722966
0.731227
0.484409
0.710732
0.222816
0.670344
0.135971
0.285365
0.20866
0.111997
0.722964
0.374977
0.0657544
0.670343
0.729449
0.265131
0.115981
0.667614
0.808467
0.670343
0.222816
0.135974
0.222815
0.374977
0.00195892
0.378268
0.0198524
0.0091092
0.0616334
0.556466
0.313185
0.374972
0.706579
0.313179
0.299442
0.411777
0.374968
0.374973
0.313176
0.176498
0.115684
0.30111
0.135976
0.794042
0.304483
0.577648
0.183277
0.374969
0.650018
0.121132
0.359671
0.260607
0.187491
0.384018
0.70187
0.0702011
0.0375456
0.00232832
0.342126
0.142681
0.222819
0.866234
0.637065
0.374972
0.148619
0.374971
0.783109
0.861333
0.204135
0.20414
0.34212
0.651034
0.651031
0.188541
0.374978
0.374977
0.299457
0.502106
0.502114
0.343821
0.299446
0.301106
0.17345
0.343821
0.651018
0.710742
0.305503
0.305509
0.313181
0.29565
0.00514871
0.348428
0.501261
8.24232e-05
0.319556
0.423479
0.099331
0.374971
0.412105
0.267535
0.6406
0.217838
0.374968
0.374977
0.374976
0.717441
0.132463
0.534268
0.282219
0.000123983
0.00966678
0.443019
0.443021
1.06762e-05
0.313177
0.382351
0.134643
0.867227
0.0130468
0.0621825
0.488702
1.94766e-06
0.453061
0.282224
0.374982
0.414963
7.24529e-14
4.37367e-15
0.423784
0.374971
0.256621
0.0158535
0.29402
0.950372
7.98492e-14
7.58672e-14
0.389465
0.374978
2.63303e-14
0.163209
0.55088
0.570384
0.374979
0.100603
5.43575e-12
0.540321
0.86831
0.268857
0.79025
0.335137
0.460358
0.312673
7.13288e-14
0.313182
0.617639
1.37271e-10
5.75355e-10
0.0776049
2.29272e-06
1.10662e-12
0.374973
0.335121
9.43288e-15
0.206641
9.42539e-15
0.234256
0.326435
0.651033
5.51175e-12
0.186881
0.383776
0.423802
0.536534
0.57311
0.374978
5.63462e-14
9.2451e-12
0.374969
2.24714e-10
0.997284
0.37497
5.20565e-13
0.374971
1.88797e-11
1.74738e-12
0.105067
1.96001e-09
2.63772e-14
0.546669
0.374978
0.285667
7.22695e-15
2.16865e-14
0.260612
0.374972
0.563139
7.58713e-14
0.260616
0.346057
5.94124e-14
0.41119
1.408e-13
0.374978
9.07331e-16
0.260625
2.70226e-15
0.418839
0.41883
0.418832
0.190945
1.86407e-14
0.128359
1.07617e-13
0.453053
9.45622e-15
0.374978
1.7822e-14
0.536537
0.335141
0.122833
2.32716e-12
0.374977
0.260629
0.184329
6.30276e-10
2.0081e-14
0.757835
9.43335e-15
0.603819
3.67566e-15
0.374968
0.285365
0.265622
0.185825
3.68922e-15
1.08693e-15
0.37497
0.260597
0.421256
0.312661
0.174041
1.9111e-13
0.113023
1.93551e-14
9.43089e-15
9.46935e-15
0.247976
0.524507
0.674203
0.374979
1.96355e-14
0.260629
0.374982
0.374977
2.63287e-14
0.234982
0.374973
0.374972
1.74234e-13
2.87323e-14
0.374968
0.45305
0.374968
0.234258
7.12169e-14
1.82728e-13
9.48607e-15
0.382364
8.36533e-14
0.1791
2.12516e-14
1.505e-15
6.59505e-14
0.947057
4.36568e-15
1.10218e-14
0.532616
0.608733
0.459121
1.6294e-13
0.617632
0.374978
3.53645e-12
7.11971e-13
1.14717e-12
0.651033
0.294042
5.34303e-15
0.31267
0.422744
0.260612
0.374971
2.52757e-12
1.08792e-09
2.39516e-10
0.134236
1.70998e-10
0.291051
0.570393
0.374978
0.939583
0.374973
0.307435
3.58949e-15
0.234256
0.60382
0.67418
0.422377
0.411392
0.163205
0.789632
2.60957e-12
0.374977
8.3258e-12
0.488706
0.606462
2.10335e-14
2.40529e-12
0.247989
0.374972
0.247978
0.426986
0.343821
3.39713e-14
1.6317e-13
0.374973
0.247973
0.536535
0.809072
0.573122
0.176498
0.190956
5.43254e-15
9.85061e-12
2.46342e-14
1.82852e-13
7.86302e-13
6.58306e-14
0.374971
0.374971
2.61506e-14
0.375501
0.243005
0.422388
0.422386
0.00051667
0.00112802
0.159933
0.159934
0.345724
0.374981
0.971913
0.459121
0.45911
0.502101
0.341351
0.374968
0.0725855
0.948369
0.132251
0.045889
0.0152308
0.414949
0.374978
0.374975
0.803844
1.73531e-06
0.619207
0.127713
0.420791
0.0194231
0.289802
0.129084
0.208659
0.531194
0.374979
0.374977
0.731232
0.374979
0.500166
0.50017
0.577659
0.116233
0.0418927
0.00149206
0.165848
0.878351
0.132458
0.0265602
0.00519041
0.374968
0.374977
0.913696
0.281358
0.00117343
8.78478e-05
0.852369
0.772174
0.64092
0.0328643
0.260622
0.0551997
0.018488
0.599184
0.125486
0.0237701
0.125447
0.737733
0.616459
0.857937
0.0968959
0.502115
0.328348
0.311856
0.0014246
0.420561
0.0253148
0.658664
4.86234e-05
0.11302
0.285359
0.00328799
0.807151
0.227651
0.260622
0.651037
0.250171
0.250171
0.470214
0.149842
0.281624
0.9611
0.9611
0.359788
0.104531
0.757826
0.359789
0.234985
0.610003
0.41142
0.629326
0.97184
0.26063
0.321724
0.905649
0.132463
0.0468561
0.75784
0.374974
0.726857
0.726857
0.570381
0.260609
0.260617
0.222815
0.532864
0.374976
0.411779
0.344197
0.921725
0.299457
0.107967
0.0915291
0.0960262
0.268857
0.599177
9.10188e-05
1.30292e-12
0.47695
1.86596e-07
0.866386
0.0366886
0.59775
0.232356
1.3817e-07
0.374978
0.172914
0.008808
0.772777
0.597103
0.792021
0.727523
0.524495
0.414957
0.374968
0.81691
0.711241
0.444237
0.181365
0.422388
0.470216
0.344358
0.260615
0.414953
0.560964
0.443764
0.0956661
0.410212
0.321679
0.846373
0.0511415
0.7762
0.37497
0.30111
0.413355
0.573124
0.610435
0.562048
0.457829
0.734125
0.803551
0.33344
0.0840569
0.469465
0.411185
0.260612
0.260608
0.443026
0.0380036
0.0899784
0.00308768
0.0892174
0.519425
0.507246
0.374979
0.174053
0.000484128
0.0505182
0.0624217
0.319537
0.260613
0.0285875
0.142005
0.421941
1.07224e-10
0.176498
0.00648633
0.71075
0.466458
0.501539
0.501547
0.00754975
0.122836
0.0988016
0.436892
0.432736
0.952904
0.315629
0.130642
0.382357
0.321697
0.287738
0.0785014
0.96207
0.501537
0.374978
0.0785016
0.423779
0.999243
0.422741
0.527576
0.319527
0.359788
0.699821
0.908652
0.374974
0.986832
4.39228e-07
0.239393
0.492753
0.822997
0.175759
0.174062
0.0394047
0.284349
0.130645
0.257307
0.111095
2.01215e-10
0.236286
0.374968
0.873023
0.394813
0.107697
0.180924
0.224594
0.208662
0.460367
0.113019
0.38236
0.353117
0.220926
0.387857
0.374971
0.629185
0.443782
0.37497
0.0957348
0.0608339
4.23277e-06
5.60903e-05
0.524508
0.105444
0.250264
0.136939
0.234258
0.168316
0.374972
0.296265
0.65102
0.65102
0.387856
0.374968
0.20414
0.374968
0.562033
0.42276
0.501254
0.374978
0.424718
0.374975
0.299439
0.305508
0.305501
0.641018
0.579356
0.387852
0.159936
0.37497
5.41769e-09
0.0438889
0.021471
1.57035e-14
0.443036
0.41616
0.343827
0.265632
0.470214
0.3598
0.262347
0.374973
0.414958
0.57038
0.478787
0.359787
0.910368
0.374968
0.4432
0.0785007
0.396216
0.556491
0.742478
1.94573e-05
0.409894
0.174056
0.374973
0.198353
0.374973
0.208658
0.374973
0.374972
0.184334
0.260619
0.755404
0.155977
0.000102984
0.058466
0.186528
0.858465
0.186528
0.186529
0.186528
0.186528
0.186529
0.757834
0.540317
0.651012
0.617622
0.374968
0.374977
0.374976
0.374978
0.986845
0.540332
0.402024
0.190947
0.374978
0.481939
0.481941
0.421256
0.110891
0.321691
0.321698
0.260619
0.374971
0.374979
0.374977
0.308093
0.319558
0.396218
0.396221
0.396216
0.374981
0.424711
0.32435
0.0702328
0.324349
0.146317
0.324347
0.111926
0.243005
0.732101
0.00221724
0.374978
0.374978
0.644293
0.218327
0.772755
0.919839
0.722264
0.374973
0.0407926
0.0876871
0.260611
0.501505
0.186528
0.420297
0.247985
0.521974
0.383092
0.374978
0.426998
0.260631
0.374977
0.374982
0.292983
0.816623
0.374971
0.374971
0.260612
0.375494
0.208905
0.374968
0.152701
0.476959
0.0517124
0.929331
0.000206254
0.000635547
0.2606
0.443024
0.299424
0.281596
0.440876
0.159937
0.359782
0.359789
0.414407
0.25016
0.529063
0.338951
0.534201
0.501256
0.929543
0.459154
3.78539e-11
0.486452
0.816893
0.278494
0.278491
0.947519
0.374972
0.902668
0.420799
0.150244
0.00297544
0.000874896
0.374978
0.301109
0.234991
0.960057
0.159935
0.212173
0.545709
0.573114
0.981204
0.335123
0.208657
0.383083
0.057205
0.374971
0.0322044
0.335134
0.311314
0.275158
0.2604
0.289664
0.0694166
0.2541
0.524497
0.374974
0.887764
0.202978
0.125754
0.324346
0.60383
0.353098
0.660558
0.252418
0.252419
0.15326
0.524507
0.159935
0.159936
0.314706
0.314696
0.001383
1.32523e-07
0.265607
0.331034
0.458345
0.260619
0.527878
0.154302
0.382362
0.208663
0.000195335
0.374979
0.570401
0.233142
0.233143
0.335126
0.418833
0.202143
0.374972
3.02885e-07
0.411181
0.374973
0.536836
0.374978
0.118721
0.299019
0.878531
0.332992
0.546662
0.180341
0.173455
0.108356
0.721991
0.811643
0.374971
0.374971
0.588646
0.375501
0.665991
0.41138
0.260623
0.0269126
5.45216e-08
0.934055
0.374981
0.288686
0.133621
0.787942
0.651025
0.328456
0.186529
0.46807
0.335116
0.570382
0.374968
0.374977
0.208661
0.470216
0.312459
0.313005
0.758774
0.374971
0.0146952
0.0425887
0.301104
0.374967
1.14729e-12
0.000569328
0.573105
0.182262
0.884833
0.29902
0.176497
0.374979
0.0894054
0.091965
0.387865
0.305558
0.81348
0.000203228
0.329926
0.443783
0.284346
0.11313
0.116548
0.946025
0.0133676
6.19335e-12
0.0198766
0.470215
0.470215
0.331886
0.94022
0.924145
0.000489843
0.212159
0.222819
0.374977
0.000128922
0.0116928
0.209285
0.0354947
0.00193387
0.803549
5.22983e-05
0.959076
0.00316863
0.470217
0.374982
0.710746
0.13065
0.44089
0.930552
0.616447
0.481942
0.710731
0.561997
0.53786
0.596215
0.0653785
0.260622
0.157126
0.866236
0.374978
0.6656
0.460357
0.290743
0.342121
0.501242
0.28765
0.28765
0.57764
0.17405
0.0658227
0.0813586
0.0688327
0.258881
0.0238645
0.0127841
0.37498
0.0167865
0.612337
0.493129
0.0023957
0.230654
0.402182
0.149917
0.374972
9.23742e-14
0.929206
0.301103
0.30111
0.0904128
0.447054
0.0218201
0.032724
0.315641
0.604751
0.374979
0.639928
0.193816
0.00222851
0.453047
0.0263703
0.260613
0.42437
4.08201e-14
0.585457
0.335105
1.83924e-14
0.585467
1.58899e-11
1.78183e-14
0.299455
0.569908
1.1742e-09
0.000448093
0.214334
0.0241968
0.426986
0.0711423
0.190948
0.000697918
0.36037
0.672438
0.914719
0.374978
0.245243
0.292075
2.41485e-06
1.97699e-08
0.117557
1.82259e-14
0.285357
0.285357
8.45394e-14
0.617615
0.332616
0.132456
0.424912
0.335107
7.01893e-15
0.617202
0.481954
0.481958
0.374977
0.674212
0.374972
0.854657
0.501504
0.201482
0.374972
0.501496
0.851247
0.319533
0.319548
0.728837
0.319553
0.221028
0.139035
0.113019
0.335128
0.113019
0.113019
0.00861796
0.470206
0.256102
0.383083
0.256101
0.374976
0.960963
0.745771
0.424716
0.313182
0.0616546
0.299019
0.299021
1.89857e-06
0.696725
0.30743
0.307431
0.0479488
0.0611334
0.443783
0.411181
0.000588229
0.246522
0.374977
0.411191
0.411192
0.374978
0.411193
0.411191
0.116738
0.411192
0.369692
0.374971
0.211364
0.239979
0.269118
0.269119
0.374975
0.37497
0.374978
0.374977
0.374979
0.179104
0.155793
0.268791
0.411192
0.284281
0.460356
0.497838
0.832932
0.148984
0.475286
0.787937
0.577408
0.0617079
0.336869
0.260622
0.706535
0.706535
0.260626
0.979051
0.979046
0.772768
0.861007
0.299016
0.374971
0.185816
0.374971
0.0936974
0.374975
0.383082
0.357916
0.112763
0.265628
0.265628
0.265628
0.344009
0.265624
0.181461
0.374972
0.374973
0.374971
0.374971
0.374971
0.374968
0.374972
0.772738
6.85342e-08
0.437062
0.772769
0.424718
0.772769
0.772759
0.772742
0.772757
0.260606
0.86622
0.374967
0.6253
0.374967
0.307424
0.307435
0.37497
0.374979
0.374977
0.374979
0.651039
0.651039
0.700177
0.113019
0.0235914
0.374972
0.257307
0.284346
0.374971
0.854654
0.854653
0.299447
0.270863
0.111978
0.562029
0.284346
0.341582
0.341582
0.374979
0.571886
0.898272
0.453051
0.443799
0.538478
0.538478
0.423692
0.374972
0.732139
0.0791321
0.382363
0.75785
0.292091
6.46636e-11
1.23331e-13
0.272809
0.35703
0.29786
0.292078
0.411258
0.0889678
0.20078
0.260612
0.313961
0.374972
0.252557
0.538495
0.0916566
0.237008
0.374978
0.232473
0.0983178
0.239975
0.238187
0.374969
0.115849
0.234975
0.374969
0.0654322
0.0654322
0.374975
0.374971
0.374979
0.374977
6.70317e-12
0.374979
0.113018
0.291059
0.113019
0.00968536
0.383084
0.215675
6.97257e-07
0.9511
0.374972
1.50622e-07
0.515402
0.710726
0.460365
0.422386
0.757856
0.260626
0.260626
0.260625
0.287652
0.287655
0.185818
0.540321
0.387856
0.319534
0.234256
1.76689e-09
0.241103
0.929206
0.492743
0.241104
0.443035
0.186527
0.186528
0.443039
0.443033
0.729144
0.501514
0.710737
0.236366
0.208656
0.374971
0.184323
0.184328
0.761022
0.374977
0.4887
0.184336
0.0646796
0.666444
0.00879068
0.249465
0.370444
0.603799
0.260591
0.540293
0.772701
0.132449
0.781867
0.374975
0.706539
0.583541
0.212495
0.374979
0.472643
0.703173
0.0416268
0.185823
0.625029
0.260616
0.88028
0.374972
0.208656
0.287651
0.374968
0.812925
0.545702
1.2169e-07
0.260621
0.421265
0.147831
7.28185e-12
0.696724
0.0770312
0.651037
0.570383
0.299449
0.933315
0.189046
0.0427772
0.319538
0.190953
0.437203
0.341178
5.24749e-14
0.611636
0.131474
2.66896e-11
0.132464
0.374977
0.481957
0.37047
0.665319
0.66532
0.481942
1.23542e-08
0.00261058
7.61404e-09
1.54408e-06
0.131473
0.358645
1.37025e-11
0.460368
0.290442
0.358466
0.931381
0.000726533
0.00160988
0.793603
2.74173e-06
0.710724
0.324347
0.870868
0.85466
0.0803593
0.204147
0.260624
0.460369
0.414965
0.414965
0.30745
0.208662
0.3598
0.374282
0.152314
0.710732
0.374972
0.159935
0.902981
0.284346
0.402367
0.85466
0.203682
0.130649
0.0520553
0.193777
0.284348
0.436893
0.00758535
0.113019
0.616451
0.460407
0.0815083
0.316175
0.0467604
0.0810366
0.0851247
0.245568
0.424871
0.374978
0.319555
0.938708
0.453065
0.394832
0.386596
0.299447
0.113019
0.186638
2.70212e-15
0.420797
6.18004e-12
0.545709
0.852146
0.0312833
0.443802
0.319553
0.374978
0.411265
0.20866
0.328454
0.31954
0.319527
0.227294
0.18653
0.109973
0.134088
0.37497
0.101938
0.208655
8.20437e-15
0.374977
0.0285343
2.6543e-14
0.374979
0.186528
0.595482
0.710764
0.935253
0.422752
3.39739e-14
0.411255
0.854654
0.121466
1.31436e-11
0.553197
6.16087e-08
0.651031
0.319553
0.0823521
0.529062
1.43399e-13
0.87811
0.139848
0.476956
0.374976
0.102579
0.651027
0.342125
0.251115
0.411264
0.0331352
0.854661
0.190953
0.488705
0.90535
0.374978
2.12299e-12
0.374977
0.0666152
0.294029
0.374973
0.374971
0.374971
0.159935
0.0230909
0.0165683
0.411181
0.662701
0.50211
0.0441562
0.359798
0.250171
0.659556
0.222643
0.374978
0.157662
0.157663
0.374969
0.347568
0.922491
0.922499
0.922504
0.420797
0.374979
0.453058
7.43172e-05
7.10027e-05
0.115501
0.42044
0.374978
0.301112
1.84463e-15
0.0107171
0.566112
0.0541796
0.175083
0.17508
3.17112e-12
0.23997
0.180707
0.374976
0.374978
0.470216
0.0162977
0.185824
0.470209
0.501255
2.57891e-06
0.260616
1.82818e-14
0.0433345
0.204137
0.230444
0.260621
0.130645
0.233183
0.0621771
0.301109
9.49326e-15
0.0523968
0.382368
0.301109
0.057076
0.383084
0.185819
0.122828
9.43289e-15
0.374971
0.387852
0.854658
0.29944
0.125247
0.321664
0.854664
0.319554
0.374978
1.05809e-14
0.232183
0.374973
0.3055
0.374966
0.374965
0.512861
0.43688
0.260611
0.50125
0.488531
0.160935
0.282898
0.558197
0.479638
0.328485
0.328491
0.38309
0.17891
0.854658
0.854657
0.374972
0.319535
0.11302
0.67418
0.0846179
0.238162
0.190953
0.674199
0.710748
9.48424e-15
0.0840038
0.401841
0.776952
0.87236
0.284345
0.374974
0.650022
0.174051
0.443026
0.307428
0.299455
0.207409
0.260623
0.318047
0.45306
1.83924e-14
0.0859786
0.200241
0.453057
0.13065
0.122828
0.258829
0.540318
0.710731
0.292072
0.159935
4.79592e-14
0.374968
0.374977
0.260622
0.374978
0.411265
0.328459
0.116819
0.195473
0.251117
0.292071
0.11302
0.204134
0.828373
0.00030927
0.48869
0.488698
0.28536
0.118723
0.00880794
0.260629
0.268596
0.453062
3.03526e-15
0.0992495
4.23741e-10
0.481943
1.05386e-13
0.613132
0.00904519
0.000111058
1.58632e-10
0.420798
0.131468
1.0511e-10
0.284347
0.374978
0.0749744
4.10889e-12
2.1692e-15
0.186529
0.570393
0.292076
0.292077
0.470204
0.470204
0.374971
0.425775
2.0142e-09
0.892476
0.830545
0.651032
0.215487
0.285366
0.0493111
0.29627
0.342126
0.795557
0.374972
0.437779
0.179098
0.60159
0.326146
0.11302
0.284345
0.44302
0.123701
0.854661
0.319553
0.41142
0.7077
0.470516
0.11302
0.501515
0.0376036
0.131467
0.319522
0.374967
0.374967
0.816893
0.374975
6.93961e-15
9.47475e-15
0.414963
0.183843
0.0108146
0.443815
2.18737e-09
6.44298e-07
0.0009819
0.396057
0.860539
0.232096
0.447784
0.423776
0.947053
0.31954
0.970608
0.90655
0.301994
0.379947
0.426997
0.45914
0.62825
0.402604
0.138093
0.086718
0.577655
0.130644
0.501247
0.159934
0.208657
0.699509
0.374972
0.321665
0.204145
0.45306
0.420433
0.342126
0.374981
0.0497353
0.501259
0.374972
0.0336135
0.443783
0.381626
0.414957
0.321658
0.374972
0.61442
0.893062
0.229993
0.0875375
0.0193692
0.134674
0.213234
0.225897
0.440896
0.233199
6.65868e-12
3.19741e-06
0.374969
0.546644
0.151338
0.207913
0.148738
0.0398303
0.121978
0.0684353
0.03579
0.0595398
0.0853791
0.781086
0.281633
0.0846918
0.15033
0.411256
1.86702e-08
0.501244
0.501239
0.137093
0.00243459
0.436676
0.625103
0.0149401
0.984446
0.079711
0.143871
0.319542
0.297645
0.0601501
0.13147
0.568509
0.285361
9.43307e-15
0.067354
0.291044
0.418524
3.69056e-15
0.0980804
0.171271
0.482169
2.67185e-14
0.113018
0.443033
0.374982
0.00451694
0.374973
0.102345
0.374971
0.0430981
0.0195498
0.00959263
0.0130143
0.132462
0.208661
0.0347476
1.4994e-05
0.767577
0.524494
0.32845
0.528342
0.18663
0.0741901
0.359782
0.0749753
0.374962
0.37497
0.374975
0.37497
0.546661
0.470214
0.135348
0.37328
0.594552
0.132465
0.835372
0.136107
0.42526
0.55672
8.23017e-06
0.878351
0.374972
0.374968
0.816912
0.562004
0.931457
0.538491
0.538503
1.78482e-05
0.10283
0.291049
0.13246
0.0532525
0.459121
0.423786
0.11302
0.573109
0.146946
0.374971
0.545715
0.183271
0.159934
0.305507
0.274144
0.374978
0.374978
0.374981
0.68358
0.335362
0.570382
2.62677e-13
0.757834
0.374971
0.757834
9.42603e-15
0.343822
0.00111916
0.313182
0.260622
0.962543
0.234142
0.135585
0.374977
0.374973
0.281624
1.34306e-05
0.271846
0.423767
0.335115
0.335115
0.33512
0.0794345
0.265124
5.34303e-11
0.132462
0.285366
0.000211983
0.179124
0.335147
0.301109
0.301112
0.757839
0.00393909
0.0247488
0.11302
0.128705
0.0226593
0.546652
0.126491
0.443033
0.0534001
0.0577041
0.778818
0.402199
0.374979
0.374974
0.343827
0.281617
0.570383
9.43235e-15
0.374971
9.43236e-15
0.0289504
0.374975
0.37497
0.374978
0.0304759
2.06302e-09
0.411423
0.113018
0.181094
2.63024e-06
0.00982985
0.15254
0.152541
0.0147544
0.668009
0.91442
0.757826
0.374972
0.622554
0.044233
0.0160519
0.720381
0.0487918
0.443034
0.529058
0.27892
0.529058
0.122825
0.374969
0.000472284
0.374967
0.0303859
0.102918
0.0295979
0.208655
0.374979
0.204182
0.374978
0.06618
0.210865
0.0361969
0.299019
0.733061
0.89609
6.06591e-05
0.0981245
0.374971
0.609611
0.524489
0.459119
0.459108
0.924274
0.524503
0.00434094
2.27875e-12
0.481952
0.481953
0.265617
0.265624
0.752377
0.0442685
0.866229
0.822133
0.719171
0.26062
0.773267
0.859279
0.453058
0.513172
0.453061
0.176214
0.166265
0.933195
0.0243723
0.0228808
0.260616
0.0922275
0.704348
0.912755
0.265612
0.265608
0.785421
0.796865
0.160581
0.0996974
0.212496
0.00111127
0.0180992
0.00110722
0.967196
0.660652
0.24883
0.248831
0.225892
0.01661
1.32936e-07
3.44934e-11
0.374974
0.00266785
0.00183542
0.000152379
0.37498
0.180091
0.194527
0.23289
1.04162e-05
0.142175
0.382357
0.374974
0.0896766
0.111085
0.171267
0.296262
0.488163
0.159934
0.229771
1.12895e-11
0.148337
0.162841
0.237036
0.139124
0.313905
0.260623
0.502101
0.502104
0.5021
0.5021
0.963053
0.37497
0.0485392
0.287225
0.772766
4.41209e-07
2.71955e-07
0.136812
0.0454183
0.243011
0.470214
0.47022
0.186929
4.6575e-05
0.147756
0.000152798
1.13495e-05
0.0148162
5.03168e-05
0.4702
0.0440149
0.0112563
0.378558
0.806521
0.33514
0.806521
0.074067
0.374973
1.14239e-05
1.4999e-05
0.24796
4.87907e-07
0.113612
0.18452
0.830312
0.0042814
4.60122e-05
0.0576185
0.265629
0.019
4.79516e-13
0.757868
3.12927e-06
0.00123873
0.583826
0.0607738
0.459374
0.00131028
0.00382361
0.000553562
0.00137325
0.000371556
0.904181
0.12935
0.426997
0.0111483
0.0565794
2.00118e-05
0.262834
0.230453
0.0651828
0.0189245
0.100069
0.207435
0.043001
0.0478624
0.0858133
0.651262
0.369074
0.369073
0.279566
0.524788
0.797736
0.483107
0.422387
0.116895
0.313386
0.299837
0.411394
0.445373
0.305784
0.312666
0.0536174
0.144688
0.242168
0.00556889
0.443035
0.443035
0.481953
0.00937896
0.0497071
4.04813e-09
3.1756e-12
6.47857e-12
0.158543
0.176498
0.207101
7.25573e-08
8.5752e-07
0.000310254
0.0283044
0.00100053
0.0133359
0.12963
0.0351806
0.736162
0.132462
0.374981
0.326438
0.764673
0.53448
0.418829
0.418829
0.374968
0.140012
0.0909006
0.268863
0.396214
0.396216
0.501536
0.108255
0.501535
0.501517
0.387863
0.387855
0.0414522
0.159935
0.159935
0.409892
0.409891
0.0584223
0.37497
0.54033
0.355316
0.220812
0.260628
0.260628
9.7425e-12
7.48739e-13
8.95261e-09
3.1617e-06
0.00101145
0.933762
0.614718
0.387609
0.082612
0.342123
0.26561
3.14932e-07
1.36861e-06
0.847435
3.79175e-07
0.421265
0.426993
4.28725e-13
0.104174
3.55625e-13
0.374969
0.294014
1.21692e-07
0.132455
1.62239e-07
0.131472
0.000227476
0.174058
0.000227518
0.374979
0.113018
0.00013512
0.440902
0.000135104
0.00013512
0.374972
0.000227492
0.000490587
0.598766
0.186529
0.355654
0.000490615
0.307423
0.120958
0.374975
0.786014
0.132462
0.538502
0.0391374
0.481946
0.00022752
0.000490627
0.355646
0.342124
0.11302
0.000490614
0.00253967
0.17127
0.975555
0.132462
0.000170856
0.674207
0.132463
0.307444
0.420809
0.374977
0.351044
0.00118938
0.57765
0.374971
0.284346
0.0398547
0.000371252
0.00118939
0.132457
0.841756
0.292085
0.221637
0.11125
0.132463
0.453058
0.180628
0.260621
0.174049
0.35979
0.00185398
0.00133689
0.501239
0.31951
0.319506
0.113019
0.319505
0.319504
0.00375047
0.000371412
0.374979
0.420811
0.319505
0.463065
0.940459
0.319509
0.439449
0.546649
0.374972
0.501238
0.54571
0.0669875
0.0665051
0.299453
0.316037
0.374978
0.374978
0.407236
0.185819
0.132462
0.467264
0.299446
0.312669
0.383082
0.0729078
0.37497
0.570387
0.000502471
0.374978
0.374976
0.903914
0.374978
0.476963
0.374981
0.321714
1.29978e-07
0.287651
0.280607
0.0405339
0.00207756
0.374972
0.459101
0.184328
0.00159951
0.132461
0.424716
0.359798
6.23764e-05
0.064158
0.326437
9.37652e-15
0.265604
0.260594
0.00839597
0.237537
0.374961
0.927191
0.53807
0.113019
0.260614
5.93238e-05
0.260624
0.29902
0.536538
0.651039
0.599199
0.00333509
0.686486
0.0393165
0.474186
0.00192714
5.66701e-11
0.45911
0.460349
0.651024
0.313176
0.424717
0.287653
0.502114
0.00477687
0.313181
0.16711
0.488696
0.342128
0.0042731
0.459123
0.00171203
0.374972
0.222817
0.260614
1.77032e-14
0.299447
0.00427345
0.465431
0.184337
1.77308e-14
0.429151
0.260631
0.00526916
0.00249173
0.538066
0.0044004
9.43379e-15
0.888817
0.000636744
0.538071
0.174052
0.617613
0.000581738
0.0355005
0.0917906
0.00194642
0.00194642
0.260623
0.61645
0.305509
0.882536
0.374971
0.000581563
0.453043
0.222816
0.720232
0.888807
0.37497
0.888801
0.281628
0.359798
0.132464
0.978469
0.888791
1.77011e-14
0.00130773
0.000581648
1.24435e-10
0.888817
2.97692e-11
0.285361
0.720231
4.16086e-11
0.374969
0.720234
0.112762
0.00130763
0.000870891
0.133383
1.77075e-14
0.113019
9.46527e-15
0.113019
0.411401
0.292072
1.2429e-10
1.2429e-10
1.76377e-14
0.131472
0.238185
0.285665
0.888802
0.45306
0.000413
0.307444
0.000413045
0.422387
7.35935e-11
0.617509
1.76619e-14
0.888817
0.285662
0.000412883
0.88882
0.255185
0.995546
0.720234
0.374976
0.596088
0.328459
0.374978
7.3475e-11
0.374971
0.72023
0.374967
0.00096395
0.805554
2.89844e-11
0.33511
2.97691e-11
2.91057e-11
0.238185
0.876161
0.260624
0.113018
0.285665
0.546663
0.720238
0.720235
0.174059
0.305504
0.0513157
0.17405
0.312669
2.85137e-05
2.85088e-05
0.383084
0.0242506
0.918285
0.383088
0.359797
1.30968e-05
0.0195527
0.715473
0.841753
0.0527013
0.536529
0.846611
0.416143
0.279898
0.174053
9.4613e-15
0.866236
2.43529e-05
2.43567e-05
0.319549
0.387862
9.15432e-12
0.374978
0.285667
0.776951
0.167032
0.439447
0.488696
0.488692
0.501243
0.374971
4.47272e-15
0.132459
0.000242816
4.49211e-15
4.49312e-15
0.481953
0.204149
4.50242e-15
0.374977
0.374973
0.374978
0.299014
0.374971
0.260607
5.19808e-08
0.301104
1.63122e-10
0.570387
0.720235
4.49859e-15
2.1326e-12
0.343825
0.26063
0.374979
9.30052e-15
4.49808e-15
4.4997e-15
0.423784
4.4863e-15
0.285361
0.285662
0.910245
0.476946
0.841753
0.132458
4.09923e-12
9.47001e-15
0.617492
0.460367
9.48678e-15
9.47938e-15
0.234257
0.720233
0.374971
0.299016
9.43278e-15
9.43275e-15
0.481942
0.418829
0.186528
0.217381
9.78437e-12
0.374976
0.374978
9.49385e-15
0.693017
0.374981
0.22765
0.190957
0.0895862
0.0229097
0.0222242
0.000671786
0.0243189
0.163168
0.374972
0.374968
2.23965e-14
2.24004e-14
0.374978
0.0578298
0.45306
0.24578
0.522445
0.245562
0.0160618
0.374967
0.0122283
0.415046
0.147466
0.133127
0.151868
0.841754
9.47293e-15
0.720236
0.374979
0.333819
0.625657
0.329789
0.222818
0.692697
0.00011281
0.174053
0.720231
0.0139331
0.720231
9.42511e-15
9.45334e-15
4.08992e-12
0.000263954
0.841756
0.720237
0.285665
0.978474
0.730492
0.603831
0.720233
0.374972
0.374974
0.481943
0.374972
9.44014e-15
0.113019
0.374976
0.374971
0.102926
2.3596e-12
9.49359e-15
0.00039609
9.49362e-15
0.000264009
0.536533
0.0332541
0.577649
0.301992
0.341839
0.841749
0.781079
0.359787
9.45538e-15
0.374968
0.174056
9.46675e-15
1.18764e-07
0.374978
0.417366
0.174056
9.43502e-15
0.720232
0.260611
9.43297e-15
9.41435e-15
0.841745
0.841745
0.423774
0.396212
0.00028859
9.73044e-09
0.882555
0.418841
0.00741633
0.00490786
0.131476
0.0101767
0.674094
0.950276
0.294029
0.000858838
0.257722
0.374971
0.29402
0.0032922
0.794963
0.241105
0.443031
0.29404
0.201787
0.124306
0.260625
0.37996
0.296269
0.299445
0.535985
0.746574
0.313179
0.426218
0.260612
0.888618
0.205046
0.570391
0.209106
0.319011
0.147233
0.0654217
0.547207
0.607725
0.617643
0.262832
0.260617
0.978077
0.488057
0.285662
0.28566
0.110999
0.248354
0.374977
1.06863e-05
0.449495
0.174058
0.260626
0.617506
0.341838
0.243009
9.41976e-15
0.190942
0.159936
0.222816
0.265603
0.617616
0.720235
5.14345e-14
0.841759
0.538499
0.210145
2.92928e-06
0.772774
0.251117
0.650021
0.374981
0.841754
0.265617
0.374971
0.0741948
0.201444
0.692686
0.692692
0.000132109
0.204146
0.841756
0.374977
0.262792
0.260625
0.374978
0.777434
0.969313
0.177134
0.296266
2.96026e-14
0.455083
0.374973
0.174053
0.264505
0.359366
0.899354
0.414503
0.720238
0.89936
0.420805
0.617646
0.251116
0.159934
0.176497
0.420799
0.319534
0.720231
0.374971
0.374968
0.651024
0.0731532
0.418838
1.07161e-14
0.416156
0.374978
0.439488
6.34088e-11
0.459116
0.0124127
0.194798
0.291033
9.41455e-15
0.422735
0.204133
0.279895
0.00021025
0.57038
0.186529
0.374977
0.841764
0.234994
0.603844
0.374982
0.374978
3.43321e-13
0.342123
0.132459
0.720231
0.422381
0.43689
0.501497
0.46645
0.481938
0.374978
2.43243e-14
0.374978
0.247988
0.131474
0.423799
0.374974
0.374979
0.414957
0.174052
0.651019
0.414957
0.414957
0.301105
0.32644
0.000164857
0.0747206
0.453056
0.407236
0.61749
0.501255
0.260631
0.882552
0.233162
0.343822
0.882544
0.11302
0.603826
0.270952
0.335116
0.44379
0.57764
9.46582e-15
9.468e-15
0.529063
0.710749
0.502115
0.405471
0.55046
0.414957
0.10551
0.359784
9.36577e-15
0.411243
0.270962
0.00455779
0.0565879
0.248831
0.603841
0.755151
0.678732
0.260629
0.294043
0.720238
0.501253
2.06043e-13
0.260616
0.174053
0.374972
0.117114
2.37673e-05
0.0711453
0.296265
0.287649
9.46809e-15
0.174056
0.882557
0.174058
0.00176123
0.501255
9.44831e-15
0.787943
0.174053
0.459124
0.581827
0.459113
0.374972
0.0451003
0.599187
0.28536
0.194807
9.47163e-15
0.524507
0.720238
9.49327e-15
9.50004e-15
0.359796
0.174059
9.4571e-15
0.841753
0.100776
0.105516
0.841749
0.395281
9.4551e-15
9.4402e-15
0.174056
0.113783
0.601583
0.174059
0.841761
2.93957e-14
2.93016e-14
0.577658
0.173449
0.324348
0.270955
0.174047
0.174047
0.271072
0.174054
9.45572e-15
0.319552
0.374977
0.420807
0.260629
9.49521e-15
0.19096
0.112764
0.720235
0.174052
0.220222
0.374972
0.337209
9.43397e-15
9.42613e-15
0.260616
0.488688
0.132462
0.116584
0.720237
9.48614e-15
0.0399171
0.374979
0.374974
9.46483e-15
9.45029e-15
0.422002
5.29975e-05
0.186529
0.374971
0.174051
0.374975
0.270946
0.951485
0.374976
0.374978
0.45306
9.49348e-15
2.06313e-13
0.562035
0.856481
0.664828
0.755152
2.05287e-13
0.17405
0.131469
0.260608
0.270948
0.755149
0.170143
0.141808
9.48709e-15
0.416155
0.374978
0.285664
0.866859
9.44013e-15
0.188242
0.617612
0.285358
0.720227
9.40091e-15
9.43485e-15
0.538065
0.778271
0.651037
0.174057
0.039858
2.46746e-14
0.260629
0.305512
0.443805
0.174059
0.174052
0.501515
0.343821
0.343821
0.374971
0.546643
0.374972
0.113019
2.15494e-12
0.61747
0.174058
0.185824
0.234991
0.29902
0.301107
0.570393
0.399591
0.374978
0.407233
0.38236
0.6742
0.374975
0.326443
0.407232
0.453058
0.374976
0.374978
0.299019
0.374978
1.71494e-13
0.270946
0.502119
0.45305
0.227647
4.47622e-15
0.374971
0.488692
0.374968
0.13147
0.481938
0.710746
0.374976
0.174059
0.174059
0.324353
9.46948e-15
0.265614
9.45486e-15
0.741873
0.755153
0.387854
0.369243
0.0433092
0.319534
0.321662
0.374971
0.459148
0.374978
9.51401e-15
0.0399176
0.260633
0.359803
0.466458
0.720235
0.174052
0.374974
0.53847
0.326643
0.374972
0.577639
0.292078
0.281613
0.374977
0.529059
0.374978
0.374978
0.281631
1.36149e-10
3.64717e-09
1.80478e-09
0.118633
0.255858
0.411185
0.374971
0.00920181
0.0729119
0.313181
0.086789
0.0111303
0.182343
1.11926e-14
0.679084
0.194807
0.720238
0.570391
0.755155
0.765102
1.08435e-05
0.374971
0.130643
0.757834
2.44979e-14
0.414958
9.44012e-15
9.4664e-15
0.453056
0.174058
0.174058
0.174058
2.45346e-14
9.40475e-15
0.940451
9.40397e-15
0.383076
0.964651
0.841739
0.41291
0.76995
0.187778
0.720234
0.319551
0.242249
0.459148
0.524508
0.0654766
4.82398e-12
0.234258
6.21356e-15
0.374972
0.964687
3.25417e-10
0.324349
4.10183e-14
0.000357646
0.409894
0.17405
0.320173
0.501525
0.538502
0.374978
0.279904
0.529064
0.374974
0.720233
0.265617
0.279898
0.279895
0.15093
0.374972
0.279897
0.113018
1.76574e-13
2.46126e-14
0.319549
0.159933
0.724646
0.212496
0.178184
0.774366
0.374981
0.536525
0.460358
0.328456
0.374971
0.766983
0.374968
0.374973
0.13621
0.284347
0.993717
0.993718
0.418839
0.374978
0.99372
0.546651
0.993721
0.993712
0.374971
0.374969
0.230635
0.993713
0.37497
0.993716
0.37497
0.292088
0.265934
0.411266
0.374979
0.65104
0.265942
0.342126
0.0303445
0.841754
0.328457
0.374971
0.291034
0.40395
3.80106e-06
0.116597
1.53917e-07
0.260623
0.640038
0.374978
0.0361389
0.549199
0.174058
0.790971
1.58419e-05
0.387855
9.44996e-15
0.374971
0.342123
0.599177
9.44019e-15
0.577654
0.772747
2.68278e-05
0.00338715
0.312674
4.4716e-14
0.234492
0.453792
9.47145e-15
0.0299797
0.434112
0.435767
2.38999e-13
0.292072
0.0346854
0.000137824
0.762146
0.359787
0.374977
0.265622
0.546661
0.374978
0.0346869
0.341344
0.374971
1.32457e-08
0.374967
0.742237
9.40084e-15
0.710719
1.10116e-08
0.459109
0.700003
0.37497
0.407236
0.040557
1.10515e-08
9.49664e-15
6.97796e-09
9.50257e-15
0.510352
0.220771
0.326438
0.0370083
0.599177
0.599177
0.190426
0.0242709
0.247977
0.411181
0.136218
0.260621
0.453059
0.374977
3.5135e-11
2.45861e-05
0.034686
0.285666
6.96872e-09
9.465e-15
0.481944
0.0224109
0.0346859
4.087e-05
0.374977
0.60383
4.08807e-05
0.0346863
6.97723e-09
0.260628
6.97714e-09
0.0346884
0.411191
0.319556
0.374972
1.62278e-05
0.416137
0.45911
1.95313e-11
0.467229
2.24857e-10
0.215074
0.234988
0.374976
0.184336
0.374978
0.573122
0.374977
0.488694
0.453058
0.573104
0.374971
0.176707
0.359788
0.374969
0.250157
0.262513
0.374971
0.374979
0.102551
1.46734e-05
2.17362e-05
3.97869e-05
0.000784861
0.0281718
0.0178463
0.177272
0.570384
0.407228
0.185295
0.459111
0.00175521
0.163174
0.00500745
9.46763e-15
0.650021
0.421265
9.48594e-15
0.00275204
0.241777
0.168466
0.375506
9.44935e-15
0.673189
0.374971
0.000115601
4.32743e-09
0.000180995
0.626629
0.0838938
0.359797
0.00275193
0.301109
0.603842
0.374978
0.50126
0.285665
0.29627
0.570382
0.265928
0.313179
0.460354
0.416137
0.328453
0.328456
0.374968
0.674203
9.46902e-15
0.384857
0.260627
9.48865e-15
9.3611e-15
0.00130387
0.000512853
0.299011
0.702127
9.05336e-09
9.29815e-15
0.37496
0.37497
0.436895
0.674187
9.4741e-15
0.374977
0.260629
0.374979
9.4965e-15
0.251117
9.47223e-15
9.4815e-15
0.113019
0.374973
0.0026635
9.43354e-15
0.374972
0.000180974
0.383085
1.49935e-05
0.535925
0.0016129
9.48511e-15
0.134164
0.260626
9.47828e-15
0.616454
0.18653
0.409893
0.663449
9.43938e-15
0.710734
9.43899e-15
9.4477e-15
9.47765e-15
0.0365215
0.00615314
0.307438
0.673183
0.326441
0.570393
8.91826e-05
8.91579e-05
2.97033e-07
1.6801e-07
2.3895e-07
1.67942e-07
2.5887e-13
9.43369e-15
0.422376
1.68009e-07
0.617613
2.3903e-07
0.00423783
9.48671e-15
0.0365879
0.000115648
0.174056
6.74357e-05
0.374978
0.26061
0.234978
0.617612
0.000115584
0.617612
0.284344
9.46588e-15
0.599176
0.502114
0.374977
0.363391
0.324353
0.753585
0.299022
0.0726574
9.19982e-09
0.328456
0.459121
0.204137
4.47659e-15
4.4765e-15
7.42901e-05
0.57765
0.00780083
1.86626e-10
0.325211
0.248842
0.147816
0.328459
0.374979
0.374974
0.343827
0.374971
0.423782
0.990048
0.313179
0.374971
0.710729
0.616456
0.423781
0.423796
0.131473
0.617639
0.562046
2.80116e-09
0.131476
0.29031
1.21979e-13
0.382357
6.30435e-14
0.374972
0.291034
0.280606
0.00615225
7.32289e-05
0.436885
6.31187e-14
0.133791
0.285365
4.11044e-09
0.260627
1.26829e-13
1.26439e-13
0.312672
0.491208
0.288208
0.265918
0.753569
0.538449
0.313178
0.174055
0.299014
0.000475229
0.443806
0.443815
0.396217
0.29902
0.741882
0.0101617
0.742237
0.617622
0.0329732
0.260612
9.43416e-15
0.056704
0.502095
0.305504
0.546644
9.46688e-15
8.12955e-05
9.4847e-15
0.501254
0.260626
0.374979
0.374974
0.742238
0.299986
0.459133
0.184547
0.577652
0.930693
5.4509e-08
0.617492
3.20917e-09
0.12515
0.374976
0.529064
0.168605
0.546662
0.470221
0.250168
0.321667
0.157603
0.683439
5.33623e-07
1.03448e-07
0.5021
0.234975
0.538067
1.03445e-07
0.260623
0.299453
0.260627
0.702394
0.650022
0.260623
0.166285
0.166289
0.423773
0.946805
0.374969
0.374969
0.174047
9.43504e-15
0.374974
0.285661
0.281631
0.113018
9.50277e-15
5.66951e-07
9.50296e-15
3.2696e-09
0.260626
0.617643
0.59918
0.281619
5.66243e-07
0.00290214
0.163172
0.374968
0.436891
9.44198e-15
9.46868e-15
0.670346
0.359797
0.288211
9.48637e-15
9.47896e-15
0.46036
0.374979
0.374971
0.383085
1.59279e-11
0.186529
0.57038
0.577644
9.4721e-15
0.37497
0.374978
9.47396e-15
0.13065
0.545721
0.374978
0.374982
0.288212
0.674213
0.186789
0.546653
0.374971
0.374971
9.43312e-15
9.42498e-15
9.45407e-15
0.649997
9.46673e-15
0.459133
0.262518
4.95703e-07
0.260627
9.44035e-15
0.617611
0.617622
9.40474e-15
0.524486
0.396201
1.23297e-07
1.02369e-08
9.43285e-15
5.22001e-09
5.21668e-09
0.29902
9.47613e-15
9.49641e-15
0.374979
0.374979
1.23621e-07
0.617635
0.229928
1.74496e-07
0.459121
0.45911
0.28821
1.01308e-09
0.374968
0.374973
0.374968
0.260622
0.225263
0.670889
0.367687
0.225268
0.900725
0.524706
0.162835
0.409893
0.0665586
0.359791
9.45179e-12
0.159935
0.573108
0.38786
2.11753e-13
0.387861
0.225264
0.792074
0.225271
0.136835
1.01594e-09
3.01624e-07
0.22527
3.01517e-07
0.674194
0.374971
0.374971
0.599177
0.31953
7.27222e-09
0.423773
0.423794
0.488701
0.242692
0.616464
0.374978
0.374977
0.42126
0.375505
0.0447605
0.313179
0.131714
0.0104835
0.460349
0.312668
0.488698
0.545706
0.30111
0.190954
0.294043
0.319557
0.757861
0.757869
0.0279526
0.0747427
0.247977
0.299447
0.411185
0.232348
0.710731
0.374968
0.374972
0.754959
0.299454
0.374976
0.00684728
0.374978
0.374978
0.285666
0.0015281
0.225265
0.374971
0.45912
0.184325
0.225251
0.282213
3.15552e-10
0.0330413
0.37497
0.225265
9.21159e-07
0.225271
0.577662
0.219637
3.37837e-18
2.99602e-07
0.688263
0.313179
0.260617
0.383994
0.374971
0.688258
1.03308e-06
0.757839
5.60874e-07
0.374977
5.61266e-07
5.61453e-07
0.688265
3.27631e-09
1.15548e-09
4.60464e-09
0.93303
0.02773
0.411181
4.32865e-08
0.0755239
0.573097
0.411253
0.374975
0.617511
0.260625
1.0889e-10
0.374979
2.69104e-08
0.374979
0.879315
2.6896e-08
0.617642
2.6881e-08
0.260617
9.43342e-15
0.260612
0.225251
8.64016e-09
0.291039
0.374968
0.453058
5.0142e-09
0.00133541
0.113018
0.174889
1.15037e-08
5.89929e-07
9.46189e-15
0.144925
0.335132
0.138863
2.98856e-09
0.436892
2.1655e-14
0.193246
0.00815896
0.616461
0.616459
0.616465
0.374978
0.150923
8.95475e-05
0.387861
0.209259
0.236532
0.573112
0.414957
2.16064e-14
9.43355e-15
0.184323
0.749398
0.125793
0.233183
0.155372
0.374978
0.54572
0.260627
0.0749712
0.208658
0.0588739
0.781111
0.374971
0.107218
0.294018
0.546644
0.328454
0.617505
0.482969
0.574598
0.570392
0.443817
0.45915
6.94666e-10
0.167833
0.453059
0.878362
0.374972
2.68831e-08
0.899159
0.617619
0.617619
0.757827
0.222817
0.374969
0.131473
0.374976
0.460367
0.374978
0.260626
0.879892
0.374974
0.562035
0.167763
0.422382
0.222817
0.110052
0.222817
0.37497
0.222817
0.617619
0.423796
0.115772
0.423803
0.319555
0.184337
0.651045
0.536534
0.443814
0.260616
0.374973
0.374971
0.42238
0.374971
0.374968
0.301106
7.50891e-08
0.688262
0.374976
0.17489
0.321719
0.570393
0.414956
4.99964e-09
0.265607
0.342117
0.42237
0.260593
0.591238
0.3074
0.651016
0.710742
0.260615
0.617637
0.529061
0.225272
0.260629
9.49671e-15
0.374982
9.47299e-15
0.374981
0.617623
0.41496
2.04272e-12
5.00902e-09
0.319535
0.260609
0.422382
0.617614
0.617634
0.225263
0.879889
9.4853e-15
9.4853e-15
9.47793e-15
0.285364
9.46429e-15
9.45695e-15
9.45757e-15
9.43869e-15
9.43869e-15
2.16176e-14
9.44736e-15
9.47731e-15
9.46285e-15
0.617634
0.459133
0.524507
9.49315e-15
0.617639
0.374981
9.47115e-15
0.374981
0.374972
9.45454e-15
0.688258
0.56567
0.772746
0.617611
0.459119
0.420793
0.374977
0.247984
0.260627
0.374978
0.299019
0.423794
0.374973
0.54033
0.299014
0.772744
0.285359
0.174047
0.184322
0.307423
5.80674e-05
0.0229776
0.953717
0.929213
0.929218
0.295564
3.49532e-08
0.617648
0.617636
0.260628
0.312669
0.501247
0.122828
0.374972
0.0715989
8.40156e-15
0.113019
0.549174
0.374978
9.46837e-15
0.617493
9.48622e-15
9.48615e-15
0.617639
0.335128
0.0229712
6.26346e-05
0.420799
0.599177
0.675509
0.978741
0.37497
0.688262
0.617619
0.263963
0.374976
0.374978
0.0794926
0.225271
0.374982
0.374977
0.374982
0.617623
0.200853
0.0531365
0.617618
0.423776
0.995555
0.617622
0.68826
0.617634
0.617632
9.48577e-15
0.296268
0.374978
0.61763
0.374971
0.688258
0.374967
9.41916e-15
0.374967
0.617607
0.190939
0.453046
0.359794
0.294027
0.247987
0.617634
0.30551
2.92517e-15
0.374978
0.263972
0.374977
0.23426
0.688261
0.285362
0.165848
0.688258
0.228504
0.651012
0.30743
9.44115e-15
9.46711e-15
0.617631
9.48476e-15
0.617637
0.374977
0.225267
0.12283
0.688261
0.374975
0.0379335
9.45885e-15
9.45874e-15
0.374975
0.374974
0.374979
0.436893
0.688262
0.208661
0.488705
0.374978
0.260628
0.651045
0.374977
0.423804
0.260616
0.481945
0.260612
0.260612
0.260612
0.260608
0.260616
3.35523e-09
0.374977
0.374976
0.538505
0.1527
0.439446
0.359797
0.932329
0.422759
0.359789
0.931983
0.422735
0.359788
0.422735
0.359789
0.422757
0.000785681
0.0194976
0.125981
0.422776
0.617643
0.285367
0.374983
0.374979
0.243411
0.326417
0.591283
0.326412
0.260612
0.411256
0.260608
7.9999e-09
0.662955
0.421266
4.48672e-06
1.29626e-14
0.621893
0.305509
0.903016
0.250162
0.324354
0.328455
0.179346
0.111457
0.374971
0.171267
0.326414
0.260621
0.219624
0.185689
0.265933
0.616465
0.260628
0.225271
0.374982
9.47111e-15
0.546667
0.529053
0.414959
0.291034
0.326439
0.459109
0.208653
0.326416
0.481937
0.501253
0.501251
0.185825
0.670347
0.688265
0.374973
9.4053e-15
0.374973
0.418735
9.40298e-15
0.16362
0.225234
0.217408
0.37497
0.0227085
0.459116
9.47347e-15
0.260624
0.375506
0.374979
0.263966
6.05867e-14
0.374977
0.307445
0.562018
0.113019
0.301106
0.225251
0.987373
0.326436
2.89587e-12
0.374968
0.407235
0.260621
7.97794e-06
8.62422e-06
7.13338e-14
0.940216
0.374974
0.765095
0.710735
7.115e-14
7.1027e-14
0.61762
0.765108
0.225255
7.1291e-14
0.176496
0.321664
0.307438
0.334976
0.235922
0.169042
0.0361134
0.337447
7.13124e-14
0.617622
0.374973
1.20666e-08
0.225251
0.577645
0.840097
0.940206
8.21794e-09
0.825036
0.259315
0.307443
0.241107
0.374978
0.171271
0.940201
0.307435
0.285661
0.374971
0.94019
7.08599e-14
0.292066
0.260611
0.113019
0.940206
0.234259
0.265625
0.529065
0.260629
0.0755318
0.469133
2.42577e-08
0.313184
0.940206
0.000654276
0.940198
0.443783
0.573107
0.190943
0.176497
0.190945
0.765094
0.6175
8.63753e-12
0.152727
0.00313815
0.420806
0.280608
0.440898
0.603827
0.411258
0.374971
0.443782
0.374971
0.577644
0.374975
0.387854
0.276559
0.305508
0.335141
0.292091
9.69317e-12
0.000213879
0.459136
0.940219
3.99825e-08
0.459121
0.688258
0.374971
0.710731
0.246054
0.765105
0.68826
0.176498
0.375502
0.168603
0.688264
0.617637
0.443796
0.44579
1.72146e-11
0.422375
0.387853
0.387852
0.342121
0.221249
2.64576e-05
6.68045e-12
0.460643
0.174058
0.374977
0.324353
0.816955
0.000602754
0.688265
4.48018e-09
0.00248055
0.374972
0.374973
0.263949
1.72074e-11
0.899343
0.374968
1.59977e-07
6.66753e-12
0.190953
0.132461
0.422388
0.265935
0.171271
0.754962
0.165099
0.14368
3.66034e-08
0.00291769
4.57579e-05
0.529054
0.130644
0.529053
0.222818
0.313178
0.313182
0.869348
0.113018
0.234992
0.00236266
0.159934
0.247985
0.321667
2.8233e-08
2.82301e-08
0.17405
0.617618
0.000559511
0.0366316
0.620404
2.82152e-08
0.546659
0.443803
0.71075
0.374978
0.113018
1.72497e-11
0.155129
1.15268e-13
0.000486108
0.422379
0.176498
0.688256
0.234974
5.4075e-08
0.757846
0.260616
0.159934
0.374977
0.443817
0.26063
0.324354
0.651048
0.651036
0.374981
0.113019
0.190949
0.670342
0.765111
5.40763e-08
0.374968
0.00145176
6.95547e-12
0.488702
0.260622
0.000650914
0.409898
0.394756
0.217885
0.328457
0.374979
0.368408
0.21788
0.374971
0.374971
0.411255
0.319535
5.4142e-08
0.227594
9.0913e-12
0.374976
0.564136
0.176497
0.524722
0.374982
0.411191
0.34383
0.411186
0.411187
0.374971
0.502101
0.440889
0.570373
0.335126
0.335119
0.387861
0.38786
0.929431
0.844719
0.405783
0.37497
0.374964
0.501489
0.929184
0.359783
0.827872
0.706544
0.35978
0.146971
0.501523
0.867909
0.374978
0.426995
0.374979
0.312674
0.312674
0.453065
0.312673
0.453063
0.312669
0.31267
0.260612
0.757835
0.529051
0.374968
0.228493
0.573103
0.304413
0.573117
0.374978
0.374978
0.573121
0.573123
0.573113
0.374979
0.546651
0.260618
0.54665
0.54665
0.0784969
0.155937
0.908102
0.374971
0.0216257
0.0873971
0.502115
0.00147837
2.78101e-07
9.55437e-08
0.000114141
0.16522
2.0372e-07
0.285362
0.324349
2.03588e-07
0.374971
3.72664e-07
3.74242e-05
4.44218e-11
0.335135
0.374976
0.374978
0.0867219
0.482168
0.482165
0.174986
0.174993
0.459107
0.134867
0.765119
0.616441
4.0621e-12
0.37497
0.411408
7.57272e-08
0.260625
2.4095e-08
0.374979
0.562049
6.69453e-12
0.186528
0.374978
0.453063
0.000138682
0.190949
0.765111
0.0204549
2.40579e-08
0.374968
0.617623
0.617614
0.538496
2.40868e-08
0.171911
2.41014e-08
0.159934
0.118636
1.39753e-12
1.23944e-08
0.363383
0.9468
0.260612
3.70586e-12
0.907705
0.305503
0.374975
0.000106814
3.7163e-12
0.000169589
3.72228e-12
0.617639
7.99509e-08
0.765082
0.171911
0.113019
0.523367
0.0550551
0.184325
0.524495
0.374971
0.0204538
0.000434418
0.411391
0.135975
0.204145
0.374978
0.000838052
0.131474
0.617629
9.42181e-15
0.374976
0.449697
0.617612
0.383764
0.313177
0.313177
6.79386e-05
0.501522
0.421257
0.312674
0.577659
0.319557
0.42239
0.538509
0.285667
0.0351425
0.670345
0.312669
0.65004
0.251115
0.00790438
2.01668e-14
0.374968
0.363385
0.782453
0.260623
0.285664
0.414964
0.113018
0.4238
0.374979
0.241102
0.374979
0.502108
0.132461
0.175251
0.374974
0.374974
0.234256
0.501536
0.374973
0.470215
3.79754e-10
0.113018
1.32996e-10
0.0340612
0.374981
0.174057
0.0123108
0.420798
0.374974
0.488692
0.675284
0.57038
0.436885
0.403954
0.208653
0.459134
0.0404448
0.00151967
0.216135
0.0200418
0.250167
0.411258
0.617633
0.459108
0.17405
0.00151931
0.374969
0.772736
0.040443
0.00226929
0.00226912
0.0404458
0.374978
0.241108
1.50338e-12
0.00151973
0.0393728
0.280609
0.952708
1.49801e-12
0.0404443
0.501244
0.443783
0.617517
0.0015193
0.136952
0.00151933
0.00151964
0.00151959
0.00151966
0.436898
0.00151966
1.72012e-09
0.18433
0.00151968
0.00892812
0.396211
0.538469
0.710731
0.186529
0.456894
0.382721
0.73393
0.00361057
0.284346
0.08393
0.460286
0.131475
0.131476
0.396215
0.208666
0.13147
0.299016
0.651019
0.159935
0.374971
0.162022
0.374972
6.30535e-07
0.168546
0.292085
0.403967
0.59919
0.280609
0.154074
0.103062
0.229919
0.00335013
0.0340199
0.154064
0.0257657
0.24109
0.148098
0.00335103
0.37497
0.0379982
0.0379974
0.140337
0.0379979
0.324353
0.265075
0.674203
0.0379994
0.374972
0.113019
0.420797
0.374972
0.0672906
0.688258
0.103066
0.305501
0.133511
0.037997
0.502113
0.0379975
0.0379975
0.767096
0.453053
0.403967
0.037996
0.757844
0.0379963
0.0257679
0.562011
0.0379955
0.234257
0.0379951
0.424717
0.374976
0.502115
0.464193
0.305509
0.460373
0.538496
0.260628
0.538066
0.0379966
0.0379961
0.885039
0.414958
0.241094
0.025768
0.0257664
0.1093
0.025769
0.551047
0.0257695
0.342126
0.0379981
0.260614
0.374978
0.0379952
0.181681
0.0981232
0.546644
0.597167
0.260743
0.453053
0.385816
0.374979
0.122832
0.423806
0.299461
0.1102
0.481959
0.481952
0.787947
0.411256
0.641949
0.374971
0.407228
0.56567
0.785041
0.481944
0.481938
0.603839
0.335134
0.470659
0.374977
0.374978
0.374979
0.374974
0.546662
0.19359
0.0823637
0.885038
0.11302
0.952694
0.0379952
0.103068
0.0880881
0.299455
0.1481
0.148101
0.835783
0.459146
0.459153
0.0329748
0.0379996
0.0226298
0.264796
0.411394
0.423776
0.193165
0.12212
0.00452429
0.374968
0.0379977
0.940361
0.0379974
0.0309663
0.0309663
0.359795
0.867917
0.149127
0.488685
0.148099
0.1481
0.0556728
0.0444943
0.37497
0.865622
0.281617
0.29902
0.772766
0.0309666
0.374979
0.0379978
0.453065
0.0309661
0.0309672
0.184328
0.132459
0.524463
0.285361
0.374971
0.285358
0.651024
0.420793
0.326442
0.374975
0.599189
0.159934
0.374977
0.387862
0.374974
0.674205
0.343822
0.488699
0.260616
0.562016
0.617512
0.374972
0.57312
0.374972
0.0309662
0.0309657
0.0309665
0.459146
0.524507
0.0201844
0.265623
0.301112
0.186568
0.616452
0.473845
0.97334
0.618535
0.146481
0.443791
0.849446
0.374977
0.148101
1.06011e-06
0.148101
0.0379977
0.0126932
0.0309648
0.396216
0.0379951
0.107029
0.0309635
0.0309635
0.0309635
0.617519
0.1481
0.030964
0.0379983
0.260625
0.32846
0.0450841
0.443817
0.148105
0.374978
0.374981
0.148099
0.281619
0.148101
0.0270401
0.0309644
0.0309633
0.1481
0.0379945
0.374978
0.411412
0.0257694
0.66296
0.213882
0.285366
0.285364
0.260623
0.57038
0.307429
0.148101
0.148101
0.148101
0.662955
0.459129
0.867908
0.0934907
0.328458
0.106119
0.148101
0.570393
0.387865
0.260623
0.148107
0.162309
0.0360741
0.241098
0.241098
0.305504
0.11302
0.265616
0.0823601
0.443033
0.148101
0.0309664
0.374978
0.682531
0.965754
0.934326
0.475319
0.144915
0.422371
0.426972
0.797922
0.426972
0.426984
0.292083
0.411254
0.247986
0.148101
0.148101
0.000816168
0.0286167
0.103075
0.000233927
0.189736
0.772752
0.260617
0.374972
0.153281
0.148101
0.148097
0.000217621
0.695768
0.1093
0.0116338
0.706388
0.772769
0.0567307
0.0892837
0.140332
0.260623
0.000274606
0.00027462
0.374972
0.058288
0.241099
0.020207
0.129519
0.159933
0.411263
0.154077
0.61749
9.32864e-11
0.260628
0.466462
0.403964
0.787947
6.92254e-15
0.229919
0.374971
1.44402e-09
0.335121
0.691836
0.529053
0.453044
0.546659
0.260622
0.313182
0.742709
0.374978
0.374977
0.67419
2.2275e-12
0.411253
9.43313e-15
1.88784e-14
0.374969
0.0160811
3.59121e-12
0.545713
0.167819
0.374979
0.000317815
0.675275
0.833793
0.146877
0.343564
0.453059
0.0810722
0.000718716
0.502105
7.19057e-15
1.8416e-15
0.562007
5.3402e-11
0.662955
0.0447795
5.35386e-11
5.35377e-11
0.264804
5.35957e-11
5.35956e-11
0.617639
0.704905
0.000317826
0.140329
0.305505
2.56258e-14
2.56256e-14
0.0768797
0.299014
0.570388
0.459118
0.299455
0.0768834
0.374978
0.536537
0.374978
0.00171997
0.617498
0.5949
0.704901
0.374973
0.453047
0.411185
0.000494976
0.411251
0.617622
0.0219053
1.30919e-10
0.00069423
2.61582e-10
0.000694294
2.61591e-10
0.935487
0.000461393
8.94649e-05
0.0848225
0.420793
0.156899
3.65479e-15
0.291024
0.453045
2.21626e-13
0.0105345
0.176498
0.176497
0.482738
1.31133e-10
5.05201e-14
0.374982
0.409898
0.443813
0.342123
0.142511
0.396209
0.545707
0.321699
7.27164e-11
0.672275
0.000480206
0.174056
0.374976
0.260626
0.264804
0.545719
0.234259
0.186529
0.00317849
0.328459
0.253264
0.884415
0.414964
0.387861
0.359795
0.000849464
0.884432
0.803922
0.570389
0.459146
0.131382
0.146877
0.31956
0.121972
0.374981
0.488694
0.29104
1.4526e-13
0.305504
0.159935
0.414954
0.374972
0.184325
0.374977
1.61256e-09
0.374978
0.71075
0.374978
0.424717
0.285663
0.374978
0.855111
0.867915
0.213862
0.963281
0.374969
0.328454
0.000691603
0.000691546
0.111718
0.0810713
0.0810714
0.000691736
0.545725
0.374983
0.190956
0.374981
1.45554e-13
0.0960409
0.411256
0.671355
0.761986
0.374968
0.374973
0.440885
0.111716
0.111715
0.374978
0.757856
0.144435
0.383092
0.12542
0.296269
0.847063
0.443027
0.11171
0.11171
0.11171
0.742235
0.0147747
0.176496
0.111716
0.374976
0.603842
0.132829
0.374978
0.132832
0.0755378
0.299022
0.536525
0.284346
0.17405
0.788641
0.132824
0.61644
0.267485
0.13282
0.374977
0.963289
0.443034
0.313181
0.374978
0.132825
0.132821
0.383771
0.459089
0.422374
0.132818
0.132818
0.132818
0.174049
0.501521
0.28536
0.132829
0.132828
0.264807
0.132829
0.570395
0.260632
0.132828
0.374981
0.132824
0.443792
0.14687
0.00016949
0.1416
0.204135
0.321705
0.757828
0.374977
0.353657
0.307442
0.174058
0.174058
0.174058
0.174053
0.174057
0.132824
0.132826
0.260613
5.39916e-14
0.233683
0.324701
0.374976
0.126171
0.291047
0.0354211
0.229925
0.037714
0.816951
0.651044
0.651033
0.374981
0.374972
0.0405737
0.190945
0.132607
0.914614
0.710723
0.569081
0.192237
0.920629
0.291046
0.291051
0.1793
0.374978
0.54033
0.875067
0.132461
0.591341
0.129127
0.000124703
0.280605
0.353653
9.43441e-15
0.374974
0.174052
0.174058
0.0810711
5.43073e-14
0.17406
0.948819
0.132832
0.374977
0.132831
0.353653
9.45384e-15
0.662952
0.396209
0.353655
0.174048
0.353655
0.17405
0.35366
0.174056
0.0755309
0.496678
0.301109
0.353661
0.374974
0.374979
0.174052
0.174052
0.427263
0.132824
0.132824
0.353652
0.0256334
5.98387e-05
0.19728
0.870252
0.374978
0.114801
0.117445
0.179106
0.193184
0.353665
2.62239e-14
0.284346
0.17405
0.280062
0.17405
0.92933
0.374972
0.0461577
0.0866256
0.599263
0.965922
0.620459
0.254775
0.254772
0.208656
0.426993
0.710721
0.717183
0.359786
0.374967
0.247964
0.706537
0.859275
0.37497
0.25017
0.250169
0.250173
0.460369
0.375506
0.501261
0.501253
0.501259
0.374972
0.501247
0.501243
0.501243
0.501243
0.374968
0.59918
0.0810695
0.772765
0.265621
0.533873
0.374977
0.0772691
0.787946
0.198852
0.13283
0.481945
0.186528
0.387857
0.132825
0.208658
6.24069e-05
0.374977
0.132823
0.414964
5.00087e-09
0.453061
0.132829
0.358783
5.00751e-09
0.459135
0.453064
1.03388e-09
4.99672e-09
0.132824
1.66551e-05
2.85644e-14
0.374968
2.36188e-10
0.502096
4.99995e-09
0.374976
5.00472e-09
0.523693
0.277176
0.411191
5.39904e-14
4.99772e-09
0.187289
5.39696e-14
0.453043
5.38728e-14
1.66522e-05
0.84175
5.41372e-14
0.453048
0.132463
0.132828
9.49984e-15
0.17406
0.414966
0.0847449
0.132829
0.000644425
9.056e-09
0.260617
0.374972
0.208657
5.13168e-09
0.459103
0.0810705
0.436886
0.524505
0.418836
5.42429e-14
3.10732e-05
0.688874
0.411265
0.492054
0.8679
0.453048
2.74577e-14
0.951472
6.64462e-14
0.459109
0.37497
0.867902
6.66004e-14
0.434476
0.459134
0.867892
0.285665
0.460368
0.374981
0.374977
0.374981
0.102586
0.374973
0.488692
0.466448
0.0810705
9.42622e-15
0.420798
0.867914
0.570391
0.131473
0.0847416
0.562044
0.867893
0.460347
0.45907
0.710718
0.159937
5.43328e-05
0.285656
0.273257
0.260587
0.867916
0.867902
1.24647e-13
0.374978
0.243009
0.284347
5.42921e-14
0.403969
0.443821
0.989824
0.459145
0.0847374
0.374974
0.374972
0.529051
0.229917
0.123524
0.546469
0.000299646
0.217521
0.292084
0.459142
0.00626213
0.459142
0.244227
0.374974
0.436899
6.08128e-10
0.308261
0.374972
0.374972
0.175753
0.0126197
0.222817
0.374971
0.132462
0.132462
0.132463
0.132463
0.0103582
0.132464
0.523692
0.182623
0.326438
0.234257
0.132458
0.307424
0.193419
0.132456
0.463413
0.431965
0.403964
0.460363
0.132463
0.299458
0.136462
0.0371713
0.411398
0.230452
0.374969
0.374971
0.0042405
0.523711
0.0961241
0.123524
0.0918097
0.368855
0.501255
0.234258
0.260629
0.453061
0.177645
0.453066
0.332382
0.00543181
0.132459
0.177638
0.109716
0.000602995
0.332403
0.332405
0.580652
0.263809
0.00244356
0.208661
0.374978
0.332378
0.342126
0.167008
0.00358294
0.158976
0.617512
0.15898
0.167014
0.167014
0.5021
0.0121927
0.100165
0.158978
0.374978
0.251116
0.217787
0.100162
0.296268
0.227032
0.000339191
0.121477
0.374972
0.374974
0.538469
0.167014
0.407228
0.433419
0.137335
0.26561
0.19317
0.342125
0.031846
0.459142
0.131474
0.156134
0.374971
0.0994199
0.767754
0.374969
0.642578
0.470197
0.374967
0.0234214
0.374975
0.37497
0.243134
0.324352
0.536538
0.106119
0.0322949
0.458519
0.0479839
0.276724
0.443026
0.249894
0.577646
0.573107
0.141866
0.59917
0.374972
0.132457
0.177643
0.463418
0.463421
0.399934
0.523693
0.463424
0.13246
0.463425
0.001049
0.562032
0.907899
0.158979
0.859272
0.00377541
0.216488
0.158973
0.630161
0.325084
0.422389
0.374978
0.63016
0.501261
0.470214
0.158972
0.132459
0.523692
0.969327
0.136452
0.00237334
0.00237312
0.590371
0.374968
0.118307
0.630158
0.523693
0.562043
0.25821
0.0344979
0.374973
0.617504
0.374969
0.285662
0.523693
0.570375
0.927053
0.100023
0.422384
0.374971
0.000483229
0.307442
0.307448
0.260631
0.37498
0.411199
0.77277
0.577666
0.501514
0.374974
0.57038
0.0300572
0.234979
0.0630767
0.119523
0.420794
0.420804
0.0524736
0.135226
0.374978
0.488703
0.0050147
0.10747
0.778263
0.374971
0.529054
0.246751
0.000107356
0.00115537
0.258199
0.132461
0.383767
0.258209
0.374976
0.423803
0.523693
0.000556419
0.00621332
0.258209
0.374981
0.258202
0.00621213
0.158984
0.260611
0.17091
0.374968
0.481943
0.481937
0.781232
0.421264
0.249823
0.16478
3.65982e-05
0.258203
0.00823267
0.27776
0.768696
0.100274
0.426634
0.0545125
0.374965
0.0810701
0.403788
0.0251039
0.132462
0.857253
0.0668919
0.374979
0.374979
0.652772
0.000222107
0.268244
0.000222069
0.363363
0.301106
0.268233
0.363367
0.565074
0.000222071
0.00103512
0.132461
0.157771
0.000222111
0.132463
0.285703
0.000361387
0.00104581
0.132462
0.212824
0.13246
0.000361307
0.00104576
0.00104576
0.00257106
0.470212
0.470205
0.000361372
0.302434
0.343826
0.615069
0.000399864
0.302435
0.000361363
0.132463
0.234256
0.374973
0.0489801
0.0810706
0.132458
0.132456
0.0810705
0.132457
0.000361369
0.343825
0.128197
0.00104595
0.132463
0.957409
0.132459
0.000399821
5.96904e-14
0.32166
0.302443
0.374969
0.000361264
0.265612
0.816544
0.0810697
0.00063389
0.113018
0.132464
0.302432
0.599193
0.00104607
0.247986
0.132463
0.0606264
0.132459
0.00114218
0.296264
0.128199
0.132456
0.57311
0.163168
0.128199
0.132461
0.132463
0.321664
0.00104593
0.000361391
0.841464
0.0835953
0.359791
0.453051
0.132458
0.132458
0.132458
0.615075
0.801489
0.581448
0.131315
0.000361358
0.128196
0.302432
0.237615
0.353124
0.0810713
0.000361417
0.1918
0.000361327
0.000361296
0.000361296
0.918182
0.132456
0.000361315
0.374968
0.374977
0.621583
0.374978
0.113018
0.168297
0.103169
0.423772
0.224007
0.73503
0.710724
0.389545
0.389545
0.389545
0.739292
0.0504571
0.846144
0.130649
0.387861
0.387862
0.132464
0.374979
0.00191338
0.00649888
0.000128529
0.0482289
0.000361327
0.000361297
0.000809869
0.374971
0.374968
0.280606
0.58145
0.00602897
0.313181
0.374977
0.422387
0.302434
0.291048
0.081071
0.000361379
0.000361323
0.302437
0.0810708
0.302439
0.343822
0.000361313
0.581447
0.0747795
0.000810015
0.0747807
0.000361388
0.247989
0.581446
0.0747814
0.302436
0.374981
0.374972
0.000399782
0.30244
0.0810706
0.30244
0.354286
0.515527
0.473643
0.112998
0.277262
0.117794
0.903012
0.418772
0.41878
0.30244
0.00104958
0.000361277
0.208656
0.132456
0.581455
0.000251706
0.422378
0.374974
0.374971
0.28163
0.000859297
0.501257
0.30111
0.488706
0.260633
0.000456221
0.374981
0.374972
0.000338798
0.727937
0.783659
0.000290858
0.443776
0.40723
0.374968
0.0810716
0.000456196
0.000315723
0.0747805
0.311023
0.382365
0.000315666
0.234259
0.000315651
0.0747813
0.0747818
0.265612
0.383082
0.34382
0.374975
0.459118
0.000345963
0.000109299
0.0844287
0.262079
0.258666
0.0747814
9.91348e-05
0.383779
0.757077
0.488696
0.132458
0.538469
0.374971
0.963051
0.335126
0.335119
0.396215
0.296267
0.374978
0.599191
0.0364645
0.617521
0.396202
0.501241
0.287646
0.3962
0.374962
0.545688
0.421248
0.421257
0.374975
0.436888
0.387862
0.421265
0.476964
0.319557
0.319557
0.374982
0.234258
0.39622
0.170543
0.374974
0.375498
0.074782
0.710732
0.0892495
0.328457
0.690614
0.0892495
0.374976
0.731128
0.570392
0.269132
0.63158
0.374974
0.206945
0.75784
0.328457
0.335123
0.422943
0.068676
0.631589
1.44849e-06
0.0686736
0.706537
0.599186
0.199891
0.285366
0.423803
0.227823
0.220409
0.0686748
0.227829
0.436892
0.727937
0.14687
0.269121
0.132456
0.460357
0.22783
0.470214
0.383774
0.0810712
0.375505
0.185825
0.374977
0.227832
0.212853
0.0763874
0.403949
0.0328986
0.787935
0.227836
0.130643
0.258776
0.37497
0.104397
0.127318
0.127317
0.0810712
0.02889
0.359802
0.374978
0.3598
0.0340145
0.132459
0.956383
0.12732
0.15641
0.0810698
0.0729787
0.156406
0.674203
0.0288903
0.77277
0.156409
0.268943
0.156411
0.081071
0.156413
0.13504
0.369699
0.247973
0.12732
0.565078
0.819728
0.0853778
0.918192
0.918199
0.374976
0.420806
0.234865
0.0863073
0.0863094
5.86567e-07
0.460372
0.617509
0.0863065
0.615078
0.132458
0.603826
0.374968
0.374972
0.359787
0.374977
0.374976
0.623304
0.374978
0.162091
0.18582
0.501502
0.918188
0.422375
0.581454
0.0810701
0.504979
0.132455
0.841463
0.374975
0.37497
0.466458
0.374977
0.383092
0.374978
0.374978
0.42081
0.481951
0.918203
0.91819
0.291039
0.374971
0.374971
0.374971
0.100465
0.374972
0.251113
0.374977
0.617631
0.374978
0.112941
0.0305139
0.0256504
0.247979
0.0562884
0.0863062
0.0866249
0.0108334
0.127319
0.404035
0.918196
0.0866244
0.285362
0.0108336
0.349405
0.525093
0.374978
0.550975
0.0553541
0.199646
0.0866262
0.374972
0.132459
0.383768
0.0468288
0.866223
0.745771
0.521121
0.234254
0.49827
0.599187
0.411265
0.476963
0.321665
0.374977
0.409892
0.251386
0.459108
0.121737
0.409889
0.0990586
0.374969
0.186528
0.459127
0.498262
0.247988
0.579359
0.0810713
0.0101129
0.234995
0.12174
0.374978
0.52369
0.258645
0.328457
0.581453
0.417437
0.166256
0.0220357
0.374973
0.0810695
0.608979
2.64194e-05
0.335139
1.04385e-05
0.109086
0.132462
0.168385
0.359798
0.168382
0.168384
0.374971
0.14687
0.168384
0.168382
0.120307
0.120304
0.545718
0.120308
0.120308
0.131244
0.120308
0.12031
0.343183
0.182102
0.211491
0.182097
0.382356
0.250118
0.183825
0.120305
0.120307
0.120304
0.132461
0.374976
0.265627
0.353117
5.08514e-14
0.290625
0.120307
0.151636
0.120305
0.120306
0.6176
0.120306
0.204127
0.120306
0.120307
2.35243e-14
0.409899
0.364625
0.121562
0.260629
0.120308
0.260632
0.411191
0.0765617
0.120306
0.459121
0.498253
0.498253
0.374972
0.985373
0.382357
0.120304
0.247984
0.081071
0.120308
0.0413045
0.292089
0.260625
0.453053
0.45306
0.120306
0.0413042
0.120307
0.0810706
0.0726348
0.174052
0.0810708
0.0705229
0.231717
0.146875
0.335141
0.260628
0.508831
0.12225
0.120309
0.327895
9.45602e-15
0.502105
0.120307
0.562007
0.374971
0.120305
0.313179
0.766985
0.658998
0.212852
0.0313008
0.603813
0.208663
0.251116
0.0023342
0.120311
0.986458
0.374971
0.120307
0.120307
0.280605
0.120306
0.17004
0.146869
0.321665
0.0270193
0.132962
0.132464
0.710752
0.382369
0.9074
0.809498
0.588576
0.440891
0.204137
0.104263
0.180646
0.146867
0.146817
0.146816
0.12031
0.0810711
0.374978
0.146815
0.120308
0.12031
0.0734859
0.000123119
0.120306
0.436892
0.120307
0.120307
0.374971
0.0233185
0.120307
0.120304
0.120309
0.69913
0.00879373
0.443813
0.343827
0.118636
0.0615531
0.427001
0.374972
0.3755
0.94646
0.374971
0.374971
0.176497
0.132459
0.299439
0.260622
0.374976
0.260626
0.771968
0.443034
0.423787
0.374971
0.853456
0.176497
0.573102
0.374967
0.422375
0.45304
0.265612
0.26062
0.37497
0.374978
0.423797
0.0980165
0.374979
0.374979
0.374982
0.280609
0.374981
0.374972
0.374973
0.206946
0.498252
0.411185
0.0810697
0.139335
0.564354
0.564345
0.783659
0.56434
0.498275
0.443034
0.827874
0.498261
0.498269
0.783657
0.285664
0.374973
0.231717
0.0405769
0.164276
0.132462
0.205592
0.328459
0.0413043
0.0413046
3.3135e-07
0.311504
0.0535138
0.498271
0.581449
0.132459
0.866227
0.396209
0.374971
0.411185
0.459102
0.801493
0.613337
0.411413
0.49827
0.599191
0.0810712
0.374978
0.0810715
0.0810708
0.0615549
0.132457
0.184325
0.743612
0.540313
0.120307
8.39595e-05
0.498265
0.0927437
0.374979
0.0810712
0.411266
0.0927464
0.375506
0.581446
0.260625
0.120312
0.139335
0.0858183
0.374972
0.581453
0.0927464
0.120305
0.0810705
0.58145
0.374978
0.374976
0.374978
0.282222
0.534006
0.374979
0.374974
0.375505
0.409892
0.864236
0.422743
0.260612
0.374971
0.498255
0.0429867
0.378855
0.0429874
0.816934
0.0429867
0.411193
0.0556263
0.545726
0.546659
0.0810724
0.0429861
0.374973
0.0429867
0.581453
0.57038
0.0429856
0.374972
0.0303171
0.260623
0.420803
0.326441
0.285665
0.651037
0.247969
0.570363
0.570374
0.374961
0.650996
0.0832844
0.26059
0.420783
0.0556251
0.581449
0.0556244
0.57766
0.0862785
0.581445
0.118635
0.49828
0.581446
0.581448
0.801205
0.59918
0.761238
0.0556263
0.0440766
0.956582
0.501496
0.45912
0.374968
0.374977
0.985129
0.212853
0.321718
0.247988
0.0571692
0.0429869
0.29902
0.374972
0.529056
0.498255
0.374972
0.130643
0.58145
0.247984
0.581447
0.102792
0.00167456
0.581445
0.581445
0.581445
0.144024
0.0110084
0.0231284
0.251841
0.0943546
0.558433
0.581453
0.231251
0.740977
0.285662
0.893968
0.285665
0.838819
0.838822
0.430008
0.33514
0.963062
0.299017
0.11302
0.11302
0.291033
0.00729537
0.757826
0.374969
0.783453
0.783441
0.284344
0.481953
0.947231
0.947236
0.947236
0.967875
0.730212
0.529062
0.930025
0.260616
0.501247
0.374972
0.0116305
0.706874
0.00212804
0.374973
0.58145
0.103993
0.498269
0.831631
0.144021
0.206444
0.174058
0.581451
0.185078
0.251114
0.459119
0.498252
0.508839
0.374971
0.184326
0.612832
0.0311257
0.260624
0.00401026
0.0187486
0.45306
0.282739
0.465425
0.0187485
0.816954
0.374972
0.0810707
0.287729
0.163986
0.069021
0.132456
0.0690211
0.44302
0.054607
0.889686
0.841761
0.0810712
0.420805
0.0164509
0.863776
0.139338
0.190941
0.343819
0.208652
0.45909
0.139327
0.132458
0.204797
0.951479
0.359798
0.123593
0.176497
0.256838
0.542038
0.285368
0.409476
0.374981
0.599179
0.260617
0.592042
0.579357
0.374971
0.139329
0.663656
0.365544
0.130648
0.0427019
0.260626
0.132463
0.374978
0.2048
0.374974
0.374979
0.809348
0.250167
0.921717
0.422384
0.712137
0.382104
0.184335
0.25683
0.139341
0.374976
0.260628
0.374978
0.190957
0.227024
0.51256
0.216985
0.186528
0.123592
0.123592
0.139333
0.710731
0.0523983
0.208657
0.0525856
0.546659
0.866232
0.54572
0.13534
0.0880175
0.139341
0.538476
0.603838
0.000280928
0.382355
0.256826
0.542064
0.256826
0.204796
0.365547
0.132459
0.374979
0.321717
0.319559
0.256839
9.50258e-15
0.139348
0.542044
0.260628
0.44089
0.135042
0.281614
0.542058
0.41883
0.495382
0.287732
0.608188
0.374978
0.526725
0.0285631
0.927369
0.374978
0.374979
0.542052
0.383777
0.538476
0.204798
0.700965
0.224002
0.802675
0.146869
0.436894
0.540317
0.292086
0.979525
0.204796
0.374978
0.0810711
0.686829
0.321664
0.287656
0.281619
0.321705
0.292072
0.616447
0.542058
0.700965
0.285662
0.468094
0.132462
0.540327
0.426998
0.139342
0.700946
0.146872
0.472092
0.443783
0.0285599
0.307412
0.132453
0.700981
0.211428
0.414955
0.37843
0.470204
0.139706
0.094358
0.453061
0.134514
0.581445
0.374982
0.132462
0.328462
0.139334
0.299017
0.204799
0.867915
0.985371
0.374968
0.927352
0.26061
0.374977
0.374976
0.700948
0.476962
0.204797
0.459139
0.501517
0.374979
0.374972
0.324351
0.0715723
0.542056
0.243006
0.542051
0.132462
0.222815
0.436897
0.256834
0.0272018
0.0169816
0.0810711
0.284348
0.603521
0.542046
0.54205
0.0100765
0.0169806
0.521288
0.0271998
0.542058
0.0100764
0.416849
0.0272018
0.00815538
0.54572
0.0169817
0.617492
0.374978
0.0584084
0.0470781
0.616443
0.488691
0.542064
0.0100759
0.301104
0.0081544
0.139337
0.139332
0.472099
0.19321
0.394879
0.545722
0.0810712
0.409904
0.256837
0.00815607
0.542051
0.0810707
0.139333
0.374971
0.542058
0.383765
0.542051
0.374968
0.204799
0.00786888
0.411192
0.0169815
0.0169815
0.542046
0.256832
0.374979
0.0810701
0.542053
2.43753e-05
0.260612
0.409892
0.615075
0.26062
0.204793
0.700954
0.540328
0.250172
0.256837
0.256837
0.139346
0.265624
0.285368
0.0285617
0.374973
0.42238
0.542058
0.0285616
0.409481
0.426988
0.550496
0.0456446
0.0744479
0.10208
0.0744476
0.260626
0.260619
0.424708
0.328459
0.374967
0.0100759
0.383764
0.139327
0.542068
0.287727
0.170565
0.268237
0.184335
0.531388
0.542038
0.542038
0.570395
0.396221
0.374977
0.383779
0.411256
0.0919258
0.65102
0.0863324
0.0474845
0.30427
0.459119
0.00288697
0.131244
0.262891
0.424717
0.00941351
0.470215
0.28774
0.081071
0.420806
0.284345
0.0019413
0.262054
0.017827
0.460357
0.374972
0.617496
0.0178267
0.234259
0.081071
0.488704
0.0810711
0.328459
0.481958
0.0178279
0.131475
0.299015
0.476954
0.501243
0.524495
0.816661
0.00800183
0.90534
0.53138
0.446371
0.489614
0.176497
0.0810712
0.00388012
0.411414
0.979534
0.290437
0.540315
0.260611
0.260607
0.225892
0.411252
0.37497
0.374974
0.524495
0.204148
0.374977
0.407237
0.407237
0.374979
0.260633
0.422388
0.281633
0.234256
0.540323
0.540318
0.299442
0.299442
0.299438
0.374973
0.501239
0.250167
0.374976
0.231258
0.374978
0.501536
0.208663
0.324351
0.0994654
0.0994607
0.208658
0.374971
0.275997
0.0644648
0.574601
0.946184
0.00793589
0.374977
0.538495
0.0490814
0.154851
0.0810711
0.502121
0.305509
0.00189383
0.12683
0.106712
0.374971
0.00131132
0.743614
0.271316
0.466611
0.612832
0.412897
0.521687
0.76123
0.0239363
0.122803
0.857482
0.10714
0.0157331
0.304376
0.374964
0.178999
0.132451
0.0810695
0.37497
0.599185
0.540317
0.265625
0.280608
0.61764
0.294043
0.374979
0.179027
0.0570686
0.131475
0.374972
0.374974
0.374972
0.335122
0.374972
0.374968
0.374973
0.260611
0.772765
0.950102
0.311502
0.548183
0.132463
9.47804e-15
0.459122
0.0810721
0.617623
0.700958
0.132458
0.0138325
0.00293008
0.179012
0.0138327
0.260616
0.00384052
0.466454
0.422389
0.0138328
0.224168
0.0316268
0.426996
0.224012
0.674192
0.305506
0.830113
0.443025
0.180324
0.180321
0.113019
0.565656
0.375504
0.00506076
0.674206
0.908666
0.30111
0.294036
0.130644
0.501366
0.374969
0.190857
0.326438
0.459098
0.414955
0.0656064
0.0489734
0.752423
0.32846
0.328459
0.299461
0.833203
0.260629
0.0824668
0.176498
0.132463
0.59918
0.599182
0.179012
0.179012
0.14687
0.00292991
0.604427
0.234255
0.816936
0.599187
0.927027
0.927027
0.700947
0.374979
0.41126
0.674205
0.304379
0.762954
0.318502
0.814945
0.743614
0.00292998
0.0810708
0.0810696
0.374978
0.324352
0.335141
0.411265
0.700944
0.00293044
0.374977
0.411268
0.700956
0.956249
0.215891
0.179012
9.43404e-15
0.400071
0.858849
0.700959
0.545718
0.0365913
0.59919
0.260627
0.705176
0.285664
0.545705
0.234983
0.374967
0.0365897
0.545698
0.374967
3.07535e-15
0.359789
0.374975
0.321703
0.411418
0.929213
0.700943
0.304383
0.50883
0.0365929
9.47248e-15
0.287743
0.599179
0.265383
0.743614
0.179012
0.374971
0.179007
0.374972
0.538467
0.291046
9.46584e-15
0.109475
0.281422
1.68343e-14
0.422389
0.459122
1.68014e-14
0.179019
0.179021
0.146875
9.46462e-15
0.597881
0.146874
0.179023
0.985383
0.179021
1.6814e-14
0.374978
0.374978
8.59355e-15
0.271324
0.374977
0.186529
0.301106
0.4208
0.603826
0.374971
0.299015
0.28566
0.343822
0.374968
0.321664
0.617632
0.599191
2.12279e-12
0.250171
2.53782e-09
0.11302
0.593718
0.294022
0.299015
0.238183
0.0810703
0.476946
0.37497
0.0810708
0.488694
3.1006e-12
0.0810711
0.476966
0.37498
0.123123
0.374983
0.374979
9.48211e-15
0.374972
0.304382
0.454193
0.814945
0.359791
0.374968
0.0810705
0.538468
0.54033
1.17999e-12
0.700946
0.343826
0.651036
0.374979
0.599182
0.374979
0.374971
0.374973
0.260612
0.538469
0.186529
0.324348
3.09568e-12
0.37497
0.343826
0.476959
0.132463
0.307444
0.597873
0.651045
0.545718
0.617491
0.39621
0.545711
0.382356
0.453047
0.382356
0.29014
0.257876
0.0790705
0.296268
0.38786
0.387861
0.704766
0.238193
0.345414
0.599901
0.374973
0.359785
0.260602
0.0118857
0.786583
0.0810698
0.418827
0.0810708
0.335124
0.374978
0.721918
0.453061
0.545722
0.488705
0.335147
0.260624
0.540336
0.0810702
0.651026
9.9484e-16
0.0810706
0.265384
9.42596e-15
9.97092e-16
0.374968
0.443803
9.98315e-16
0.173229
0.816944
0.631576
0.59788
9.44762e-15
0.359798
0.0810703
0.599183
0.260613
0.940455
0.422746
0.00772823
0.269128
0.470205
0.0810714
0.710744
0.97705
0.733986
2.92342e-15
0.204151
0.0884176
0.422392
0.0190821
0.816914
0.562007
0.187637
0.42238
0.422376
0.546652
0.0435194
0.54033
9.9868e-16
0.374978
0.388352
0.97705
0.466456
0.481682
0.77314
0.398611
0.284345
0.501493
0.599172
0.599172
0.599174
0.599185
0.599176
0.599191
0.313182
0.384883
0.382365
0.00322769
0.611635
0.374977
0.432206
0.00321812
0.710737
0.000417642
0.00882942
0.0111543
0.353652
0.972092
0.374968
0.543325
0.00743185
0.00147157
0.710748
0.929214
0.409899
0.559861
0.000143049
0.374971
0.710736
0.374971
0.374971
0.972086
1.3914e-07
0.382359
0.224001
0.260624
0.616459
0.481953
0.374978
0.208663
1.00223e-15
0.710425
0.374981
0.222816
0.374973
0.65102
2.9046e-15
0.0810706
0.318496
0.0810704
0.0810694
0.0184432
0.423021
0.374978
1.00046e-15
0.24301
0.0810713
0.573105
9.95398e-16
0.422375
0.423767
0.476943
9.91149e-16
9.91169e-16
0.234255
9.987e-16
0.42754
9.4754e-15
0.374977
0.538509
0.131475
0.616466
0.081072
0.345407
9.48155e-15
2.91165e-15
0.359793
0.977053
0.599177
0.105073
0.260608
0.413284
3.21259e-15
0.6175
0.562029
1.00031e-15
1.18128e-12
0.146197
0.184335
0.374974
0.501529
0.19095
0.237812
0.994874
3.40178e-14
0.418832
0.000147924
0.374977
0.24798
0.481951
0.599187
0.374978
0.374978
0.0810711
0.374981
0.97705
0.8761
0.426988
0.387857
0.617618
0.0703776
0.0731335
0.0810697
0.529053
0.872984
0.481951
9.46957e-15
0.407236
0.374978
0.374978
0.374977
0.540321
9.45521e-15
0.260611
0.234256
0.298605
0.0810703
0.297485
0.37497
0.573115
0.298599
0.335139
0.97705
9.50012e-15
9.50007e-15
0.237806
0.374983
0.374712
0.222448
9.45638e-15
0.1841
0.383083
0.421259
0.199842
0.508839
0.00324322
0.297478
0.413287
0.298603
0.305509
0.97705
9.48585e-15
0.0810717
0.840001
9.98184e-16
0.374971
0.319539
0.374971
0.374971
0.374971
0.414933
0.476957
0.826221
0.717172
1.69901e-08
0.546661
0.411265
0.616465
0.307449
0.175757
0.50126
0.31954
0.374973
0.265612
0.770106
0.374971
0.374968
9.4548e-15
9.95602e-16
0.0810715
0.342125
0.374978
0.374978
0.573122
0.530174
0.0452856
0.407225
0.361272
0.0810706
0.502073
0.481922
0.237839
0.977055
0.374975
0.297476
0.374978
6.06993e-09
0.414965
0.97705
0.237806
0.199857
6.40575e-16
0.374981
0.772751
0.160005
6.32667e-13
0.374972
1.10143e-11
0.166253
0.159934
0.28566
9.46643e-15
0.105075
0.460367
0.285665
0.460367
0.420806
0.422384
0.459135
9.45761e-15
0.0810708
0.237815
0.878085
0.977052
0.132459
9.47765e-15
0.603827
0.328459
0.23781
0.374978
0.374978
0.892942
9.49908e-15
0.908662
0.374981
0.00992869
0.710737
9.94759e-16
0.0810706
0.130643
0.453043
0.132459
0.0810695
0.297479
9.46809e-15
0.105077
0.374978
0.31443
0.234258
0.374973
0.284348
0.538466
0.374971
9.92624e-16
0.328454
0.297485
0.977056
0.234257
0.37497
9.47593e-15
0.265625
0.247991
0.426999
0.17406
0.081072
0.374977
0.977044
0.488694
0.977052
0.374972
0.359791
0.858851
0.159935
0.130645
0.374969
0.418838
2.62781e-15
0.0810712
0.407235
0.407235
0.374979
0.617627
0.540332
0.147002
0.374973
0.374971
0.184325
0.305504
0.605052
0.564632
0.848151
9.98867e-16
9.47338e-15
9.49349e-15
0.688266
0.71075
1.00214e-15
0.304384
0.0810724
0.889682
0.0810707
9.43308e-15
0.374972
0.324349
0.488687
0.294028
9.95486e-16
0.612832
0.453056
0.867893
9.4874e-15
1.00073e-15
0.20866
9.9356e-16
9.95519e-16
0.0810697
0.424706
0.72192
0.28566
0.374967
0.324348
9.98701e-16
0.688262
0.291049
0.294038
0.321665
0.131475
0.374979
0.453065
0.260624
0.407239
0.488694
0.529055
0.321661
0.524495
0.453047
0.603819
0.159934
0.321658
0.374977
0.787945
0.422388
0.374977
0.757855
0.136422
0.940587
9.98192e-16
0.374974
0.0810711
0.374974
0.106119
9.97014e-16
0.131471
0.374978
0.374973
0.297479
0.977051
0.889692
0.41884
0.374978
0.38378
0.374977
1.18132e-12
0.59918
9.97164e-16
0.977053
0.00436124
0.17199
0.304378
0.443791
9.95564e-16
0.265623
0.284347
0.131474
0.374978
9.4881e-15
0.131244
0.200413
9.97095e-16
9.94944e-16
0.208656
0.132456
0.324347
9.92718e-16
0.324348
2.84817e-15
9.46114e-15
0.0457657
0.0810712
0.260631
0.174061
0.538513
9.50982e-15
9.47898e-15
1.58454e-12
0.00992868
0.411403
9.94798e-16
9.43392e-15
0.459111
9.93953e-16
0.786569
0.721916
9.46868e-15
9.46915e-15
0.179022
6.9416e-16
1.00061e-15
0.407236
0.265618
0.265624
9.96745e-16
9.96733e-16
9.94849e-16
0.45911
0.383082
0.37497
2.14628e-09
1.09867e-12
0.073901
0.374976
0.00294888
0.00436156
9.49417e-15
0.646153
0.00204371
1.58464e-12
0.374972
1.58094e-12
0.00294851
0.411255
0.298605
0.237816
0.0224584
0.26061
0.0018655
0.184333
0.00294887
0.00992949
9.48803e-15
0.00496592
0.00294832
0.185816
0.190938
0.28566
0.359784
0.423032
0.423032
0.00992829
0.00294871
0.826221
0.184334
0.299019
0.159082
0.0737536
2.44979e-14
0.816967
0.758347
6.57235e-12
0.577649
0.287652
0.374972
0.00294853
0.00294853
0.29402
2.62552e-14
0.298599
0.00294883
0.857493
0.710748
0.00294884
0.132463
0.287654
0.423023
0.743618
0.00294857
0.00294868
0.650019
0.617621
0.617621
0.663547
0.374976
0.374971
0.374977
0.197218
0.374978
0.00426725
0.0153896
0.0103847
0.613997
0.00294905
0.113712
0.00294863
0.00385657
0.00294852
0.00122638
0.00355199
0.0688136
0.01572
0.018774
0.0445356
0.260627
0.374978
0.0467285
0.260623
0.00294858
0.00294887
0.407226
0.00294849
0.95639
0.00294839
0.00294839
0.540315
0.411408
0.00294846
0.00294891
0.00294882
0.443036
0.00294893
0.0423435
0.0360321
0.0309903
0.00294904
0.0810701
0.53848
0.374971
0.296264
0.184325
1.17595e-12
0.00294858
0.00294834
0.00294885
0.977051
0.58246
0.00294886
0.00194355
0.00294893
0.318506
0.335136
0.312669
0.243007
9.43305e-15
0.814945
0.65102
0.37497
0.374975
0.359789
0.761027
0.143908
3.31583e-15
0.105077
0.743623
0.131247
0.00447667
0.573088
0.00626633
0.208658
9.43339e-15
9.43362e-15
9.43361e-15
0.130641
0.453049
0.617613
0.423023
0.00294876
0.725563
3.3131e-15
0.493428
0.459126
0.688257
0.977048
9.93306e-16
0.291029
0.526743
0.688254
0.688254
0.37497
9.46913e-15
9.97294e-16
0.0029489
9.99665e-16
0.341981
0.757859
3.10662e-15
9.50254e-15
9.99094e-16
1.00007e-15
3.50324e-13
0.421261
9.94756e-16
0.324349
0.501504
9.93855e-16
0.382357
0.501239
0.299019
3.50508e-13
0.374977
0.387861
0.299456
9.47325e-15
3.50019e-13
0.374978
0.599181
0.132274
9.96312e-16
9.96314e-16
9.96304e-16
0.977054
3.51176e-13
0.244885
3.3073e-15
9.99021e-16
0.50154
0.285665
0.0810711
0.0810719
0.50153
1.00035e-15
0.377182
0.0810706
9.43356e-15
0.488692
0.374971
9.93924e-16
0.0810704
0.374968
9.98513e-16
0.301109
0.00992953
9.48913e-15
1.00092e-15
9.98827e-16
9.95292e-16
0.341993
0.247972
0.374971
0.126885
0.0771102
0.00775932
0.130914
0.324351
9.45804e-15
0.184335
0.199851
0.146878
0.0810713
0.00992966
1.03822e-14
0.0810714
0.977044
0.00992868
0.298603
1.39688e-13
0.46685
0.374972
9.93889e-16
0.443027
0.422377
0.409453
0.466455
0.374978
0.321664
0.298601
0.92703
0.0810709
0.270362
1.39866e-13
0.382358
0.13227
0.342123
0.374971
0.00324308
0.409449
0.816907
0.285665
0.766265
0.673152
0.265628
0.374978
1.40445e-13
0.335135
0.0810724
0.374972
0.113019
0.164851
0.0810706
1.39668e-13
0.426982
0.538478
0.374968
0.305509
0.374976
0.743622
0.374978
0.324353
0.26061
0.459085
0.342005
0.0810691
0.18653
0.375169
0.0387146
0.000899098
0.476948
0.298602
0.37497
0.30744
0.423797
0.140047
0.24301
0.00135849
0.603849
0.538498
0.3598
0.0810702
0.674194
0.529051
0.599178
0.208656
0.538461
0.426989
0.190945
0.443033
0.422386
0.570392
0.226771
0.341984
0.423799
0.374974
0.501255
0.374972
0.342124
0.651022
0.710733
0.743615
0.977055
0.0810708
0.0810696
0.831637
0.476958
0.374978
9.21733e-10
0.285665
0.0146731
0.420804
0.420809
0.374972
0.222817
0.0751127
0.977053
0.374971
0.299013
0.40945
0.140046
0.374977
0.0013584
0.26284
0.164848
0.328459
0.411264
0.260614
0.270362
0.341996
0.270353
0.342002
0.260607
0.374969
0.341996
0.260619
0.0146709
0.352093
0.374977
0.387862
0.53851
0.0013585
0.411198
0.140048
0.341987
0.977054
0.23064
0.0146714
0.321661
0.374972
0.270349
0.374973
0.2986
0.341989
0.265622
0.312673
0.688265
0.423018
0.0810717
0.140049
0.710749
0.374971
0.757841
0.285361
0.342123
0.0627077
0.37497
0.436894
0.570379
0.374978
0.374976
0.374978
0.304383
0.476963
0.0463433
0.382363
0.0810724
0.0146714
0.443028
0.262831
0.271853
0.374971
0.617942
0.462545
0.186528
0.59403
0.137716
0.407236
0.0507112
0.281631
0.599184
0.443024
0.374976
0.342
0.342001
0.42303
0.137717
0.688254
0.688259
0.0507111
0.296119
0.599191
0.234258
0.374979
0.208663
0.124744
0.139788
0.820028
0.0810722
0.374972
0.374973
0.792687
0.482916
0.31389
0.353097
0.0292355
0.904969
0.146876
0.0100563
0.00375409
0.00330956
0.0507111
0.260625
0.374974
0.321714
0.374975
0.453057
0.00135837
0.0507115
0.076441
0.996792
0.383092
0.0457308
0.321665
0.301108
0.208663
0.285665
0.0724567
0.159934
0.0944999
0.677149
0.30743
0.476954
0.374971
0.325494
0.374971
0.423025
0.0507108
0.324346
0.374977
0.260622
0.176497
0.374978
0.29209
0.545718
0.208658
0.222819
0.0507102
0.251115
0.291028
0.374969
0.024272
0.285661
0.459127
0.423018
0.050712
0.260626
0.0507111
0.0810713
0.739703
0.0507124
0.260626
0.305512
0.287651
0.234257
0.43689
0.204137
0.674188
0.424706
0.830718
0.321698
0.570391
0.0813473
0.407235
0.251792
0.222818
0.0662275
0.305507
0.081072
0.260614
0.292077
0.908651
0.705369
0.706539
0.617516
0.050711
0.536522
0.414964
0.291047
0.0507109
0.772772
0.374978
0.0507122
0.0507114
0.0507129
0.721896
0.761023
0.325494
0.374971
0.0507113
0.866221
0.374972
0.41562
0.0507119
0.616459
0.234258
0.0810712
0.466457
0.54435
0.423029
0.285664
0.411248
0.423759
0.0662127
0.407221
0.287648
0.321659
0.374975
0.184327
0.710748
0.562036
0.374979
0.443815
0.710752
0.234996
0.326441
0.374981
0.260616
0.488696
0.313179
0.476951
0.285662
0.321658
0.45912
0.426983
0.411191
0.0507111
0.476962
0.97705
0.226726
0.858856
0.423024
0.374979
0.0309895
0.396212
0.772748
0.260613
0.185817
0.0915265
0.545716
0.185819
0.0915304
0.981917
0.141417
0.119275
0.287654
0.0787968
0.0787938
0.223505
0.0996145
0.0787921
0.374971
0.260612
0.131238
0.508839
0.374973
0.374968
0.131473
0.251116
0.0766321
0.0787944
0.0787944
0.0787948
0.562013
0.336899
0.307423
0.374971
0.981926
0.570425
0.218309
0.281961
0.281965
0.28536
0.0787953
0.562037
0.374979
0.281967
0.285665
0.218318
0.311022
0.311028
0.122828
0.31318
0.254088
0.299442
0.254088
0.260608
0.107982
0.186527
0.0798866
0.107984
0.328459
0.414964
0.146508
0.0346605
0.00387976
0.000821292
0.285361
0.374973
0.107982
0.00108351
0.374971
0.674186
0.603835
0.603825
0.342126
0.204368
0.725432
0.222818
0.599889
0.107989
0.184334
0.603847
0.374972
0.374973
0.335121
0.374971
0.374971
0.290617
0.826544
0.617612
0.545717
0.374976
0.247987
0.374977
0.374977
0.651029
0.17405
0.00345259
0.000774559
0.374969
0.260603
0.188283
0.714217
0.866224
0.0474126
0.103595
0.285366
0.243009
0.234993
0.285665
0.374979
0.324356
0.426996
0.540336
0.208657
0.225855
0.963053
0.0645613
0.0645613
0.132243
0.280606
0.0904951
0.374977
0.280608
0.247987
0.944115
0.386825
0.386829
0.386827
0.386831
0.411187
0.0943965
0.374973
0.247977
0.374973
0.107982
0.540329
0.0352428
0.000357199
0.374976
0.374978
0.546662
9.49282e-15
0.293195
0.617498
0.000357242
0.107982
0.31954
0.374971
0.35979
0.35979
0.459102
0.908325
0.000111904
0.411191
0.000410403
0.570393
0.000357219
0.536537
0.000545613
0.00335047
0.501253
0.132457
0.00689902
0.859263
0.321692
0.492939
0.382354
0.481947
0.00385883
0.757857
0.374977
0.501257
0.359799
0.616467
0.424172
0.324353
0.945139
9.45651e-15
9.45439e-15
0.00158226
0.311012
0.443025
0.459103
0.57765
0.374968
0.374978
0.688263
0.383776
0.296268
0.403966
0.0118384
0.453053
0.081072
0.374971
0.284346
0.234256
0.423775
0.459109
0.0022201
0.280607
0.713616
0.737695
0.715147
0.383092
0.565666
0.280609
0.328462
0.0810713
0.000312132
0.755811
0.0187989
0.382356
0.0009246
0.374971
0.374968
0.374972
0.229801
0.342126
0.374976
0.144042
0.443035
0.546274
0.14427
0.42237
0.0810709
0.629349
0.453034
0.0058757
0.573084
0.374961
0.374969
0.374975
0.247976
0.374978
0.420804
0.00327675
0.629383
0.285366
0.374982
0.260624
0.673517
0.374972
0.0048906
0.144035
0.251115
0.00408664
0.0199547
0.443791
0.374968
0.144274
0.144039
0.562042
0.860803
0.00552834
0.359798
0.673518
0.14741
0.59918
9.45774e-15
0.459113
0.00208731
0.247975
0.34382
0.138105
0.374971
0.375504
0.501527
0.374978
0.132277
0.115764
0.0715782
0.291047
0.411196
0.144035
0.35858
0.879552
0.285361
0.0765893
0.285359
0.260616
0.881572
0.374977
0.570389
0.193514
0.307443
0.374978
0.663648
0.168823
0.573119
0.427387
0.420796
0.382353
0.573102
0.250153
0.37497
0.374974
0.37497
0.319552
0.562037
0.562049
0.374979
0.861299
0.570401
0.186528
0.291053
0.54032
0.186528
0.131469
0.374972
0.629364
0.132268
0.375499
0.193492
0.743619
0.46151
0.01819
0.0177947
0.629379
0.866233
0.260617
0.374979
0.265615
0.453051
0.00822235
0.67352
0.323964
0.651018
0.124752
0.459118
0.501254
0.234988
0.285665
0.387862
0.0506265
0.459153
0.88157
0.374981
0.312669
0.42699
0.374971
0.57038
0.540318
0.374968
0.0506253
0.0773521
0.0815536
0.0815528
0.312673
0.222818
0.00500957
0.374975
0.135578
0.252552
0.0108597
0.421256
0.45909
0.281602
9.40072e-15
0.0323446
0.0323457
0.00370687
0.00799263
0.208662
0.280609
0.374979
0.00370749
0.00370774
0.00799245
0.0815563
0.176497
0.00370712
0.335121
0.0338508
0.0291705
0.00370668
0.218354
0.359788
0.748064
0.277203
0.245568
0.453059
0.135584
0.00183615
0.0815516
0.176499
0.176497
0.459361
0.00799214
0.00370716
0.422384
0.00799197
0.443811
0.00799193
0.00540712
0.374976
0.32172
0.15586
0.501255
0.285368
0.706536
0.111196
0.232286
0.374973
0.182708
0.539007
0.01213
0.881575
0.20414
0.0487704
0.382363
0.13558
0.56956
0.0815545
0.312674
0.321664
0.529053
0.536534
0.413802
0.0815488
0.0815473
0.374969
0.193486
0.251114
0.193504
0.374971
0.127824
0.955089
0.0815557
0.204151
0.0311334
0.126148
0.321665
0.247989
0.45305
0.118876
0.374972
0.118875
0.251115
0.237694
0.374973
0.570375
0.906493
0.501527
0.359765
0.305509
0.488704
0.30551
0.501518
0.50153
0.0597061
0.374973
0.186529
0.175752
0.186529
0.305503
0.305506
0.0113717
0.459136
0.287737
0.0815546
9.4938e-15
0.573123
0.0815568
0.881569
0.0815565
0.374972
0.260617
0.881576
0.0815491
0.0815491
0.174048
0.561283
0.113224
0.350498
0.467804
0.538505
0.145019
0.321664
0.294027
0.307416
0.821814
0.374965
0.374967
0.654967
0.617541
0.374965
0.599174
0.179348
0.285661
0.285366
0.19351
0.651039
0.520391
0.501256
0.0730044
0.260624
0.529068
0.130645
0.126134
0.387856
0.276237
9.43417e-15
0.387852
0.20414
0.536518
0.359797
0.374975
0.443034
0.208662
0.312673
0.374979
0.23064
0.321666
0.374972
0.479619
0.285662
0.276453
0.19997
0.260615
0.354316
0.301105
0.252554
0.126138
0.135585
0.374978
0.169563
0.35881
0.251116
0.315644
0.287484
0.342124
0.387856
0.772746
0.169559
0.199021
0.30743
0.409888
0.169564
0.426994
0.182934
0.33514
0.168312
0.374977
0.374973
0.238573
0.881575
0.0815489
0.411252
0.88158
0.939913
0.193492
0.422757
0.222815
0.374979
0.501253
0.772775
0.998343
0.570395
0.19096
0.00120918
0.0695723
0.374972
0.651025
0.453047
0.185817
0.177464
0.374968
0.208657
0.260611
0.193509
0.0865038
0.229028
0.0924281
0.140686
0.374979
0.374974
0.374979
0.374971
0.418832
0.881576
0.422743
0.374971
0.0815485
0.476957
0.47695
0.420248
0.616459
0.374978
0.322378
0.359798
0.166292
0.531047
0.524621
0.921344
0.670964
0.42471
0.462299
0.0453394
0.0807142
0.176497
0.881571
0.0815535
0.260622
0.0790681
0.881565
0.328459
0.617629
0.423772
0.738003
0.374967
0.155849
0.374967
0.374967
0.374967
0.649999
0.65103
0.65102
0.651037
0.422387
0.42239
0.42239
0.67436
4.83717e-12
0.374977
3.28789e-12
0.311013
0.0302859
0.106989
0.208656
0.617618
0.374968
0.247977
0.247972
0.177184
0.453055
0.47839
0.908665
0.374977
0.321665
0.312671
0.374979
0.186528
0.422385
0.374973
0.323825
0.570384
0.66075
0.201449
0.55171
0.673517
0.199027
0.12823
0.000726354
0.881565
0.76025
0.881569
0.88157
0.617623
0.260617
0.492946
0.199024
0.287651
0.881575
0.0901312
0.374968
0.881571
0.299454
0.374978
0.881566
0.881566
0.881571
0.420247
0.218566
0.166053
0.744984
0.622158
0.374969
0.459098
0.359789
0.501249
0.0224593
0.411265
0.801309
0.546664
0.190958
0.552126
0.260633
3.9659e-12
0.13623
0.174053
0.0563853
0.374972
0.0924247
0.243006
0.743614
0.881572
9.44075e-15
0.193509
0.260622
0.284347
0.335139
0.881566
0.374979
0.104172
0.746655
0.0815492
0.881573
0.251115
0.717167
0.881576
0.193494
0.383772
0.37497
0.335136
0.710744
0.269132
0.274321
0.906915
0.281251
0.40022
0.411268
0.232099
0.0729233
0.374971
0.660754
0.301106
0.208653
0.151426
0.881571
0.0107157
0.453056
0.777398
0.9399
0.176497
0.176499
0.176499
0.881583
0.186529
0.122811
0.113211
0.74224
0.547829
0.259678
0.374975
0.0815486
0.141418
0.881568
0.481954
0.159933
0.159933
0.710759
0.301109
0.514888
0.466449
0.466451
0.247973
0.881576
0.881576
0.422737
0.54571
0.881572
0.476961
0.374976
0.459141
0.0924283
0.374978
0.0815549
0.0924264
0.488704
0.881571
0.307432
0.193495
0.208657
0.881575
0.374971
0.881567
0.081549
0.88157
0.20866
0.700608
0.200412
0.0924282
0.814197
0.0924279
0.0234451
0.0924243
0.228488
0.199024
0.225895
0.0924244
0.0715699
0.14068
0.232094
0.939906
0.599187
0.881566
0.374978
0.436899
0.616461
0.673519
0.422388
0.374969
0.0338633
0.342122
0.252544
0.881835
0.881842
0.88157
0.0338627
0.88157
0.328459
0.650762
0.374979
0.488706
0.0815574
0.382364
0.88157
0.0810702
0.603831
0.881576
0.420246
0.881576
0.0464096
0.42126
0.572243
0.128232
0.743619
0.0338655
0.199028
0.159933
0.0815549
0.816225
0.816228
0.816225
0.0815506
0.873424
0.459109
0.873424
0.984625
0.0815519
0.37497
0.140686
0.299018
0.374978
0.546662
0.281248
0.50126
0.140686
0.88157
0.176497
0.571539
0.00387379
0.280062
0.204137
0.422376
0.725719
0.00694804
0.374977
0.374976
0.234258
0.658124
0.993842
0.68826
0.374971
0.688258
0.418824
0.541699
0.0523984
0.0914074
0.443018
0.37497
0.743618
0.0412075
0.411265
0.193865
0.538509
0.420806
0.265629
0.243011
0.0615331
0.374981
0.501513
0.743617
0.688258
0.374971
0.517164
0.688258
0.9551
0.705626
0.234259
0.374976
0.374978
0.107042
0.374978
0.342127
0.374974
0.688261
0.571556
0.374979
0.222818
0.536533
0.0810715
0.00314169
0.538514
0.321663
0.19351
0.374976
0.374978
0.353118
0.374978
0.301112
0.312673
0.545725
0.374972
0.443028
0.17405
0.545706
0.688258
0.204135
0.159934
0.422789
0.214537
0.436896
0.374978
0.0810712
0.374978
0.0892409
0.374973
0.374978
0.725702
0.374971
0.299014
0.186529
0.397834
0.599174
0.0620281
0.260617
0.736646
0.772771
0.37498
0.260632
0.501259
0.502124
0.131474
0.443814
0.294029
0.411259
0.374972
0.201445
0.374972
0.284344
0.0262907
0.374969
0.206356
0.517161
0.571558
0.651036
0.674206
0.132462
0.453053
0.453059
0.453048
0.75784
0.140338
0.260611
0.529051
0.280605
0.41126
0.573107
0.176498
0.570389
0.0810711
0.546662
0.280609
0.755817
0.265624
0.571559
0.374972
0.326439
0.0203685
0.109475
0.545707
0.501495
0.481943
2.62184e-14
0.321664
0.292084
0.374978
0.501537
0.374978
0.260614
0.374968
0.374973
0.374965
0.387851
0.546636
0.5715
0.546636
0.374969
0.32644
0.982973
0.420805
0.0810711
0.459148
0.285366
0.0810713
0.374982
0.50153
0.260628
0.571539
0.580107
0.43689
0.232097
0.0843178
0.328453
0.688261
0.939905
0.470214
0.651031
0.374977
0.321717
0.889634
0.113019
0.247979
0.573122
0.69976
0.374974
0.201445
0.260613
0.481943
0.402252
0.260623
0.374971
0.208662
0.230642
0.374978
0.603842
0.573123
0.901616
0.0810711
0.427001
0.546651
0.612831
0.246157
0.45911
0.208656
0.0685268
0.688261
0.57153
0.418838
0.140344
0.426998
0.208663
0.260627
0.688262
0.688259
0.453058
0.688259
0.688258
0.0262895
0.374969
0.260607
0.118873
0.374974
0.0693127
0.281629
0.502112
0.299019
0.0510469
0.460369
0.905353
0.299456
0.481956
0.222816
0.422752
0.35605
0.374971
0.374971
0.571523
0.374972
0.453044
0.936746
0.380746
0.0257761
0.11223
0.44381
0.319552
0.440891
0.443804
0.335124
0.540321
0.000637806
0.609976
0.131468
0.37497
0.963717
0.17633
0.590385
0.32605
0.688266
0.280609
0.347543
0.0453188
0.577659
0.287744
0.397824
0.260617
0.250157
0.494109
0.132458
0.128232
0.986831
0.131468
0.603838
0.603836
0.00167047
0.69687
0.470216
0.383088
0.32166
0.49295
0.783657
0.383079
0.208652
0.617607
0.581917
0.247973
0.0907225
0.856293
0.666983
0.418838
0.374979
0.313182
0.374979
0.226846
0.247985
0.673517
0.589845
1.2647e-05
0.374971
0.328456
0.374971
0.540312
0.260616
0.00167007
0.20145
0.132461
0.612834
0.193513
0.00207146
0.298543
0.234257
0.208663
0.8303
0.998131
0.0016095
0.0203689
0.11302
0.928166
0.487263
0.374972
0.784333
0.959122
0.470217
0.470217
0.0118231
0.000307392
0.374977
0.159935
0.324349
0.247978
0.247973
0.977929
0.374971
0.402174
0.234256
0.68826
0.260623
0.545716
0.166059
0.374978
0.374978
0.374977
0.374973
0.397829
0.409889
0.538469
0.280605
0.374969
0.309865
0.321698
0.492959
0.374971
0.688263
0.208662
0.168314
0.335144
0.742233
0.54034
0.132277
0.374981
0.702965
8.47888e-07
0.501505
0.170575
0.10007
0.851384
0.708493
0.374968
0.321664
0.0621755
0.134773
0.230452
0.260626
0.23499
0.374974
0.11888
0.647474
0.374973
0.805146
0.328456
0.0671193
0.0963986
0.000912888
1.01519e-14
0.188386
0.374976
0.734893
0.424718
0.359798
0.23211
0.359797
0.502119
0.501514
0.280138
0.617618
0.374971
0.374971
0.460349
0.374972
0.375494
0.422387
0.130648
0.769706
3.77925e-09
0.501538
0.688254
0.286439
0.0810707
0.387845
0.0810692
0.643228
0.260587
0.906797
0.0732714
0.510467
0.37497
0.374978
0.421265
0.551438
0.374979
0.714091
0.409903
0.688263
0.374981
0.387856
0.944905
0.285361
0.938992
0.65102
0.501238
0.374973
0.849309
0.184333
0.328458
0.617637
0.57766
0.375505
0.476963
0.398972
0.420203
0.0101837
0.0810708
0.374972
0.808771
0.651022
0.374971
0.374976
0.208656
0.413814
0.285364
0.61749
0.537414
0.734893
0.501547
0.0810712
0.00254799
0.0594787
0.859816
0.859825
0.595672
0.224557
0.383765
0.374972
0.374968
0.232105
0.324711
0.374978
0.374978
0.132463
0.712465
0.688259
0.46277
0.550513
0.550515
0.382353
0.374969
0.358569
0.688259
0.285663
0.398083
0.208663
0.617635
0.710752
0.411194
0.398074
0.0101818
0.936749
0.398081
0.451163
0.319541
0.374972
0.73487
0.374972
0.398091
0.260616
0.420794
0.414964
0.383774
0.186528
4.12954e-05
0.424718
0.252556
0.537428
0.67644
0.140092
0.68826
0.398091
0.603826
0.374971
0.774018
0.233275
0.851382
0.945143
0.945143
0.374978
0.000171071
0.374978
0.374982
0.443033
0.0386576
0.0338825
0.374973
0.000921474
0.294024
0.219636
0.123836
0.908656
0.247972
0.422761
0.606157
2.44485e-13
1.15625e-07
7.27033e-05
0.112081
0.443024
0.374976
0.190941
0.0211263
0.688254
0.617607
0.374967
0.132938
0.319545
0.771182
0.651037
0.374977
0.356449
0.24301
0.866238
0.757868
0.374977
0.285667
0.816911
0.190949
0.260612
0.383082
0.374971
0.374968
0.769708
0.225892
0.143014
0.374976
0.426997
0.422388
0.265626
0.374979
0.78311
0.436899
0.208659
0.328459
0.617626
0.250163
0.0221852
0.0810704
1.55115e-07
0.688265
6.32693e-06
0.601934
0.0715764
0.374978
0.24799
0.769484
0.374977
0.291053
0.374972
0.265617
0.132458
0.670342
1.36207e-05
6.32251e-06
0.42126
0.374968
0.459134
1.38801e-05
0.281631
0.299458
0.159934
0.130648
0.453051
0.292082
0.234977
0.260611
0.312667
0.174047
0.422735
0.540315
0.284347
0.899349
0.301111
0.383091
0.176497
0.291055
0.37498
0.247995
0.0810714
0.374981
0.374972
7.1651e-05
0.324349
0.925454
0.374972
0.61644
7.16502e-05
7.16355e-05
7.1663e-05
0.844609
0.0732139
0.459142
7.16692e-05
0.374979
0.134233
0.47776
0.181401
0.00685461
0.11065
0.186529
0.688258
7.16388e-05
0.374975
0.37497
0.603839
0.285829
0.374978
0.459146
0.61749
0.688265
0.374977
0.889295
0.208657
0.538481
0.000112327
9.53315e-05
0.411185
0.374968
0.0810704
0.466192
0.28779
0.287788
0.183276
0.374978
0.688265
0.260961
0.5731
0.31934
0.335108
0.375414
0.335103
0.28779
0.544837
0.634223
0.196081
0.0523986
0.529063
0.0524004
2.21375e-05
0.37002
0.424719
0.374982
0.374977
0.453063
0.285828
0.436892
0.374972
0.149753
0.000853681
0.688258
0.285829
0.0741929
0.285832
0.299018
0.285829
2.21347e-05
0.374977
0.423798
0.359794
0.481953
0.374972
0.291041
0.000487938
0.481943
0.00801111
0.453048
0.0257534
0.0931342
0.407235
0.851386
0.851385
0.789408
0.743623
2.59623e-08
0.000881227
0.000186251
0.130645
0.58049
0.534049
0.132458
0.769713
0.613092
0.529053
0.374968
0.285832
0.374976
0.423801
0.476963
0.374978
0.38309
0.0810709
2.21305e-05
0.387854
0.447319
0.374969
0.122826
0.481938
0.383081
0.267195
0.940534
0.855721
0.326441
0.855715
0.201452
0.30111
0.324991
1.33573e-05
0.313184
0.865183
2.21275e-05
2.21231e-05
0.219947
2.21231e-05
0.688258
1.33535e-05
2.2122e-05
0.421265
0.618826
0.131474
1.33582e-05
0.617637
0.617639
0.328457
0.260623
0.502102
0.248835
0.5021
0.459109
0.285831
0.37497
0.453053
0.243005
0.356236
0.501251
0.501255
0.374978
0.688266
6.21794e-05
0.374977
0.688263
0.995941
0.174053
9.43346e-15
0.0715718
0.321699
0.453042
1.68369e-05
9.43953e-15
0.0396699
0.540327
0.387861
0.672514
5.22853e-05
0.251116
0.453048
0.130645
0.61761
0.185814
0.769716
0.374967
0.039666
0.329353
0.359794
3.51498e-05
0.000106455
0.688264
0.285665
0.190957
0.374979
0.00347332
0.459136
0.453063
0.688261
0.374973
0.688258
0.374971
0.545707
3.51409e-05
0.59918
