0.438033
0.568389
0.46493
0.659636
0.0165377
0.133525
5.16403e-05
0.234098
0.431951
0.703504
0.945933
0.72609
0.314994
0.393381
0.168532
0.172247
0.202286
4.8029e-09
1.92967e-06
0.274912
0.172532
0.414232
0.107454
0.127831
0.389789
1.73817e-09
0.229148
0.127831
0.229147
0.269654
0.127831
0.453156
0.692903
0.128519
0.549246
8.43563e-06
8.47121e-09
1.25486e-08
0.208502
0.208502
0.208502
0.454174
0.0391922
0.686994
0.228641
0.477231
0.973019
0.166787
0.00433612
0.00536288
0.138341
0.88495
0.253879
0.057659
0.057659
0.307583
0.540949
0.540948
0.451765
0.00607033
0.00800411
0.125885
0.0776964
0.37007
2.00035e-05
0.753767
0.312676
0.509745
0.0103484
0.509745
0.00414941
0.0068097
0.534044
0.534043
0.0972067
0.000547075
0.405675
0.383437
0.383436
0.421472
6.06061e-08
0.37007
0.280619
6.3197e-10
0.208312
4.95655e-06
0.592882
0.958889
0.663242
9.47224e-07
0.297632
0.589697
0.641792
0.0155092
0.296828
6.26242e-09
0.000210635
0.270668
0.370071
0.237039
0.0126696
1.03192e-08
0.325075
0.112303
0.147058
0.0835001
6.62434e-05
0.0834053
0.000117691
7.79395e-05
8.34575e-05
0.000191107
4.36951e-05
4.40296e-10
3.16296e-06
0.0353039
3.26975e-08
0.708133
0.0174371
0.540949
8.82454e-06
0.655498
0.000951562
0.0617345
1.3077e-06
0.0350175
0.0788598
0.184714
0.00275255
1.89533e-11
0.0663426
0.0555692
0.00806117
3.79361e-08
0.406088
0.430128
0.000909639
0.000591556
0.454175
0.00165821
0.950647
0.388042
1.87051e-07
0.319332
0.0167941
0.03619
0.253506
1.84555e-11
0.253507
3.62224e-05
1.77151e-06
0.0134603
2.64125e-05
0.568389
3.34511e-07
0.29812
0.000277548
0.557973
0.633878
1.53056e-10
0.0118387
0.000364195
0.227884
0.952555
0.49617
0.168218
0.454174
0.753767
0.000233148
0.501673
0.162739
0.160772
0.0318944
0.0266231
7.28331e-05
0.181767
0.00111358
0.436
0.184879
0.291716
0.685525
0.000166269
0.0237901
0.337839
0.285101
0.0501795
0.171573
0.405675
0.759135
0.00202254
9.06306e-11
0.0959168
3.11364e-05
0.226327
0.226328
0.923834
0.229744
0.76574
0.673356
0.109702
0.000352613
0.566179
0.178978
4.51542e-08
0.00459825
0.370071
0.00977968
0.00165961
0.405675
0.0639231
0.327671
2.9887e-06
0.05779
0.00161586
0.659589
0.28392
7.1893e-09
1.74751e-07
7.08641e-06
0.227883
0.683534
0.030393
1.20362e-09
0.774186
0.00301655
1.19725e-10
1.68145e-12
1.00223e-12
0.111762
0.690668
0.668258
0.213405
4.63842e-08
0.185635
0.235936
0.314994
0.124754
0.630876
0.14943
0.92804
0.932681
0.253507
0.253507
0.147151
0.0413064
5.0815e-12
0.49554
0.395611
0.496057
0.175468
0.00086762
0.0226853
0.00174341
0.236949
0.531933
0.962888
0.0766447
0.266142
0.308643
0.00961458
0.241236
0.37007
0.416774
0.177726
0.177727
0.815177
0.613445
0.229744
0.00205645
0.572625
0.000248099
0.147693
0.37007
0.0648957
0.37007
0.117929
0.000434963
0.240361
0.355614
0.407426
0.172057
0.00011661
0.000186241
4.79482e-05
0.17417
0.595241
0.00549212
0.323518
0.0140759
0.446385
0.284155
0.219073
0.00166343
0.00383166
0.370071
2.96379e-06
0.226327
0.105848
0.00050274
0.308643
0.0010769
0.00137852
0.438043
4.43783e-05
0.437736
0.148307
0.967169
0.406089
0.00156513
0.0581644
0.347992
0.319895
0.277908
0.370071
0.319609
0.000644637
0.000754809
0.111769
0.00606165
0.183049
0.569318
0.11715
0.126524
0.126525
0.822281
0.717284
0.327671
0.00166641
0.107532
2.34575e-05
0.693181
0.406048
0.253506
0.241071
0.963554
0.00721168
7.30207e-05
0.417257
0.144848
0.000588264
0.446923
0.929539
0.00125392
0.37007
0.258387
0.0934825
0.37007
0.00571141
0.483246
0.000188927
0.327671
0.0408805
0.144521
0.153573
0.539975
0.00450954
0.292111
0.183567
0.32568
0.208834
0.048537
0.164546
0.65099
0.753767
0.291717
0.229671
0.37007
0.288187
0.347077
0.236954
0.37007
0.0788598
0.477366
0.00314361
0.000287509
0.000501565
0.599299
0.000124933
0.370071
0.253506
0.172714
0.323518
0.370071
0.349686
0.00906037
1.47771e-05
4.84026e-05
0.37007
0.00142902
0.00587925
0.483245
0.00057507
0.370071
9.27729e-05
0.000149689
0.37007
0.0160927
0.00138604
0.00444412
0.0890908
0.00232828
0.118986
0.00223285
0.0117416
0.280618
0.00182574
0.485078
0.37007
0.370071
0.37007
0.0470354
0.464929
0.669597
0.37007
0.0147989
0.0775486
0.0430454
0.414561
0.279385
0.279385
0.471764
0.83137
0.316825
0.7177
0.261161
0.0474701
0.419635
0.471765
0.419636
0.518086
0.027893
0.016993
0.0360329
0.213882
0.52669
0.0898816
0.237026
0.175682
0.438043
0.162917
0.0239409
0.238469
0.0341995
0.312677
0.000285142
0.994118
0.323518
0.135991
0.0657432
0.286712
0.286713
0.41739
0.286712
0.000254275
0.201579
0.59524
0.263578
0.454174
0.129976
0.37007
0.144816
0.435002
0.137456
0.00360866
0.120076
0.291716
0.011657
0.753767
0.669487
0.405675
0.253506
0.180109
0.708134
0.708134
0.315505
0.00412768
0.282907
0.338999
0.748083
0.429401
0.983232
0.0077486
0.00480257
0.108592
0.572977
0.0930594
0.220115
0.300504
0.454175
0.166356
0.0646995
0.684294
0.0563804
0.37007
0.37007
0.712358
0.000254729
0.118369
0.253507
0.27597
0.0443113
0.684642
0.10395
0.406048
0.506686
0.314994
0.564045
0.708133
0.27976
0.813587
0.387413
0.280618
0.37007
0.274912
0.274913
0.274912
0.524722
0.455433
0.282908
0.76762
0.151627
0.338999
0.312677
0.280618
0.280618
0.37007
0.37007
0.24296
0.59524
0.177727
0.31961
0.417257
0.417257
0.496169
0.710968
0.314994
0.352942
0.454174
0.281037
0.426561
0.896636
0.0921326
0.0125361
0.37007
0.323518
0.866946
0.88759
0.37007
0.208966
0.101514
0.0290556
0.218338
0.178977
5.35192e-06
0.59524
0.00651886
0.37007
0.00257248
3.03655e-07
3.13686e-05
0.000318912
0.769945
0.427769
0.406089
0.542664
0.287039
0.0346484
0.18426
0.0853758
2.97085e-06
0.111248
0.953941
0.816159
0.258669
0.815177
0.300624
0.609383
0.0488683
0.406089
0.123818
0.241071
0.308643
0.033189
0.431952
0.37007
0.236675
0.286712
0.300624
0.5054
0.404795
0.832647
0.37007
0.749091
0.552366
0.0422568
0.282927
0.37007
0.149401
0.49617
0.19303
0.471764
0.527189
0.37007
0.370071
0.96762
0.035479
0.4086
0.296279
0.128009
0.688064
0.0293987
0.97572
0.709779
0.436
0.173515
0.0350511
1.63249e-05
0.509607
0.257508
0.00661054
0.37007
0.253506
0.173588
0.154991
0.0393767
0.0157873
0.559262
0.431147
0.37007
0.13533
0.239041
0.172271
0.947439
0.416773
0.0397866
0.000660986
0.0157159
0.416773
0.204859
0.182442
0.37007
0.370071
0.379935
0.259554
0.0536962
0.813588
0.37007
0.00657217
0.175955
0.37007
0.0205577
0.37007
0.0606767
0.644184
0.000831461
0.0386796
7.20726e-06
9.29428e-06
1.03571e-06
0.29211
0.595239
0.327671
0.000185491
0.109701
0.611645
0.37007
0.37007
0.0682069
0.321975
0.522182
0.221809
0.37007
0.37007
0.524723
0.612019
0.192837
0.142137
0.568389
0.370069
0.101435
0.406089
0.200176
0.338217
0.221809
0.201841
0.024009
0.935055
0.37007
0.37007
0.332719
0.456055
0.864296
0.108116
0.419635
0.0049549
0.00103192
0.733973
0.49617
0.49617
0.48579
0.099697
0.406089
0.568389
0.10714
0.118765
0.245917
0.406088
0.0905154
0.406089
0.406089
0.365252
0.370071
0.37007
0.370071
0.834416
0.370071
0.123827
0.253506
0.947282
0.853971
0.861369
0.192838
0.37007
0.864297
0.0276333
0.0622318
0.192315
0.0342581
0.221809
0.369154
0.0372329
0.37007
0.37007
0.0071924
0.37007
0.0492219
0.0372149
0.769916
0.126524
0.666719
0.402606
0.37007
0.583309
0.37007
0.592323
0.312706
0.37007
0.316825
0.66672
0.249676
0.666721
0.172247
0.66672
0.66672
0.856194
0.439125
0.464929
0.175955
0.411244
0.37007
0.792478
0.37007
0.37007
0.218338
0.218338
0.0253056
0.0321865
0.041905
0.218338
0.414234
0.111169
0.46184
0.0811523
0.0811524
0.0603315
0.0155527
0.669435
0.37007
0.805767
0.967043
0.805767
0.719274
0.728177
0.480234
0.708134
0.218338
0.666721
0.132946
0.280618
0.204859
0.109296
0.719274
0.37007
0.0656768
0.666721
0.726871
0.262099
0.114789
0.663598
0.805768
0.66672
0.218338
0.132946
0.218338
0.37007
0.00244998
0.373551
0.0208481
0.00930712
0.0618015
0.553459
0.308643
0.370071
0.702789
0.308643
0.29211
0.40706
0.37007
0.37007
0.308643
0.172533
0.114365
0.296279
0.132946
0.791106
0.299583
0.572309
0.179721
0.37007
0.646133
0.118622
0.353915
0.253507
0.186729
0.380172
0.698886
0.0703396
0.038715
0.00283939
0.337839
0.14163
0.218338
0.864296
0.633822
0.37007
0.151041
0.37007
0.780447
0.859585
0.197303
0.197303
0.337839
0.646669
0.646668
0.185134
0.37007
0.37007
0.29211
0.496309
0.496309
0.338999
0.292109
0.296278
0.169986
0.339
0.646669
0.708134
0.300624
0.300624
0.308643
0.29198
0.00658168
0.340784
0.49617
0.000157149
0.312677
0.41964
0.0982796
0.37007
0.408668
0.264004
0.636646
0.215122
0.37007
0.37007
0.37007
0.714406
0.126524
0.530375
0.277992
0.000237961
0.0111404
0.438033
0.438032
2.83031e-05
0.308643
0.377305
0.13171
0.865096
0.0132061
0.0644491
0.483246
6.79266e-06
0.447641
0.277992
0.37007
0.410467
1.12208e-11
1.39112e-12
0.417257
0.370071
0.255437
0.0164047
0.286712
0.949535
1.20575e-11
1.15566e-11
0.388255
0.370071
5.25309e-12
0.160288
0.547105
0.566179
0.37007
0.098432
3.05104e-10
0.535468
0.867271
0.264397
0.787353
0.327671
0.454175
0.307583
1.12762e-11
0.308643
0.612019
3.62466e-09
1.1155e-08
0.075756
8.57551e-06
8.85635e-11
0.37007
0.327671
2.44461e-12
0.204157
2.44515e-12
0.229745
0.321975
0.646669
3.05479e-10
0.183006
0.378771
0.417257
0.531933
0.568388
0.370071
9.36748e-12
4.56577e-10
0.37007
5.2349e-09
0.997737
0.370071
5.06095e-11
0.37007
7.56754e-10
1.26089e-10
0.0989136
2.85829e-08
5.25111e-12
0.542525
0.37007
0.281037
2.0504e-12
4.64097e-12
0.253506
0.37007
0.559445
1.21796e-11
0.253506
0.341104
9.99548e-12
0.406048
1.86392e-11
0.370071
4.54082e-13
0.253506
1.00317e-12
0.413301
0.413301
0.413301
0.18426
4.09469e-12
0.121971
1.53439e-11
0.447642
2.4448e-12
0.37007
4.02523e-12
0.531934
0.327671
0.120412
1.60223e-10
0.37007
0.253506
0.177727
1.21442e-08
4.39832e-12
0.753767
2.44478e-12
0.599299
1.22638e-12
0.37007
0.280618
0.258386
0.178977
1.22618e-12
5.0765e-13
0.37007
0.253506
0.416773
0.307583
0.16748
2.37872e-11
0.109702
4.23625e-12
2.44502e-12
2.4455e-12
0.241071
0.520111
0.669597
0.37007
4.23448e-12
0.253506
0.370071
0.37007
5.2525e-12
0.227883
0.37007
0.370071
2.18789e-11
5.68596e-12
0.370071
0.447642
0.37007
0.229744
1.11017e-11
2.25724e-11
2.44529e-12
0.377304
1.2457e-11
0.175468
4.56292e-12
6.42569e-13
1.05048e-11
0.946213
1.39112e-12
2.82835e-12
0.527864
0.603473
0.455434
2.07686e-11
0.612019
0.37007
2.29269e-10
6.69464e-11
9.39271e-11
0.646669
0.286713
1.64791e-12
0.307583
0.415845
0.253507
0.37007
1.66788e-10
1.85414e-08
5.6681e-09
0.131469
4.34298e-09
0.28392
0.56618
0.37007
0.938922
0.37007
0.300505
1.20847e-12
0.229744
0.599299
0.669597
0.417389
0.405674
0.160288
0.785797
1.77107e-10
0.37007
4.30635e-10
0.483247
0.602851
4.45004e-12
1.63166e-10
0.24107
0.37007
0.241071
0.421472
0.338999
6.33519e-12
2.08623e-11
0.37007
0.241071
0.531933
0.806571
0.568389
0.172532
0.18426
1.65125e-12
4.80202e-10
5.09538e-12
2.31468e-11
7.01802e-11
1.06698e-11
0.37007
0.37007
5.23992e-12
0.370431
0.238469
0.417389
0.41739
0.00065891
0.00140582
0.156076
0.156075
0.344202
0.370071
0.971431
0.455434
0.455434
0.496309
0.337481
0.37007
0.0710581
0.947596
0.129622
0.0452716
0.016395
0.407501
0.37007
0.37007
0.802408
6.32804e-06
0.615464
0.124924
0.415649
0.0206573
0.282374
0.128817
0.204859
0.527752
0.37007
0.37007
0.728177
0.37007
0.495503
0.495502
0.572309
0.113455
0.0432256
0.00212463
0.162529
0.876437
0.126525
0.0286264
0.00537658
0.37007
0.37007
0.914087
0.277932
0.00163721
0.000174112
0.849521
0.769149
0.63812
0.0340802
0.253505
0.0544373
0.0204548
0.59524
0.12284
0.0237091
0.123985
0.734957
0.611646
0.856493
0.0957363
0.496309
0.323901
0.309569
0.00196025
0.415077
0.0279632
0.654856
8.02682e-05
0.109701
0.280618
0.00403622
0.804731
0.223871
0.253506
0.646669
0.24296
0.24296
0.464929
0.146971
0.274911
0.959682
0.959681
0.354844
0.102617
0.753767
0.354844
0.227883
0.605943
0.405674
0.625761
0.971157
0.253506
0.314994
0.904138
0.126524
0.0459355
0.753767
0.37007
0.722959
0.722959
0.566179
0.253506
0.253506
0.218338
0.528222
0.37007
0.407335
0.340689
0.920323
0.29211
0.109867
0.0913239
0.0943008
0.264397
0.595241
0.000165239
1.01103e-10
0.471765
9.62769e-07
0.864889
0.0378215
0.593843
0.228249
8.32593e-07
0.370071
0.169643
0.00911387
0.767621
0.59389
0.789952
0.725039
0.520111
0.410467
0.37007
0.815177
0.707276
0.442025
0.178929
0.41739
0.46493
0.340737
0.253506
0.410467
0.557169
0.438043
0.0933266
0.405445
0.314994
0.844445
0.052671
0.773657
0.37007
0.296279
0.40858
0.568388
0.605634
0.557973
0.454941
0.730774
0.801052
0.32975
0.0844555
0.465693
0.406048
0.253506
0.253506
0.438033
0.0402204
0.0890058
0.0040517
0.0900794
0.515629
0.503217
0.37007
0.16748
0.000632114
0.0495776
0.0619164
0.312677
0.253506
0.0288825
0.140221
0.417615
3.06804e-09
0.172532
0.00782045
0.708134
0.46184
0.496521
0.49652
0.00842745
0.120411
0.097051
0.431952
0.426368
0.952121
0.311263
0.124754
0.377306
0.314993
0.283184
0.0732882
0.961014
0.49652
0.37007
0.0732883
0.417257
0.997521
0.415845
0.521095
0.312677
0.354844
0.696398
0.907227
0.37007
0.987095
2.16026e-06
0.234991
0.486107
0.820313
0.172247
0.16748
0.0384502
0.27976
0.124754
0.252903
0.110234
5.00693e-09
0.232106
0.37007
0.870932
0.389519
0.105336
0.177005
0.220699
0.204859
0.454175
0.109701
0.377304
0.347992
0.217046
0.383436
0.37007
0.625567
0.438043
0.37007
0.0946576
0.0604297
1.38126e-05
0.000122464
0.520111
0.104449
0.248008
0.130236
0.229744
0.16518
0.37007
0.291715
0.646668
0.646669
0.383436
0.37007
0.197303
0.37007
0.557972
0.415845
0.49617
0.37007
0.419636
0.370071
0.29211
0.300624
0.300624
0.637974
0.57443
0.383436
0.156075
0.370071
6.51845e-08
0.0438077
0.0223604
3.89121e-12
0.438033
0.411925
0.338999
0.258386
0.464929
0.354844
0.258504
0.37007
0.410467
0.566179
0.474992
0.354844
0.908843
0.37007
0.438785
0.0732881
0.391308
0.551414
0.739338
5.02493e-05
0.404794
0.167479
0.37007
0.194703
0.37007
0.204859
0.37007
0.37007
0.177727
0.253506
0.751648
0.15277
0.000158901
0.0571317
0.182442
0.85668
0.182442
0.182442
0.182442
0.182442
0.182442
0.753766
0.535467
0.646669
0.612019
0.37007
0.37007
0.370071
0.37007
0.987095
0.535468
0.39722
0.184261
0.37007
0.477366
0.477366
0.416773
0.104782
0.314994
0.314994
0.253507
0.37007
0.37007
0.370071
0.306129
0.312677
0.391308
0.391307
0.391308
0.37007
0.419635
0.31961
0.0686547
0.31961
0.143201
0.31961
0.10923
0.238469
0.728658
0.00256112
0.37007
0.370071
0.640814
0.215846
0.767619
0.918527
0.719863
0.37007
0.0407107
0.0873443
0.253506
0.49652
0.182442
0.412991
0.241071
0.515825
0.377463
0.37007
0.421471
0.253507
0.37007
0.37007
0.285161
0.813185
0.37007
0.37007
0.253507
0.370431
0.205026
0.37007
0.149735
0.471765
0.0540309
0.92883
0.000344757
0.000996061
0.253506
0.438032
0.292111
0.274912
0.436
0.156076
0.354844
0.354845
0.409751
0.242959
0.524723
0.334412
0.529939
0.49617
0.928362
0.455434
1.3776e-09
0.482963
0.814237
0.273772
0.273772
0.946333
0.37007
0.901239
0.415649
0.147527
0.00360767
0.00107891
0.37007
0.296279
0.227883
0.959174
0.156076
0.208341
0.540947
0.568389
0.982623
0.32767
0.204859
0.377464
0.0588035
0.370069
0.0287093
0.32767
0.308125
0.27257
0.257185
0.285652
0.0680384
0.249676
0.520111
0.37007
0.885944
0.200117
0.122725
0.31961
0.599299
0.347993
0.6561
0.248331
0.24833
0.150508
0.520111
0.156075
0.156075
0.310748
0.310747
0.0017435
8.37728e-07
0.258386
0.326178
0.453605
0.253506
0.524278
0.15188
0.377304
0.204859
0.00035536
0.370071
0.566179
0.225468
0.225468
0.327671
0.4133
0.198096
0.370071
1.41198e-06
0.406047
0.37007
0.532643
0.370071
0.112595
0.294344
0.876845
0.328896
0.542524
0.174193
0.169986
0.108252
0.718204
0.809318
0.370069
0.37007
0.585633
0.37043
0.662327
0.407077
0.253506
0.0276304
4.10241e-07
0.932753
0.370071
0.28358
0.131389
0.78514
0.646669
0.323517
0.182442
0.462876
0.32767
0.566179
0.370071
0.37007
0.204859
0.464929
0.307788
0.310235
0.756785
0.37007
0.0157976
0.0431236
0.296279
0.37007
9.12398e-11
0.00078977
0.568388
0.178912
0.883122
0.294344
0.172532
0.370071
0.0874193
0.0898702
0.383436
0.303045
0.811144
0.000295082
0.324754
0.438043
0.279761
0.111608
0.115851
0.945577
0.0144712
3.42435e-10
0.0216356
0.46493
0.464929
0.328601
0.94005
0.923582
0.000648966
0.208249
0.218338
0.370071
0.000211454
0.0121099
0.206567
0.0352605
0.00237384
0.801051
0.000101242
0.959219
0.00376963
0.464929
0.37007
0.708134
0.124754
0.436
0.9297
0.611646
0.477366
0.708134
0.557972
0.533744
0.591413
0.0651552
0.253506
0.154407
0.864298
0.37007
0.661749
0.454175
0.286055
0.33784
0.49617
0.282907
0.282908
0.572309
0.16748
0.064256
0.0813523
0.0697517
0.25749
0.0246371
0.0140403
0.37007
0.0180745
0.609515
0.489035
0.00315782
0.222395
0.396207
0.147266
0.37007
1.47516e-11
0.928041
0.296279
0.29628
0.0888199
0.443422
0.0222917
0.0325361
0.311262
0.600114
0.37007
0.635004
0.190184
0.00268892
0.447642
0.0257354
0.253506
0.420935
7.63293e-12
0.5799
0.327352
4.09945e-12
0.579903
6.94998e-10
4.18948e-12
0.29211
0.566087
1.89483e-08
0.000711214
0.213662
0.025302
0.421472
0.0697677
0.18426
0.00111469
0.355535
0.669442
0.913525
0.37007
0.24096
0.285101
8.69613e-06
1.6308e-07
0.115385
4.09908e-12
0.280618
0.280618
1.2814e-11
0.612019
0.329877
0.131296
0.421334
0.327353
2.02595e-12
0.614045
0.477365
0.477365
0.37007
0.669597
0.37007
0.852826
0.496521
0.194567
0.370071
0.496521
0.849228
0.312677
0.312677
0.725642
0.312677
0.218202
0.136353
0.109701
0.327671
0.109701
0.109701
0.00882082
0.464929
0.251296
0.377464
0.251296
0.370071
0.960747
0.743138
0.419636
0.308643
0.0605792
0.294344
0.294343
4.51917e-06
0.69378
0.300504
0.300504
0.0501197
0.0617712
0.438044
0.406047
0.000842829
0.241958
0.37007
0.406047
0.406048
0.37007
0.406048
0.406047
0.114774
0.406047
0.365455
0.370071
0.208077
0.236602
0.264295
0.264295
0.37007
0.37007
0.37007
0.37007
0.370071
0.175468
0.152662
0.26409
0.406048
0.278855
0.454174
0.492253
0.831787
0.146528
0.468522
0.78514
0.57343
0.0624245
0.333016
0.253506
0.703698
0.703699
0.253506
0.977594
0.977594
0.76762
0.859652
0.294343
0.37007
0.178977
0.37007
0.0963288
0.37007
0.377464
0.356415
0.106564
0.258386
0.258386
0.258386
0.33618
0.258386
0.1811
0.37007
0.370071
0.370071
0.37007
0.37007
0.37007
0.37007
0.76762
4.83269e-07
0.430897
0.76762
0.419635
0.76762
0.767621
0.76762
0.76762
0.253506
0.864297
0.370071
0.621043
0.37007
0.300505
0.300505
0.370071
0.37007
0.37007
0.37007
0.646669
0.646669
0.697092
0.109701
0.0239794
0.37007
0.252903
0.27976
0.37007
0.852826
0.852825
0.29211
0.267096
0.109451
0.557972
0.279761
0.336715
0.336715
0.37007
0.567124
0.897371
0.447641
0.438043
0.534043
0.534041
0.42012
0.37007
0.730091
0.0799089
0.377304
0.753767
0.285102
2.07193e-09
1.78453e-11
0.270464
0.35452
0.295721
0.285101
0.406088
0.0904949
0.198594
0.253506
0.310172
0.37007
0.249135
0.534043
0.0895837
0.230086
0.37007
0.229787
0.0959208
0.235892
0.234974
0.37007
0.114004
0.227883
0.37007
0.0639819
0.0639819
0.37007
0.37007
0.37007
0.370071
3.62325e-10
0.37007
0.109701
0.28392
0.109701
0.0107404
0.377464
0.211416
3.12927e-06
0.950348
0.37007
8.91268e-07
0.511491
0.708134
0.454175
0.41739
0.753766
0.253506
0.253506
0.253506
0.282908
0.282908
0.178978
0.535467
0.383436
0.312678
0.229744
2.64131e-08
0.236955
0.92804
0.486108
0.236954
0.438033
0.182442
0.182442
0.438033
0.438033
0.726274
0.49652
0.708135
0.232595
0.204859
0.37007
0.177726
0.177726
0.757631
0.370071
0.483246
0.177727
0.0641524
0.662555
0.00918629
0.241855
0.365275
0.5993
0.253506
0.535467
0.767621
0.126525
0.77971
0.37007
0.703702
0.579776
0.208313
0.37007
0.468275
0.699668
0.0430482
0.178977
0.621663
0.253507
0.878596
0.37007
0.204859
0.282907
0.37007
0.811054
0.540949
7.06514e-07
0.253507
0.416773
0.144704
3.93098e-10
0.69378
0.074988
0.646669
0.566179
0.29211
0.931966
0.185509
0.0434388
0.312677
0.18426
0.432439
0.337472
9.01459e-12
0.607261
0.125512
1.05307e-09
0.126525
0.37007
0.477365
0.365367
0.662033
0.662034
0.477366
1.11107e-07
0.00331532
8.23388e-08
5.75686e-06
0.125512
0.353657
6.27285e-10
0.454174
0.281986
0.356096
0.929355
0.000998951
0.00208679
0.790935
7.83085e-06
0.708134
0.31961
0.868921
0.852825
0.0750081
0.197303
0.253506
0.454175
0.410467
0.410467
0.300505
0.204859
0.354844
0.3703
0.145307
0.708133
0.37007
0.156075
0.901493
0.27976
0.396309
0.852825
0.199552
0.124754
0.0515361
0.190509
0.279761
0.431952
0.00823501
0.109701
0.611646
0.456208
0.0799168
0.311154
0.0461896
0.0794513
0.0833356
0.241161
0.420327
0.370071
0.312676
0.937808
0.447641
0.38952
0.380203
0.292109
0.109701
0.183006
9.87872e-13
0.415649
3.37316e-10
0.540948
0.849546
0.0334107
0.438044
0.312677
0.37007
0.406089
0.204859
0.323517
0.312677
0.312677
0.224077
0.182442
0.107607
0.136025
0.37007
0.100129
0.204859
2.31525e-12
0.37007
0.029859
5.26377e-12
0.37007
0.182442
0.591929
0.708048
0.93429
0.415844
6.33736e-12
0.406089
0.852824
0.119073
6.09104e-10
0.548538
4.22062e-07
0.646669
0.312677
0.080548
0.524723
2.04669e-11
0.876453
0.141117
0.471765
0.37007
0.100341
0.646669
0.337839
0.246548
0.406089
0.0332413
0.852824
0.18426
0.483246
0.903882
0.37007
1.50231e-10
0.37007
0.06508
0.286712
0.37007
0.37007
0.37007
0.156075
0.0231961
0.0165358
0.406047
0.659637
0.49631
0.0431012
0.354844
0.242961
0.656056
0.219696
0.37007
0.154212
0.154211
0.370071
0.341716
0.92142
0.921423
0.921424
0.415649
0.37007
0.447642
0.000137423
0.000136162
0.116482
0.413199
0.37007
0.29628
7.58731e-13
0.0110279
0.561808
0.0527796
0.171251
0.171251
2.08144e-10
0.235892
0.177389
0.370071
0.37007
0.464929
0.0166596
0.178978
0.464929
0.49617
7.93653e-06
0.253506
4.09966e-12
0.0451662
0.197303
0.226327
0.253506
0.124754
0.228846
0.0623835
0.296279
2.4441e-12
0.0547669
0.377304
0.296279
0.0596236
0.377464
0.178977
0.120412
2.44488e-12
0.37007
0.383436
0.852825
0.292109
0.122608
0.316825
0.852825
0.312677
0.37007
2.79536e-12
0.229529
0.37007
0.300624
0.37007
0.370071
0.508451
0.431952
0.253507
0.49617
0.483717
0.15814
0.278918
0.554757
0.474703
0.323854
0.323854
0.377464
0.176069
0.852825
0.852825
0.37007
0.312677
0.109701
0.669598
0.087151
0.23554
0.18426
0.669597
0.708133
2.44473e-12
0.0851906
0.397399
0.77478
0.870738
0.279761
0.370071
0.646263
0.167479
0.438032
0.300504
0.29211
0.205101
0.253506
0.315476
0.447642
4.09894e-12
0.0837316
0.196458
0.447642
0.124754
0.120412
0.254801
0.535467
0.708133
0.285102
0.156075
8.50693e-12
0.37007
0.37007
0.253506
0.37007
0.406089
0.323517
0.114478
0.191532
0.246548
0.285101
0.109701
0.197303
0.825641
0.000424395
0.483246
0.483246
0.280618
0.112595
0.00975133
0.253507
0.264551
0.447642
1.09742e-12
0.101631
8.51572e-09
0.477366
1.55147e-11
0.608789
0.0103459
0.000223274
4.08046e-09
0.415649
0.125512
2.84033e-09
0.279761
0.37007
0.0768752
2.49385e-10
8.65539e-13
0.182442
0.566179
0.285102
0.285102
0.46493
0.46493
0.37007
0.421209
3.01573e-08
0.891187
0.82889
0.646669
0.215703
0.280618
0.0486226
0.291716
0.337838
0.792631
0.37007
0.433591
0.175468
0.596709
0.32136
0.109701
0.279761
0.438033
0.125565
0.852825
0.312677
0.405674
0.70484
0.465947
0.109701
0.496521
0.0396072
0.125512
0.312677
0.37007
0.37007
0.815177
0.37007
2.03069e-12
2.44498e-12
0.410466
0.181317
0.0114941
0.438043
3.11009e-08
2.97252e-06
0.00137489
0.392188
0.858546
0.228146
0.441508
0.417257
0.946212
0.312677
0.969479
0.904963
0.297633
0.3725
0.421473
0.455434
0.623188
0.400174
0.135491
0.08514
0.572309
0.124754
0.49617
0.156075
0.204859
0.695325
0.37007
0.316825
0.197303
0.447642
0.4132
0.337839
0.370071
0.0490492
0.49617
0.37007
0.0350531
0.438043
0.376878
0.410467
0.316825
0.37007
0.609739
0.891292
0.226151
0.0897195
0.020682
0.131797
0.211875
0.221809
0.436
0.231219
3.55721e-10
1.14184e-05
0.37007
0.542524
0.151811
0.204319
0.145949
0.0410713
0.122055
0.0669702
0.0373171
0.0618769
0.0832266
0.778205
0.274912
0.0830122
0.147209
0.406089
1.66394e-07
0.49617
0.496169
0.136713
0.00322808
0.429261
0.621113
0.0153782
0.984151
0.0804617
0.140587
0.312676
0.296522
0.0601425
0.125512
0.56362
0.280618
2.44466e-12
0.0683626
0.283919
0.411387
1.23067e-12
0.0977175
0.167942
0.477354
5.29945e-12
0.109702
0.438033
0.37007
0.00498803
0.370071
0.100296
0.37007
0.0454137
0.0196152
0.0103486
0.0140631
0.126525
0.204859
0.0364682
4.00511e-05
0.765073
0.520111
0.323518
0.525204
0.183006
0.0728676
0.354843
0.0760836
0.37007
0.37007
0.370069
0.37007
0.542526
0.464929
0.134205
0.370061
0.591249
0.126525
0.833521
0.134428
0.421681
0.55295
2.41424e-05
0.876436
0.37007
0.370071
0.815177
0.557972
0.931806
0.534043
0.534043
4.47446e-05
0.105013
0.28392
0.126525
0.0550762
0.455434
0.417257
0.109702
0.568388
0.145234
0.37007
0.540949
0.179721
0.156075
0.300624
0.270681
0.37007
0.37007
0.370069
0.679732
0.329045
0.566179
3.02062e-11
0.753767
0.370071
0.753767
2.44484e-12
0.339
0.00133803
0.308643
0.253506
0.96208
0.231898
0.132778
0.37007
0.37007
0.274912
3.31777e-05
0.264195
0.417257
0.32767
0.327672
0.327671
0.0779753
0.261503
1.77331e-09
0.126525
0.280618
0.000340968
0.177908
0.327671
0.296279
0.296279
0.753767
0.00440228
0.0258315
0.109702
0.125947
0.0244999
0.542525
0.128569
0.438033
0.0526074
0.0595381
0.776203
0.396207
0.37007
0.37007
0.338999
0.274912
0.566179
2.44486e-12
0.37007
2.44507e-12
0.0286449
0.37007
0.37007
0.37007
0.0321875
3.06483e-08
0.405675
0.109701
0.181539
9.5512e-06
0.011336
0.149497
0.149497
0.0146467
0.66483
0.913044
0.753767
0.37007
0.619082
0.0445273
0.0161838
0.71622
0.0492097
0.438033
0.524723
0.275702
0.524723
0.120412
0.370071
0.00069861
0.37007
0.0302341
0.101169
0.0303222
0.204859
0.37007
0.201636
0.37007
0.0657955
0.207917
0.038434
0.294344
0.729492
0.894494
0.000102608
0.0961116
0.37007
0.605772
0.520111
0.455434
0.455434
0.922316
0.520112
0.00480076
1.55449e-10
0.477366
0.477366
0.258386
0.258386
0.749271
0.0451542
0.864297
0.820031
0.715725
0.253506
0.770874
0.857098
0.447641
0.509075
0.447641
0.168265
0.16314
0.932525
0.0267433
0.0252634
0.253506
0.0941714
0.701474
0.91145
0.258386
0.258387
0.782532
0.794482
0.1586
0.0978267
0.208312
0.00145401
0.0181228
0.00142986
0.967359
0.657629
0.244026
0.244026
0.221809
0.0175526
8.35431e-07
1.27664e-09
0.37007
0.00288035
0.00201968
0.000209747
0.37007
0.178992
0.191095
0.230013
2.3238e-05
0.140271
0.377304
0.370071
0.0880037
0.108834
0.167944
0.291716
0.484696
0.156075
0.225329
5.28958e-10
0.147523
0.160416
0.234997
0.139251
0.308873
0.253506
0.496309
0.496309
0.496309
0.49631
0.962226
0.370071
0.0478247
0.281643
0.76762
2.15535e-06
1.35642e-06
0.134923
0.0469202
0.238469
0.464929
0.464929
0.185322
7.44704e-05
0.144843
0.000277549
2.812e-05
0.0153372
9.93577e-05
0.464929
0.0447833
0.0123051
0.374535
0.803751
0.327671
0.803751
0.0744056
0.37007
2.94589e-05
3.60803e-05
0.24107
2.4514e-06
0.105681
0.180965
0.827894
0.00540233
0.000105739
0.0594965
0.258386
0.0213056
4.66872e-11
0.753767
1.06634e-05
0.0017083
0.580013
0.0596841
0.45474
0.00164128
0.00404428
0.000787911
0.00174262
0.000557485
0.902407
0.127085
0.421473
0.0114348
0.0557826
3.89284e-05
0.258246
0.226327
0.0657535
0.0200189
0.0989382
0.204906
0.0440664
0.0470281
0.0850292
0.648225
0.364471
0.364471
0.277943
0.520548
0.795273
0.480121
0.41739
0.115646
0.310155
0.295129
0.405674
0.44082
0.300801
0.307583
0.0526744
0.143491
0.24181
0.00637198
0.438033
0.438032
0.477366
0.00958781
0.0487943
4.63799e-08
2.04667e-10
3.54278e-10
0.156815
0.172532
0.203266
4.5517e-07
3.31322e-06
0.000504976
0.0288423
0.00128538
0.0139939
0.127868
0.0353283
0.732182
0.126525
0.37007
0.321977
0.762374
0.531785
0.413301
0.413302
0.370071
0.13784
0.0888331
0.264397
0.391308
0.391307
0.49652
0.106376
0.49652
0.49652
0.383436
0.383436
0.0428834
0.156075
0.156075
0.404794
0.404794
0.0571937
0.37007
0.535467
0.351481
0.217826
0.253506
0.253507
4.3616e-10
6.83657e-11
8.17252e-08
9.06194e-06
0.00141798
0.933137
0.611682
0.378711
0.081692
0.337839
0.258386
1.60545e-06
5.42833e-06
0.845475
1.93231e-06
0.416773
0.421473
4.51796e-11
0.103141
3.89293e-11
0.37007
0.286712
7.22856e-07
0.126524
9.03164e-07
0.125512
0.000393029
0.16748
0.000393027
0.37007
0.109701
0.000249466
0.436
0.000249463
0.000249462
0.370072
0.000393024
0.000758342
0.59374
0.182441
0.351907
0.000758331
0.300504
0.119704
0.37007
0.783879
0.126525
0.534043
0.0406824
0.477366
0.000393026
0.00075834
0.351907
0.337839
0.109702
0.000758333
0.0027562
0.167942
0.976231
0.126524
0.000305598
0.669598
0.126525
0.300504
0.415649
0.37007
0.345454
0.00168549
0.57231
0.37007
0.279761
0.0392968
0.000623044
0.0016855
0.126524
0.839526
0.285101
0.220895
0.109517
0.126524
0.447642
0.178883
0.253506
0.167479
0.354844
0.00253012
0.00192543
0.49617
0.316201
0.3162
0.109701
0.316199
0.3162
0.00451827
0.000623043
0.37007
0.415649
0.3162
0.458958
0.93952
0.3162
0.435318
0.542526
0.37007
0.49617
0.540948
0.0689524
0.0655338
0.29211
0.308459
0.370071
0.37007
0.402606
0.178977
0.126525
0.461868
0.29211
0.307583
0.377463
0.0709505
0.370071
0.566178
0.000756195
0.37007
0.37007
0.902437
0.37007
0.471765
0.37007
0.314994
8.12164e-07
0.282907
0.27597
0.036943
0.00285794
0.37007
0.455434
0.177727
0.00219859
0.126525
0.419636
0.354844
0.000112629
0.0633548
0.321975
2.4453e-12
0.258386
0.253506
0.00919253
0.235321
0.37007
0.926249
0.533905
0.109701
0.253506
0.000131147
0.253507
0.294343
0.531934
0.646669
0.59524
0.00420429
0.68341
0.0400669
0.468143
0.00250282
1.82041e-09
0.455433
0.454175
0.646669
0.308643
0.419636
0.282908
0.496309
0.00584948
0.308643
0.163723
0.483246
0.33784
0.0053336
0.455433
0.00229062
0.37007
0.218338
0.253507
4.00485e-12
0.29211
0.00533358
0.461057
0.177726
4.00478e-12
0.425
0.253506
0.00642479
0.00321862
0.533905
0.00545016
2.44498e-12
0.886254
0.000934472
0.533905
0.167479
0.612017
0.000872944
0.0352185
0.0900079
0.00260123
0.00260123
0.253506
0.611646
0.300624
0.881609
0.37007
0.000872947
0.447641
0.218338
0.71737
0.886255
0.37007
0.886255
0.274912
0.354844
0.126525
0.977955
0.886255
4.00588e-12
0.0018173
0.000872946
3.40253e-09
0.886255
1.13105e-09
0.280618
0.71737
1.44873e-09
0.370071
0.717371
0.106564
0.00181732
0.00126231
0.132549
4.00535e-12
0.109702
2.44502e-12
0.109701
0.405675
0.285102
3.40263e-09
3.4027e-09
4.00592e-12
0.125512
0.234098
0.281037
0.886255
0.447641
0.000636837
0.300505
0.00063684
0.41739
2.26231e-09
0.613446
4.00506e-12
0.886253
0.281037
0.000636839
0.886255
0.252135
0.995592
0.717371
0.37007
0.592659
0.323518
0.37007
2.26211e-09
0.370071
0.717371
0.370071
0.00137084
0.803687
1.10644e-09
0.327671
1.13089e-09
1.10635e-09
0.234098
0.875999
0.253507
0.109701
0.281037
0.542526
0.71737
0.717369
0.16748
0.300625
0.0539906
0.167479
0.307583
6.88783e-05
6.88783e-05
0.377465
0.0265063
0.917691
0.377464
0.354845
3.458e-05
0.019615
0.712282
0.839526
0.052487
0.531934
0.845017
0.408771
0.272478
0.167479
2.44502e-12
0.864298
5.23442e-05
5.23448e-05
0.312677
0.383436
4.53086e-10
0.370071
0.281037
0.774781
0.163997
0.435318
0.483246
0.483246
0.49617
0.37007
1.4145e-12
0.126525
0.000399268
1.41553e-12
1.41446e-12
0.477366
0.197303
1.41429e-12
0.37007
0.37007
0.37007
0.294344
0.37007
0.253506
3.99054e-07
0.296279
4.19047e-09
0.566179
0.717371
1.41442e-12
1.49707e-10
0.338217
0.253506
0.370071
2.45353e-12
1.41444e-12
1.41459e-12
0.417257
1.41455e-12
0.280618
0.281037
0.908812
0.471765
0.839527
0.126525
2.45129e-10
2.44489e-12
0.613445
0.454176
2.44493e-12
2.44495e-12
0.229744
0.71737
0.37007
0.294344
2.44464e-12
2.44485e-12
0.477366
0.413301
0.182442
0.21473
4.76385e-10
0.37007
0.37007
2.44516e-12
0.689806
0.37007
0.22387
0.18426
0.0895049
0.0230407
0.0237065
0.00102071
0.025488
0.159833
0.37007
0.37007
4.66941e-12
4.66975e-12
0.37007
0.0579886
0.447642
0.241498
0.518079
0.241161
0.0175961
0.37007
0.0135143
0.412041
0.144385
0.133864
0.152746
0.839527
2.4449e-12
0.717371
0.37007
0.325954
0.620783
0.321446
0.218338
0.688984
0.000203923
0.16748
0.717371
0.0144808
0.717371
2.44507e-12
2.44515e-12
2.45191e-10
0.000429902
0.839527
0.717371
0.281037
0.977954
0.727279
0.5993
0.71737
0.37007
0.37007
0.477365
0.37007
2.44497e-12
0.109701
0.37007
0.37007
0.0971011
1.65654e-10
2.44504e-12
0.000622376
2.44471e-12
0.000429898
0.531933
0.0326465
0.572309
0.297632
0.334198
0.839527
0.778203
0.354844
2.44497e-12
0.37007
0.167479
2.44477e-12
6.83596e-07
0.37007
0.413547
0.16748
2.44463e-12
0.71737
0.253506
2.44331e-12
2.44517e-12
0.839527
0.839527
0.417258
0.391308
0.000469048
1.03649e-07
0.881609
0.413301
0.00864283
0.00589765
0.125512
0.011518
0.669959
0.949491
0.286712
0.00116223
0.254459
0.37007
0.286713
0.00376383
0.792352
0.236955
0.438032
0.286713
0.200097
0.125085
0.253506
0.376465
0.291716
0.29211
0.53263
0.744213
0.308644
0.423516
0.253506
0.887343
0.20161
0.566178
0.208453
0.313859
0.146007
0.0667579
0.542442
0.603788
0.612019
0.258246
0.253506
0.977412
0.483196
0.281037
0.281037
0.112638
0.240663
0.37007
2.88896e-05
0.442235
0.167479
0.253506
0.613446
0.334198
0.238469
2.44473e-12
0.18426
0.156076
0.218338
0.258386
0.612019
0.717371
9.25896e-12
0.839527
0.534043
0.206166
9.74227e-06
0.76762
0.246548
0.646132
0.37007
0.839527
0.258386
0.37007
0.0728678
0.197688
0.688983
0.688983
0.0002484
0.197303
0.839527
0.37007
0.253836
0.253506
0.37007
0.774343
0.967434
0.168956
0.291716
6.18517e-12
0.448066
0.37007
0.16748
0.260497
0.356886
0.897851
0.407099
0.71737
0.897852
0.415649
0.612019
0.246548
0.156075
0.172532
0.415648
0.312677
0.71737
0.37007
0.37007
0.646669
0.0727716
0.413301
2.76966e-12
0.408771
0.370071
0.436105
2.03565e-09
0.455433
0.0129729
0.193111
0.28392
2.44458e-12
0.415845
0.197304
0.272478
0.000363282
0.566179
0.182442
0.37007
0.839527
0.227883
0.599299
0.37007
0.37007
3.64872e-11
0.33784
0.126525
0.717371
0.417389
0.431952
0.496521
0.46184
0.477366
0.37007
5.33507e-12
0.37007
0.241071
0.125513
0.417257
0.37007
0.37007
0.410467
0.16748
0.646669
0.410467
0.410467
0.296279
0.321974
0.000253668
0.0743281
0.447642
0.402606
0.613445
0.49617
0.253507
0.881608
0.229316
0.338999
0.881607
0.109701
0.5993
0.26802
0.327671
0.438043
0.572309
2.44476e-12
2.44514e-12
0.524722
0.708134
0.496309
0.403272
0.547875
0.410466
0.104899
0.354844
2.44499e-12
0.406089
0.268019
0.0053825
0.0558196
0.244025
0.599299
0.752525
0.675661
0.253506
0.286712
0.717371
0.49617
2.67206e-11
0.253507
0.167479
0.37007
0.118035
5.4037e-05
0.0719084
0.291716
0.282907
2.44514e-12
0.167479
0.881608
0.16748
0.00197862
0.49617
2.44476e-12
0.785139
0.16748
0.455433
0.576328
0.455433
0.37007
0.0443135
0.59524
0.280618
0.193111
2.44474e-12
0.520111
0.717369
2.44467e-12
2.44496e-12
0.354844
0.16748
2.44461e-12
0.839526
0.0993004
0.104899
0.839527
0.388145
2.44523e-12
2.44496e-12
0.16748
0.112454
0.598304
0.167479
0.839527
5.68683e-12
5.68669e-12
0.572309
0.169986
0.31961
0.26802
0.16748
0.167479
0.267812
0.16748
2.44495e-12
0.312677
0.37007
0.415649
0.253506
2.44531e-12
0.18426
0.106564
0.717371
0.16748
0.216733
0.37007
0.333295
2.44525e-12
2.44503e-12
0.253506
0.483247
0.126525
0.113761
0.717371
2.44498e-12
0.0405628
0.37007
0.37007
2.44464e-12
2.44553e-12
0.417791
0.000110535
0.182442
0.37007
0.16748
0.37007
0.268019
0.950647
0.37007
0.37007
0.447641
2.4446e-12
2.67211e-11
0.557972
0.8547
0.661877
0.752523
2.67192e-11
0.16748
0.125513
0.253507
0.26802
0.752523
0.166656
0.139701
2.44462e-12
0.40877
0.37007
0.281037
0.865228
2.44529e-12
0.18715
0.61202
0.280618
0.717371
2.44536e-12
2.44493e-12
0.533904
0.776177
0.646668
0.167479
0.0392969
5.00324e-12
0.253506
0.300624
0.438042
0.167479
0.167479
0.49652
0.339
0.339
0.370071
0.542525
0.37007
0.109701
1.48092e-10
0.612858
0.167479
0.178977
0.227883
0.294343
0.296279
0.566179
0.395704
0.37007
0.402606
0.377304
0.669597
0.37007
0.321974
0.402606
0.44764
0.37007
0.37007
0.294343
0.370069
2.34336e-11
0.26802
0.496309
0.447642
0.22387
1.41453e-12
0.37007
0.483246
0.37007
0.125512
0.477366
0.708134
0.370071
0.167479
0.16748
0.31961
2.44455e-12
0.258386
2.4446e-12
0.738707
0.752524
0.383436
0.36559
0.044236
0.312678
0.316826
0.37007
0.455434
0.37007
2.44456e-12
0.0405627
0.253506
0.354844
0.46184
0.71737
0.16748
0.370071
0.534043
0.321915
0.37007
0.572309
0.285101
0.274912
0.37007
0.524723
0.37007
0.37007
0.274912
3.32369e-09
4.53554e-08
2.51708e-08
0.115846
0.251518
0.406048
0.37007
0.00998873
0.0724891
0.308643
0.0851672
0.0123975
0.18062
2.79248e-12
0.674959
0.193111
0.71737
0.566179
0.752524
0.761967
2.85504e-05
0.37007
0.124754
0.753767
5.00296e-12
0.410466
2.44485e-12
2.44447e-12
0.447643
0.16748
0.167479
0.167479
5.00363e-12
2.44483e-12
0.939521
2.44476e-12
0.377464
0.965059
0.839527
0.408646
0.767226
0.185717
0.717371
0.312677
0.239822
0.455434
0.520112
0.06641
2.86639e-10
0.229742
1.85356e-12
0.37007
0.965059
7.32747e-09
0.31961
7.43505e-12
0.00058953
0.404795
0.16748
0.31573
0.496521
0.534043
0.370071
0.272478
0.524723
0.37007
0.717371
0.258387
0.272478
0.272478
0.14913
0.37007
0.272477
0.109701
2.20454e-11
5.00316e-12
0.312676
0.156075
0.72148
0.208313
0.17511
0.772048
0.37007
0.531934
0.454175
0.323518
0.37007
0.764165
0.37007
0.37007
0.133691
0.279761
0.992994
0.992993
0.413301
0.370071
0.992993
0.542525
0.992993
0.992994
0.37007
0.370071
0.226839
0.992994
0.370071
0.992994
0.370069
0.285101
0.261266
0.406089
0.37007
0.646668
0.261266
0.33784
0.032784
0.839527
0.323518
0.37007
0.28392
0.398604
1.30252e-05
0.116788
9.60517e-07
0.253506
0.63612
0.37007
0.0390635
0.543151
0.16748
0.788585
3.59386e-05
0.383437
2.44518e-12
0.37007
0.337839
0.59524
2.4451e-12
0.572309
0.76762
6.44465e-05
0.00408768
0.307583
7.70057e-12
0.234734
0.450085
2.44471e-12
0.0325819
0.429198
0.428465
2.80898e-11
0.285102
0.0371866
0.000261781
0.759403
0.354843
0.37007
0.258386
0.542526
0.370071
0.0371867
0.336921
0.37007
1.34073e-07
0.37007
0.739645
2.44514e-12
0.708133
1.15948e-07
0.455434
0.695523
0.37007
0.402606
0.0413745
1.15946e-07
2.44483e-12
8.05345e-08
2.44459e-12
0.506251
0.217024
0.321975
0.0372214
0.59524
0.59524
0.18695
0.024964
0.24107
0.406048
0.133691
0.253506
0.447641
0.37007
1.25838e-09
5.14232e-05
0.0371867
0.281037
8.05438e-08
2.44476e-12
0.477366
0.0247099
0.0371863
8.54085e-05
0.370071
0.599299
8.54086e-05
0.0371865
8.05384e-08
0.253506
8.05366e-08
0.0371866
0.406047
0.312677
0.37007
3.87375e-05
0.40877
0.455434
7.94865e-10
0.464097
5.44471e-09
0.211056
0.227883
0.37007
0.177727
0.37007
0.568388
0.37007
0.483246
0.447641
0.568389
0.370071
0.174465
0.354844
0.37007
0.24296
0.258292
0.37007
0.37007
0.104956
3.89379e-05
5.52976e-05
8.51825e-05
0.00111161
0.0300344
0.0179343
0.174048
0.566179
0.402605
0.181882
0.455433
0.00230932
0.159833
0.00616741
2.44551e-12
0.646133
0.416773
2.44499e-12
0.003547
0.241065
0.165383
0.37043
2.44523e-12
0.669242
0.37007
0.000211123
5.50718e-08
0.000312464
0.622749
0.0833352
0.354844
0.00354703
0.296279
0.599299
0.37007
0.496171
0.281037
0.291716
0.566179
0.261266
0.308643
0.454175
0.40877
0.323518
0.323518
0.37007
0.669597
2.44539e-12
0.380639
0.253506
2.44469e-12
2.44495e-12
0.00161961
0.000791753
0.294343
0.699004
9.23579e-08
2.44426e-12
0.370071
0.37007
0.431952
0.669597
2.44425e-12
0.370071
0.253506
0.370071
2.44532e-12
0.246548
2.44539e-12
2.44408e-12
0.109701
0.370071
0.00342441
2.44479e-12
0.37007
0.000312458
0.377464
3.738e-05
0.532013
0.00229096
2.44506e-12
0.131641
0.253507
2.44467e-12
0.611646
0.182442
0.404794
0.660568
2.44503e-12
0.708134
2.44408e-12
2.44504e-12
2.44491e-12
0.0362637
0.00740889
0.300505
0.669243
0.321975
0.566179
0.000168083
0.000168084
1.54634e-06
9.73842e-07
1.30015e-06
9.73859e-07
2.98318e-11
2.44497e-12
0.417389
9.73844e-07
0.612019
1.30016e-06
0.00526133
2.44528e-12
0.0374041
0.000211122
0.16748
0.000131534
0.37007
0.253506
0.227883
0.61202
0.000211121
0.612019
0.279761
2.44471e-12
0.59524
0.49631
0.37007
0.359631
0.31961
0.750384
0.294344
0.0710796
1.00329e-07
0.323518
0.455434
0.197303
1.41432e-12
1.41447e-12
0.000141916
0.572309
0.00910642
4.68063e-09
0.321769
0.244025
0.144786
0.323518
0.37007
0.37007
0.338999
0.37007
0.417257
0.990507
0.308643
0.37007
0.708133
0.611646
0.417257
0.417257
0.125512
0.61202
0.557972
3.934e-08
0.125512
0.287629
1.73915e-11
0.377304
1.03133e-11
0.37007
0.28392
0.27597
0.0074087
0.000141926
0.431951
1.0314e-11
0.133159
0.280618
5.29913e-08
0.253506
1.7311e-11
1.73083e-11
0.307583
0.48462
0.286779
0.261266
0.750382
0.534043
0.308643
0.16748
0.294344
0.000659622
0.438043
0.438044
0.391308
0.294343
0.738707
0.0119001
0.739645
0.612019
0.0326491
0.253506
2.44489e-12
0.0570346
0.496309
0.300624
0.542525
2.4458e-12
0.000156997
2.44506e-12
0.496169
0.253506
0.37007
0.37007
0.739646
0.296396
0.455434
0.181027
0.57231
0.930575
3.94959e-07
0.613445
4.36585e-08
0.124943
0.37007
0.524722
0.161267
0.542525
0.464929
0.24296
0.316825
0.1551
0.680124
2.50078e-06
6.60748e-07
0.496309
0.227883
0.533905
6.60748e-07
0.253506
0.29211
0.253506
0.698622
0.646133
0.253506
0.162917
0.162917
0.417257
0.946503
0.37007
0.37007
0.167479
2.44481e-12
0.37007
0.281037
0.274912
0.109701
2.44552e-12
2.62927e-06
2.44556e-12
4.4232e-08
0.253506
0.61202
0.59524
0.274912
2.6293e-06
0.00324703
0.159833
0.37007
0.431952
2.44505e-12
2.44519e-12
0.666719
0.354844
0.286779
2.44543e-12
2.44496e-12
0.454174
0.370071
0.37007
0.377464
6.95191e-10
0.182442
0.566179
0.57231
2.44475e-12
0.37007
0.37007
2.44502e-12
0.124754
0.540948
0.37007
0.370069
0.28678
0.669597
0.184971
0.542525
0.37007
0.37007
2.44493e-12
2.44583e-12
2.44509e-12
0.646769
2.4448e-12
0.455434
0.258291
2.3449e-06
0.253506
2.44488e-12
0.612019
0.612019
2.44491e-12
0.520112
0.391308
7.44428e-07
1.09202e-07
2.4445e-12
6.38807e-08
6.38828e-08
0.294343
2.44492e-12
2.4443e-12
0.37007
0.37007
7.44444e-07
0.612019
0.225875
9.87811e-07
0.455434
0.455433
0.286779
1.7665e-08
0.37007
0.37007
0.37007
0.253506
0.217026
0.66678
0.359775
0.217025
0.899125
0.521381
0.159389
0.404794
0.0653585
0.354844
4.80843e-10
0.156075
0.568389
0.383436
2.51934e-11
0.383436
0.217025
0.789293
0.217026
0.13414
1.76652e-08
1.51756e-06
0.217025
1.51755e-06
0.669596
0.37007
0.37007
0.59524
0.312676
8.23564e-08
0.417257
0.417257
0.483246
0.238515
0.611646
0.37007
0.370071
0.416773
0.370431
0.0445471
0.308644
0.129218
0.011215
0.454175
0.307583
0.483246
0.540948
0.296279
0.184261
0.286712
0.312677
0.753766
0.753767
0.0292319
0.06974
0.241071
0.29211
0.406048
0.228249
0.708132
0.37007
0.37007
0.752403
0.29211
0.37007
0.00822858
0.37007
0.37007
0.281037
0.00178699
0.217025
0.37007
0.455434
0.177726
0.217025
0.277992
7.11038e-09
0.0327303
0.370071
0.217026
3.83473e-06
0.217025
0.572308
0.210922
7.34332e-25
1.52165e-06
0.684294
0.308644
0.253506
0.378738
0.370071
0.684294
4.32956e-06
0.753767
2.60143e-06
0.37007
2.60145e-06
2.60144e-06
0.684295
4.42128e-08
1.95723e-08
5.7585e-08
0.931965
0.0295107
0.406048
3.22082e-07
0.0741612
0.568389
0.406089
0.37007
0.613445
0.253506
3.12733e-09
0.37007
2.17198e-07
0.37007
0.878058
2.17197e-07
0.612019
2.17196e-07
0.253506
2.44479e-12
0.253506
0.217026
9.10502e-08
0.283921
0.370071
0.447641
6.19842e-08
0.00180063
0.109701
0.174011
1.19902e-07
2.85239e-06
2.44527e-12
0.145199
0.32767
0.138477
4.00136e-08
0.431952
4.56553e-12
0.189399
0.00942369
0.611645
0.611646
0.611646
0.37007
0.14776
0.000176936
0.383436
0.20832
0.233923
0.568388
0.410467
4.56547e-12
2.44489e-12
0.177726
0.746303
0.12327
0.228846
0.156331
0.37007
0.540949
0.253506
0.073732
0.204859
0.0541257
0.778186
0.37007
0.105292
0.286712
0.542525
0.323518
0.613445
0.478781
0.570667
0.566179
0.438044
0.455434
1.3112e-08
0.164885
0.447641
0.876438
0.37007
2.17188e-07
0.896636
0.612019
0.612018
0.753767
0.218338
0.37007
0.125512
0.37007
0.454175
0.37007
0.253506
0.878504
0.37007
0.557971
0.16465
0.417389
0.218338
0.107465
0.218338
0.37007
0.218338
0.612019
0.417257
0.113047
0.417257
0.312676
0.177726
0.646668
0.531934
0.438043
0.253506
0.37007
0.37007
0.417389
0.37007
0.37007
0.296279
4.975e-07
0.684295
0.37007
0.17401
0.314994
0.566178
0.410467
6.1983e-08
0.258387
0.337839
0.41739
0.253506
0.585546
0.300504
0.646669
0.708133
0.253506
0.612019
0.524723
0.217025
0.253506
2.44519e-12
0.37007
2.44495e-12
0.370071
0.612019
0.410467
1.41349e-10
6.19851e-08
0.312677
0.253506
0.417389
0.612019
0.612019
0.217026
0.878505
2.44494e-12
2.44419e-12
2.4445e-12
0.280618
2.44479e-12
2.44477e-12
2.44455e-12
2.44487e-12
2.44545e-12
4.56506e-12
2.44529e-12
2.445e-12
2.44483e-12
0.612019
0.455434
0.520111
2.44541e-12
0.612019
0.37007
2.44485e-12
0.37007
0.37007
2.44489e-12
0.684294
0.561016
0.76762
0.612019
0.455432
0.415649
0.37007
0.241071
0.253506
0.37007
0.294343
0.417257
0.37007
0.535468
0.294344
0.76762
0.280618
0.16748
0.177727
0.300504
0.000111824
0.0245778
0.953462
0.928041
0.928042
0.291712
2.77458e-07
0.61202
0.612019
0.253506
0.307583
0.49617
0.120412
0.37007
0.0734615
2.30549e-12
0.109702
0.543152
0.37007
2.44412e-12
0.613445
2.44526e-12
2.44522e-12
0.612019
0.327671
0.0229168
0.000108769
0.415649
0.595239
0.672776
0.978125
0.370071
0.684294
0.612019
0.259352
0.37007
0.37007
0.0799525
0.217024
0.370071
0.37007
0.37007
0.61202
0.200312
0.0539382
0.612019
0.417257
0.995359
0.612019
0.684296
0.612019
0.612019
2.44471e-12
0.291716
0.37007
0.612019
0.370071
0.684294
0.37007
2.44555e-12
0.37007
0.612019
0.18426
0.447643
0.354844
0.286713
0.241071
0.612019
0.300624
1.05213e-12
0.37007
0.259352
0.37007
0.229744
0.684295
0.280618
0.16253
0.684294
0.224052
0.646669
0.300504
2.44505e-12
2.445e-12
0.612019
2.44512e-12
0.61202
0.37007
0.217025
0.120412
0.684294
0.37007
0.0395307
2.4453e-12
2.44508e-12
0.37007
0.37007
0.37007
0.431951
0.684295
0.204859
0.483246
0.37007
0.253506
0.646668
0.37007
0.417257
0.253507
0.477365
0.253506
0.253506
0.253506
0.253506
0.253506
4.52797e-08
0.37007
0.37007
0.534043
0.149927
0.43587
0.354844
0.93195
0.415845
0.354844
0.93147
0.415845
0.354844
0.415845
0.354844
0.415845
0.000977552
0.0203475
0.119227
0.415845
0.61202
0.280618
0.370071
0.37007
0.238699
0.318632
0.585546
0.318631
0.253506
0.406089
0.253506
9.00334e-08
0.658434
0.416773
1.50901e-05
3.11188e-12
0.618511
0.300624
0.901945
0.24296
0.31961
0.323518
0.175955
0.11149
0.37007
0.167942
0.318631
0.253506
0.210921
0.182275
0.261265
0.611646
0.253506
0.217026
0.37007
2.4441e-12
0.542525
0.524723
0.410467
0.28392
0.321975
0.455434
0.204859
0.318631
0.477366
0.49617
0.49617
0.178977
0.66672
0.684295
0.37007
2.44584e-12
0.37007
0.415147
2.44506e-12
0.160322
0.217025
0.214615
0.37007
0.0240333
0.455434
2.44479e-12
0.253506
0.37043
0.37007
0.259352
9.98721e-12
0.37007
0.300505
0.557972
0.109702
0.296279
0.217025
0.987502
0.321975
1.9288e-10
0.37007
0.402606
0.253506
2.27973e-05
2.45486e-05
1.11011e-11
0.939959
0.37007
0.761966
0.708133
1.11017e-11
1.11035e-11
0.612019
0.761967
0.217025
1.11022e-11
0.172533
0.316825
0.300504
0.332805
0.231783
0.167491
0.0375697
0.334638
1.11013e-11
0.61202
0.37007
1.24521e-07
0.217025
0.572309
0.837644
0.939959
9.20107e-08
0.823446
0.257732
0.300504
0.236955
0.370071
0.167942
0.939959
0.300504
0.281037
0.37007
0.939959
1.11031e-11
0.285102
0.253506
0.109701
0.93996
0.229744
0.258386
0.524723
0.253507
0.0741612
0.463678
2.1733e-07
0.308643
0.93996
0.000923093
0.93996
0.438043
0.568389
0.18426
0.172533
0.18426
0.761967
0.613445
4.23541e-10
0.15238
0.00387488
0.415649
0.27597
0.436
0.599299
0.40609
0.370069
0.438043
0.370071
0.572309
0.37007
0.383436
0.272558
0.300624
0.327671
0.285101
4.68843e-10
0.000340537
0.455433
0.939959
3.24286e-07
0.455433
0.684294
0.37007
0.708134
0.241626
0.761967
0.684294
0.172532
0.37043
0.161267
0.684294
0.612019
0.438043
0.441209
7.33304e-10
0.417389
0.383436
0.383437
0.33784
0.212929
4.97008e-05
3.57442e-10
0.457391
0.167479
0.370071
0.31961
0.815177
0.000905528
0.684295
5.58577e-08
0.00325001
0.37007
0.37007
0.259352
7.33275e-10
0.897851
0.37007
9.87807e-07
3.57294e-10
0.18426
0.126525
0.41739
0.261265
0.167942
0.752611
0.162071
0.14105
2.89115e-07
0.00337382
9.94596e-05
0.524723
0.124754
0.524722
0.218338
0.308643
0.308643
0.868411
0.109701
0.227883
0.00273298
0.156075
0.24107
0.316825
2.44518e-07
2.44527e-07
0.167479
0.61202
0.000792908
0.0385208
0.616919
2.44518e-07
0.542525
0.438043
0.708134
0.37007
0.109701
7.33345e-10
0.151729
1.61085e-11
0.000697955
0.417389
0.172532
0.684294
0.227883
4.12151e-07
0.753767
0.253506
0.156076
0.37007
0.438044
0.253506
0.31961
0.646668
0.646669
0.37007
0.109701
0.18426
0.666719
0.761967
4.12158e-07
0.37007
0.00183586
3.65864e-10
0.483246
0.253506
0.000918877
0.404794
0.391838
0.217604
0.323518
0.37007
0.36333
0.217604
0.370071
0.370071
0.406088
0.312677
4.12153e-07
0.223552
4.45614e-10
0.37007
0.559801
0.172532
0.519113
0.37007
0.406048
0.338999
0.406048
0.406047
0.370069
0.496309
0.436
0.566178
0.327671
0.327671
0.383436
0.383436
0.928236
0.842344
0.401783
0.37007
0.37007
0.496521
0.928041
0.354844
0.826074
0.7037
0.354843
0.145656
0.496522
0.865927
0.370071
0.421472
0.37007
0.307583
0.307584
0.447642
0.307583
0.447641
0.307583
0.307583
0.253506
0.753767
0.524723
0.370071
0.224262
0.568389
0.299274
0.568389
0.37007
0.37007
0.568389
0.568389
0.568388
0.37007
0.542525
0.253507
0.542525
0.542526
0.0732882
0.149224
0.907732
0.37007
0.022426
0.0881657
0.496309
0.00165024
1.55123e-06
6.50991e-07
0.00017014
0.162798
1.20276e-06
0.280618
0.31961
1.20279e-06
0.37007
1.96768e-06
7.08805e-05
1.52051e-09
0.327671
0.370071
0.37007
0.0851403
0.477355
0.477354
0.172852
0.172853
0.455433
0.132376
0.761967
0.611646
2.39618e-10
0.37007
0.405674
5.41905e-07
0.253506
2.15435e-07
0.37007
0.557971
3.57449e-10
0.182442
0.37007
0.447642
0.000224134
0.18426
0.761967
0.0204598
2.15426e-07
0.37007
0.612019
0.612019
0.534043
2.15441e-07
0.172278
2.15437e-07
0.156075
0.115846
1.09326e-10
1.26831e-07
0.35963
0.946503
0.253506
2.27599e-10
0.90621
0.300624
0.37007
0.000181795
2.27626e-10
0.000273432
2.27584e-10
0.612019
5.63657e-07
0.761965
0.17228
0.109701
0.517121
0.0539901
0.177727
0.520111
0.37007
0.0204599
0.000619717
0.405675
0.132947
0.197303
0.37007
0.00114141
0.125512
0.612019
2.44502e-12
0.37007
0.444698
0.612019
0.378772
0.308643
0.308643
0.000115039
0.496521
0.416773
0.307583
0.57231
0.312677
0.417389
0.534042
0.281037
0.0357137
0.66672
0.307583
0.646144
0.246548
0.00867589
4.33759e-12
0.37007
0.35963
0.779668
0.253506
0.281037
0.410467
0.109701
0.417257
0.37007
0.236954
0.37007
0.496309
0.126524
0.173595
0.37007
0.370071
0.229744
0.496521
0.37007
0.46493
8.04602e-09
0.109702
3.583e-09
0.0336159
0.37007
0.16748
0.0134806
0.415649
0.37007
0.483246
0.672318
0.56618
0.431952
0.398604
0.204859
0.455433
0.0414482
0.00204408
0.214048
0.0216437
0.24296
0.406089
0.61202
0.455434
0.16748
0.00204408
0.37007
0.76762
0.0414482
0.00294046
0.00294044
0.0414484
0.37007
0.236954
1.12853e-10
0.00204408
0.0412557
0.27597
0.951817
1.12887e-10
0.0414482
0.49617
0.438043
0.613447
0.00204409
0.134423
0.00204409
0.00204406
0.00204407
0.00204407
0.431951
0.00204409
2.63954e-08
0.177726
0.00204408
0.0103722
0.391308
0.534041
0.708134
0.182442
0.452613
0.378338
0.730735
0.00399395
0.279761
0.0819563
0.456002
0.125512
0.125512
0.391308
0.204859
0.125512
0.294343
0.646668
0.156075
0.37007
0.159118
0.37007
2.52712e-06
0.16599
0.285102
0.398604
0.59524
0.27597
0.15097
0.101064
0.225876
0.00436653
0.0362068
0.15097
0.0278152
0.236954
0.149496
0.00436654
0.37007
0.0403148
0.0403144
0.137297
0.0403146
0.319609
0.262542
0.669598
0.0403146
0.37007
0.109701
0.415649
0.37007
0.0660717
0.684294
0.101064
0.300624
0.1342
0.0403147
0.496309
0.0403142
0.0403148
0.7645
0.447641
0.398604
0.0403148
0.753766
0.0403141
0.0278152
0.557973
0.0403143
0.229744
0.0403145
0.419635
0.37007
0.49631
0.460226
0.300624
0.454174
0.534043
0.253506
0.533905
0.0403143
0.0403146
0.883907
0.410467
0.236954
0.0278158
0.0278154
0.111155
0.0278152
0.547996
0.0278154
0.337839
0.0403142
0.253506
0.37007
0.0403142
0.178659
0.0961121
0.542525
0.591562
0.258079
0.447642
0.380856
0.370071
0.120412
0.417257
0.29211
0.109433
0.477365
0.477366
0.785139
0.406089
0.638356
0.37007
0.402606
0.561017
0.782868
0.477366
0.477366
0.599299
0.32767
0.466523
0.37007
0.37007
0.37007
0.370071
0.542525
0.194241
0.0809424
0.883907
0.109701
0.951814
0.0403145
0.101064
0.0902155
0.29211
0.149495
0.149496
0.833014
0.455433
0.455434
0.0326491
0.0403145
0.0240505
0.26044
0.405675
0.417257
0.189774
0.120966
0.00573694
0.37007
0.0403145
0.939643
0.0403146
0.0305164
0.0305164
0.354844
0.865927
0.150352
0.483246
0.149496
0.149496
0.0551687
0.0439607
0.370071
0.863385
0.274913
0.294343
0.76762
0.0305164
0.37007
0.0403144
0.447642
0.0305165
0.0305164
0.177727
0.126525
0.517407
0.280618
0.37007
0.280618
0.646669
0.415649
0.321974
0.37007
0.59524
0.156076
0.37007
0.383436
0.37007
0.669597
0.338999
0.483246
0.253506
0.557971
0.613446
0.37007
0.568389
0.37007
0.0305163
0.0305163
0.0305164
0.455434
0.520111
0.020061
0.258386
0.29628
0.182849
0.611646
0.470222
0.973071
0.614986
0.147786
0.438043
0.847974
0.370071
0.149496
4.57813e-06
0.149496
0.0403147
0.0141894
0.0305163
0.391308
0.0403148
0.105121
0.0305163
0.0305163
0.0305164
0.613446
0.149495
0.0305164
0.0403145
0.253506
0.323518
0.0442027
0.438043
0.149496
0.37007
0.370071
0.149496
0.274913
0.149496
0.0266826
0.0305164
0.0305164
0.149496
0.0403144
0.370071
0.405675
0.0278152
0.658433
0.214233
0.280618
0.280618
0.253507
0.566179
0.300504
0.149496
0.149497
0.149495
0.658433
0.455434
0.865927
0.087829
0.323518
0.103494
0.149496
0.566177
0.383436
0.253506
0.149496
0.163385
0.0356577
0.236954
0.236954
0.300624
0.109701
0.258386
0.0809428
0.438033
0.149496
0.0305164
0.37007
0.678344
0.965368
0.93343
0.472295
0.146267
0.41739
0.421472
0.795499
0.421472
0.421472
0.285102
0.406089
0.241071
0.149496
0.149495
0.00122926
0.0309347
0.101064
0.000427456
0.190561
0.76762
0.253506
0.370071
0.153643
0.149496
0.149497
0.000401437
0.692949
0.111155
0.0133278
0.703281
0.76762
0.0589079
0.0915013
0.137297
0.253506
0.000487629
0.000487632
0.37007
0.0600089
0.236954
0.0229308
0.130229
0.156075
0.406088
0.150971
0.613446
2.72833e-09
0.253507
0.46184
0.398604
0.785139
1.98619e-12
0.225876
0.37007
2.28803e-08
0.327671
0.688607
0.524723
0.447642
0.542525
0.253506
0.308643
0.740318
0.370071
0.37007
0.669597
1.52844e-10
0.406089
2.44539e-12
4.19913e-12
0.37007
0.0179197
2.22922e-10
0.540949
0.164591
0.370069
0.000483116
0.672319
0.831788
0.144159
0.342175
0.447641
0.0788599
0.00100359
0.496309
2.06256e-12
7.72102e-13
0.557971
1.77714e-09
0.658434
0.0456923
1.77717e-09
1.77717e-09
0.26044
1.77735e-09
1.77739e-09
0.612018
0.701745
0.000483115
0.137297
0.300624
5.25569e-12
5.2564e-12
0.0764445
0.294344
0.566179
0.455433
0.29211
0.0764449
0.370071
0.531934
0.370071
0.00222383
0.613446
0.591956
0.701743
0.37007
0.44764
0.406048
0.000718158
0.406089
0.612019
0.0246185
3.54128e-09
0.00107561
6.04848e-09
0.0010756
6.04868e-09
0.933862
0.000750444
0.000161239
0.0833041
0.415649
0.154045
1.22658e-12
0.28392
0.447641
2.58251e-11
0.010987
0.172532
0.172532
0.477341
3.54114e-09
8.60611e-12
0.37007
0.404795
0.438044
0.337839
0.141418
0.391309
0.540949
0.314994
2.26887e-09
0.668915
0.000769046
0.16748
0.37007
0.253506
0.26044
0.540949
0.229744
0.182442
0.00400731
0.323518
0.250821
0.884017
0.410467
0.383436
0.354844
0.00122743
0.884021
0.801741
0.566178
0.455433
0.130341
0.144159
0.312677
0.119639
0.37007
0.483246
0.28392
1.91513e-11
0.300624
0.156075
0.410467
0.370071
0.177727
0.370071
2.48753e-08
0.370071
0.708133
0.370069
0.419635
0.281037
0.370071
0.853079
0.865927
0.209738
0.96227
0.37007
0.323518
0.00102739
0.00102739
0.110598
0.0788596
0.0788599
0.0010274
0.540949
0.37007
0.184261
0.37007
1.91501e-11
0.0889867
0.406089
0.668071
0.759302
0.370071
0.37007
0.436
0.110598
0.110598
0.37007
0.753765
0.141799
0.377464
0.123783
0.291716
0.844619
0.438033
0.110598
0.110598
0.110598
0.739645
0.0168079
0.172533
0.110599
0.37007
0.5993
0.131323
0.37007
0.131323
0.0702031
0.294344
0.531934
0.27976
0.16748
0.786163
0.131323
0.611646
0.265509
0.131323
0.370071
0.962272
0.438032
0.308643
0.37007
0.131323
0.131323
0.378772
0.455434
0.41739
0.131323
0.131323
0.131323
0.16748
0.496521
0.280618
0.131323
0.131323
0.260441
0.131323
0.566179
0.253506
0.131323
0.37007
0.131323
0.438043
0.144159
0.000299993
0.140518
0.197303
0.314993
0.753767
0.37007
0.350255
0.300505
0.16748
0.167479
0.167479
0.16748
0.167479
0.131323
0.131323
0.253506
9.09584e-12
0.231641
0.319361
0.37007
0.123827
0.283921
0.0347631
0.225876
0.0372248
0.815176
0.646669
0.646669
0.37007
0.370071
0.0409973
0.18426
0.130543
0.91382
0.708133
0.565196
0.18822
0.919931
0.28392
0.28392
0.175585
0.37007
0.535467
0.873614
0.126525
0.586218
0.126312
0.000231667
0.27597
0.350255
2.44513e-12
0.37007
0.167479
0.16748
0.0788599
9.09559e-12
0.16748
0.949069
0.131323
0.37007
0.131324
0.350256
2.44492e-12
0.658434
0.391307
0.350254
0.16748
0.350254
0.16748
0.350255
0.16748
0.0741609
0.492171
0.296279
0.350255
0.37007
0.370071
0.16748
0.167479
0.423211
0.131323
0.131323
0.350255
0.0255288
0.00011483
0.194829
0.86869
0.37007
0.112507
0.114972
0.175468
0.1917
0.350255
5.3255e-12
0.279762
0.167479
0.275837
0.167479
0.928148
0.37007
0.0485955
0.0866433
0.595354
0.964859
0.615556
0.250695
0.250695
0.204859
0.421472
0.708134
0.714518
0.354844
0.37007
0.241071
0.703698
0.857099
0.37007
0.24296
0.24296
0.24296
0.454174
0.370431
0.49617
0.496169
0.496171
0.37007
0.496169
0.49617
0.496171
0.49617
0.37007
0.59524
0.0788597
0.76762
0.258386
0.530047
0.37007
0.0758586
0.785139
0.196268
0.131323
0.477366
0.182442
0.383436
0.131324
0.204859
0.000128267
0.37007
0.131322
0.410467
6.08578e-08
0.447642
0.131324
0.350687
6.08536e-08
0.455434
0.447642
1.74808e-08
6.08572e-08
0.131323
4.09774e-05
5.68891e-12
0.370071
5.49587e-09
0.496309
6.08547e-08
0.37007
6.0858e-08
0.518121
0.273823
0.406047
9.09636e-12
6.08552e-08
0.184744
9.09652e-12
0.447642
9.09693e-12
4.09776e-05
0.839527
9.09722e-12
0.447642
0.126525
0.131324
2.44503e-12
0.167479
0.410467
0.0840133
0.131323
0.000768274
9.7721e-08
0.253507
0.37007
0.204859
6.17552e-08
0.455433
0.0788598
0.431952
0.520111
0.413301
9.09804e-12
6.898e-05
0.685752
0.40609
0.488722
0.865927
0.447642
5.41815e-12
0.950647
1.05807e-11
0.455434
0.37007
0.865929
1.05774e-11
0.430561
0.455434
0.865927
0.281037
0.454175
0.37007
0.37007
0.37007
0.101532
0.370071
0.483246
0.46184
0.0788596
2.44473e-12
0.415649
0.865927
0.566179
0.125513
0.0840134
0.557972
0.865927
0.454175
0.455434
0.708134
0.156075
0.00011295
0.281037
0.268871
0.253507
0.865927
0.865927
1.70821e-11
0.37007
0.238469
0.27976
9.09571e-12
0.398604
0.438043
0.989372
0.455434
0.0840126
0.37007
0.37007
0.524722
0.225875
0.120388
0.541855
0.000523013
0.213821
0.285102
0.455434
0.00705276
0.455433
0.239529
0.37007
0.431952
1.08587e-08
0.304357
0.370071
0.37007
0.172248
0.0143035
0.218338
0.370071
0.126525
0.126525
0.126525
0.126524
0.0121895
0.126525
0.518121
0.180921
0.321975
0.229744
0.126525
0.300504
0.18975
0.126525
0.458894
0.424928
0.398604
0.454175
0.126525
0.292111
0.133667
0.0381719
0.405674
0.226327
0.37007
0.37007
0.00528839
0.519699
0.0970925
0.120388
0.0916037
0.364925
0.49617
0.229744
0.253506
0.447642
0.175205
0.447641
0.329429
0.00668705
0.126524
0.175205
0.109705
0.000957331
0.329432
0.329432
0.576687
0.261684
0.00320857
0.204859
0.370071
0.329432
0.337839
0.166746
0.00454377
0.158108
0.613446
0.158107
0.166745
0.166745
0.49631
0.0135276
0.100112
0.158108
0.37007
0.246548
0.215996
0.100112
0.291716
0.224687
0.00058372
0.119073
0.37007
0.37007
0.534042
0.166743
0.402605
0.42956
0.135143
0.258386
0.189774
0.337839
0.0287412
0.455433
0.125512
0.155538
0.37007
0.0973818
0.764735
0.37007
0.638977
0.46493
0.37007
0.0233818
0.37007
0.37007
0.239331
0.31961
0.531933
0.103494
0.0318217
0.453279
0.0470624
0.273737
0.438033
0.245573
0.572309
0.568389
0.138715
0.59524
0.370071
0.126525
0.175205
0.458895
0.458893
0.395051
0.518119
0.458895
0.126524
0.458896
0.00146945
0.557972
0.906683
0.158107
0.857098
0.0045975
0.215368
0.158108
0.62571
0.322703
0.417389
0.37007
0.625708
0.49617
0.464929
0.158108
0.126525
0.518121
0.967433
0.133667
0.00296401
0.00296401
0.585358
0.37007
0.11588
0.62571
0.518121
0.557972
0.254658
0.0345656
0.37007
0.613445
0.370071
0.281037
0.518121
0.566179
0.925998
0.097921
0.41739
0.370071
0.000692655
0.300504
0.300504
0.253506
0.370071
0.406048
0.76762
0.572309
0.496519
0.37007
0.566179
0.0312861
0.227883
0.0642228
0.113217
0.415649
0.415649
0.0511838
0.132591
0.37007
0.483246
0.00596136
0.106434
0.776177
0.37007
0.524723
0.244421
0.000215248
0.00154036
0.254658
0.126525
0.378772
0.254659
0.37007
0.417257
0.518119
0.000869679
0.00669139
0.254659
0.370071
0.254659
0.00669141
0.158108
0.253506
0.167882
0.370071
0.477366
0.477365
0.778123
0.416773
0.246004
0.162531
8.5298e-05
0.254658
0.0091952
0.273207
0.76574
0.098451
0.422217
0.0535367
0.37007
0.0788597
0.400882
0.0261151
0.126525
0.856324
0.0665135
0.370072
0.37007
0.648505
0.000342098
0.26016
0.000342097
0.361514
0.296279
0.26016
0.361512
0.56086
0.000342096
0.00148287
0.126525
0.158415
0.000342096
0.126525
0.2813
0.000528622
0.00139924
0.126525
0.212675
0.126524
0.000528618
0.00139923
0.00139923
0.00336549
0.464929
0.464929
0.000528618
0.301176
0.338999
0.611611
0.000652985
0.301177
0.00052862
0.126525
0.229744
0.37007
0.051468
0.0788597
0.126525
0.126525
0.0788598
0.126525
0.000528619
0.338999
0.12826
0.00139923
0.126525
0.956221
0.126525
0.000652994
9.77474e-12
0.316825
0.301174
0.37007
0.000528617
0.258386
0.814301
0.0788599
0.000878455
0.109701
0.126525
0.301172
0.59524
0.00139924
0.241071
0.126524
0.0614737
0.126525
0.00160922
0.291716
0.12826
0.126524
0.568389
0.159834
0.128259
0.126525
0.126525
0.316825
0.00139923
0.000528619
0.839205
0.082082
0.354844
0.447641
0.126524
0.126525
0.126525
0.61161
0.79826
0.576354
0.129162
0.000528617
0.128259
0.301176
0.237096
0.347992
0.0788596
0.000528624
0.191855
0.000528618
0.000528621
0.000528618
0.917789
0.126525
0.000528617
0.370071
0.370071
0.618015
0.37007
0.109701
0.159979
0.0973397
0.417257
0.220198
0.731778
0.708134
0.385456
0.385457
0.385457
0.736796
0.0508987
0.844039
0.124754
0.383436
0.383437
0.126525
0.37007
0.00233012
0.00721203
0.000207352
0.0490536
0.000528618
0.000528621
0.00118657
0.37007
0.37007
0.27597
0.576353
0.00663575
0.308643
0.37007
0.41739
0.301174
0.28392
0.0788597
0.000528621
0.00052862
0.301175
0.0788598
0.301174
0.339
0.000528617
0.576354
0.0752284
0.00118657
0.0752292
0.00052862
0.241071
0.576354
0.0752286
0.301173
0.37007
0.37007
0.000652994
0.301176
0.0788598
0.301176
0.349479
0.51201
0.46998
0.112052
0.276042
0.115162
0.902179
0.416606
0.416609
0.301174
0.00149573
0.000528617
0.204859
0.126525
0.576353
0.000431333
0.417389
0.37007
0.37007
0.274912
0.00114271
0.49617
0.296279
0.483246
0.253506
0.000650077
0.37007
0.370071
0.000493187
0.72474
0.781188
0.000490946
0.438044
0.402606
0.370071
0.0788595
0.000650086
0.000524751
0.0752282
0.305952
0.377304
0.000524752
0.229744
0.000524755
0.0752288
0.0752282
0.258386
0.377464
0.339
0.370071
0.455434
0.000511385
0.000179871
0.0832086
0.25794
0.251463
0.0752289
0.000189216
0.378772
0.753866
0.483247
0.126525
0.534043
0.37007
0.962225
0.327671
0.327671
0.391308
0.291716
0.37007
0.59524
0.0384092
0.613446
0.391308
0.49617
0.282907
0.391307
0.37007
0.540948
0.416773
0.416773
0.37007
0.431952
0.383437
0.416773
0.471765
0.312677
0.312677
0.37007
0.229744
0.391308
0.17102
0.37007
0.370431
0.0752289
0.708134
0.0896179
0.323518
0.687666
0.0896171
0.37007
0.727167
0.566179
0.264295
0.627997
0.37007
0.204487
0.753766
0.323517
0.32767
0.418756
0.0689281
0.627997
5.38136e-06
0.0689276
0.7037
0.59524
0.197405
0.280618
0.417257
0.225873
0.217341
0.0689275
0.225875
0.431953
0.724741
0.14416
0.264295
0.126525
0.454175
0.225875
0.464929
0.378771
0.0788599
0.370431
0.178977
0.370071
0.225874
0.208966
0.076872
0.398604
0.0338877
0.785138
0.225872
0.124754
0.254895
0.37007
0.10315
0.126051
0.126052
0.0788598
0.0291525
0.354844
0.37007
0.354845
0.0340529
0.126525
0.955593
0.126052
0.15647
0.0788597
0.0714551
0.156471
0.669598
0.0291525
0.76762
0.156469
0.267455
0.15647
0.0788596
0.15647
0.13496
0.365454
0.24107
0.126051
0.560858
0.817703
0.0832266
0.917788
0.917788
0.37007
0.415649
0.231332
0.087357
0.087357
2.29165e-06
0.454174
0.613445
0.0873576
0.61161
0.126525
0.599299
0.37007
0.370071
0.354843
0.37007
0.37007
0.620008
0.37007
0.161507
0.178977
0.49652
0.917788
0.417389
0.576354
0.0788599
0.501022
0.126524
0.839205
0.37007
0.37007
0.46184
0.370071
0.377464
0.37007
0.37007
0.415649
0.477366
0.917788
0.917788
0.28392
0.37007
0.37007
0.37007
0.0986073
0.370071
0.246548
0.37007
0.61202
0.370069
0.112739
0.031662
0.0267835
0.241071
0.0563246
0.0873573
0.0860991
0.0121612
0.126052
0.40061
0.917787
0.0860992
0.280618
0.0121611
0.345254
0.519596
0.37007
0.546388
0.0554042
0.199365
0.0860991
0.37007
0.126525
0.378772
0.0485475
0.864296
0.74314
0.517075
0.229744
0.492442
0.59524
0.406088
0.471765
0.316825
0.37007
0.404794
0.246764
0.455434
0.122296
0.404795
0.0997008
0.37007
0.182442
0.455433
0.492442
0.24107
0.57443
0.0788598
0.0114256
0.227883
0.122296
0.370071
0.51812
0.251463
0.323518
0.576351
0.413272
0.163142
0.0239839
0.37007
0.0788597
0.605781
5.32997e-05
0.32767
2.61854e-05
0.109452
0.126525
0.168136
0.354844
0.168137
0.168137
0.37007
0.144159
0.168136
0.168137
0.12078
0.12078
0.540949
0.120779
0.12078
0.128768
0.12078
0.12078
0.339699
0.181686
0.210495
0.181687
0.377305
0.248756
0.184198
0.12078
0.12078
0.12078
0.126525
0.37007
0.258386
0.347992
8.64931e-12
0.286422
0.12078
0.15161
0.12078
0.12078
0.612019
0.120781
0.197303
0.12078
0.12078
4.83938e-12
0.404794
0.362033
0.119061
0.253506
0.120779
0.253506
0.406048
0.0779547
0.12078
0.455433
0.492442
0.492442
0.37007
0.984762
0.377304
0.12078
0.24107
0.0788596
0.120781
0.0425836
0.285102
0.253506
0.447641
0.447641
0.12078
0.0425839
0.12078
0.0788598
0.0731726
0.167479
0.0788605
0.07143
0.23107
0.144159
0.327671
0.253506
0.504902
0.122354
0.120781
0.32585
2.44527e-12
0.496309
0.12078
0.557972
0.370071
0.12078
0.308643
0.764164
0.655901
0.208966
0.0310325
0.598316
0.204859
0.246549
0.00271885
0.12078
0.986303
0.37007
0.120781
0.12078
0.27597
0.12078
0.169493
0.144159
0.316825
0.0291472
0.132226
0.126525
0.708133
0.377304
0.906576
0.807041
0.583292
0.436
0.197303
0.104493
0.180229
0.144159
0.14675
0.146749
0.12078
0.0788598
0.37007
0.146749
0.12078
0.12078
0.0737928
0.000217203
0.12078
0.431952
0.12078
0.12078
0.37007
0.0233479
0.12078
0.12078
0.12078
0.696361
0.0100103
0.438043
0.338999
0.115846
0.0638121
0.421472
0.37007
0.370431
0.945822
0.37007
0.37007
0.172532
0.126525
0.29211
0.253506
0.370071
0.253505
0.769046
0.438033
0.417257
0.37007
0.85124
0.172532
0.568389
0.37007
0.41739
0.447642
0.258386
0.253506
0.37007
0.37007
0.417257
0.0976177
0.37007
0.370071
0.37007
0.27597
0.37007
0.370072
0.37007
0.204487
0.492442
0.406047
0.0788598
0.137068
0.559865
0.559869
0.781187
0.559864
0.492442
0.438032
0.826072
0.492442
0.492442
0.781188
0.281037
0.37007
0.23107
0.0425027
0.163174
0.126525
0.203807
0.323518
0.0425837
0.0425842
1.58827e-06
0.306178
0.0550623
0.492442
0.576354
0.126525
0.864296
0.391308
0.37007
0.406047
0.455433
0.798261
0.607488
0.405674
0.492442
0.59524
0.0788599
0.370071
0.0788598
0.0788597
0.0638139
0.126525
0.177727
0.740579
0.535468
0.12078
0.000164754
0.492442
0.0936963
0.37007
0.0788598
0.406089
0.0936963
0.37043
0.576354
0.253506
0.120779
0.137069
0.0842454
0.37007
0.576354
0.0936966
0.120779
0.0788597
0.576353
0.37007
0.37007
0.370071
0.277992
0.530054
0.37007
0.37007
0.37043
0.404795
0.862256
0.415845
0.253507
0.37007
0.492442
0.0449008
0.372977
0.0449017
0.815177
0.0449014
0.406047
0.0574504
0.540949
0.542526
0.0788595
0.0449018
0.370071
0.0449015
0.576353
0.566179
0.0449013
0.37007
0.0321638
0.253506
0.415649
0.321975
0.281037
0.646668
0.241071
0.566178
0.566179
0.37007
0.646669
0.0848979
0.253507
0.415649
0.0574505
0.576354
0.0574505
0.57231
0.0847676
0.576353
0.115846
0.492442
0.576353
0.576354
0.799033
0.59524
0.758717
0.0574507
0.0449092
0.955559
0.49652
0.455433
0.37007
0.370071
0.984337
0.208966
0.314994
0.24107
0.0590263
0.0449016
0.294344
0.37007
0.524723
0.492441
0.37007
0.124754
0.576352
0.241071
0.576353
0.100301
0.00205183
0.576354
0.576353
0.576354
0.143953
0.01188
0.0243165
0.249752
0.0925483
0.554362
0.576353
0.227203
0.737635
0.281037
0.892731
0.281037
0.836646
0.836645
0.425676
0.327671
0.962226
0.294343
0.109701
0.109701
0.28392
0.0077959
0.753766
0.37007
0.781062
0.781063
0.279761
0.477366
0.946301
0.946301
0.9463
0.967506
0.726335
0.524722
0.929074
0.253506
0.49617
0.37007
0.012456
0.702802
0.00263794
0.37007
0.576354
0.105771
0.492443
0.829084
0.143953
0.205872
0.16748
0.576354
0.182487
0.246548
0.455434
0.492442
0.504901
0.37007
0.177727
0.608283
0.0333138
0.253506
0.00482476
0.0203907
0.447641
0.280111
0.461851
0.0203908
0.815177
0.37007
0.0788597
0.283184
0.162814
0.0701947
0.126524
0.0701953
0.438032
0.056031
0.887983
0.839527
0.0788598
0.415649
0.0173271
0.861114
0.137069
0.18426
0.339
0.204859
0.455435
0.137068
0.126525
0.203736
0.950648
0.354844
0.124225
0.172532
0.253723
0.538006
0.280618
0.40634
0.37007
0.595241
0.253506
0.586985
0.574431
0.37007
0.137069
0.659423
0.361121
0.124754
0.0437874
0.253506
0.126524
0.37007
0.203737
0.37007
0.37007
0.806337
0.24296
0.920324
0.417389
0.708591
0.37412
0.177727
0.253722
0.137069
0.37007
0.253506
0.37007
0.18426
0.224908
0.508719
0.215546
0.182442
0.124226
0.124226
0.137069
0.708132
0.0511402
0.204859
0.0518385
0.542524
0.864297
0.540949
0.132316
0.0865532
0.137069
0.534042
0.599299
0.000462882
0.377304
0.253724
0.538003
0.253722
0.203736
0.361121
0.126525
0.37007
0.314994
0.312677
0.253723
2.44497e-12
0.137069
0.538004
0.253506
0.436
0.13496
0.274913
0.538004
0.4133
0.491405
0.283184
0.604467
0.370071
0.52281
0.0294341
0.927315
0.37007
0.370071
0.538005
0.378772
0.534042
0.203737
0.697707
0.220199
0.800051
0.144159
0.431952
0.535468
0.285101
0.979563
0.203736
0.37007
0.0788598
0.683331
0.316824
0.282907
0.274912
0.314994
0.285102
0.611647
0.538003
0.697706
0.281037
0.464283
0.126525
0.535468
0.421472
0.137068
0.697706
0.144159
0.467574
0.438043
0.0294342
0.300504
0.126524
0.697706
0.208564
0.410467
0.374258
0.464929
0.137871
0.0934346
0.447642
0.133526
0.576353
0.37007
0.126525
0.323518
0.137069
0.294343
0.203736
0.865927
0.984763
0.37007
0.927314
0.253507
0.37007
0.37007
0.697706
0.471764
0.203736
0.455434
0.49652
0.37007
0.37007
0.31961
0.0702449
0.538006
0.238469
0.538004
0.126525
0.218337
0.431952
0.253723
0.0281751
0.0185374
0.0788599
0.279761
0.599986
0.538005
0.538005
0.0114477
0.0185371
0.516977
0.0281752
0.538005
0.0114477
0.412284
0.0281752
0.00891231
0.540948
0.0185373
0.613445
0.37007
0.0594753
0.0489488
0.611647
0.483247
0.538004
0.0114477
0.296279
0.0089123
0.137069
0.137069
0.467572
0.190592
0.392061
0.540948
0.0788597
0.404794
0.253723
0.00891234
0.538004
0.07886
0.137069
0.370071
0.538004
0.378772
0.538005
0.370068
0.203737
0.00871737
0.406047
0.018537
0.0185371
0.538005
0.253723
0.370071
0.0788598
0.538005
5.68454e-05
0.253506
0.404794
0.611611
0.253506
0.203736
0.697706
0.535467
0.24296
0.253723
0.253722
0.137069
0.258386
0.280618
0.0294343
0.37007
0.41739
0.538004
0.0294343
0.406338
0.421472
0.546893
0.0474903
0.0757753
0.101368
0.0757751
0.253506
0.253506
0.419635
0.323518
0.37007
0.0114477
0.378772
0.137068
0.538005
0.283185
0.16899
0.26016
0.177727
0.527476
0.538005
0.538004
0.566179
0.391308
0.37007
0.378771
0.406089
0.0911679
0.646668
0.0849178
0.0483555
0.300516
0.455433
0.00337276
0.128768
0.260491
0.419635
0.00966256
0.464929
0.283185
0.0788599
0.415649
0.279761
0.00227876
0.259144
0.0182431
0.454175
0.37007
0.613446
0.0182432
0.229744
0.0788598
0.483246
0.0788599
0.323517
0.477366
0.0182431
0.125512
0.294343
0.471765
0.49617
0.520111
0.813802
0.00869419
0.903882
0.527476
0.441335
0.484776
0.172532
0.0788598
0.00419486
0.405675
0.979563
0.285907
0.535467
0.253506
0.253506
0.221808
0.406088
0.370071
0.37007
0.520111
0.197303
0.370071
0.402606
0.402606
0.37007
0.253506
0.417389
0.274912
0.229744
0.535468
0.535467
0.29211
0.29211
0.29211
0.37007
0.49617
0.24296
0.37007
0.227203
0.37007
0.496522
0.204859
0.31961
0.0974338
0.0974338
0.204859
0.37007
0.274894
0.065947
0.570666
0.944892
0.00933288
0.370071
0.534042
0.0481545
0.151952
0.0788598
0.496309
0.300624
0.00239572
0.125012
0.104536
0.37007
0.00170977
0.740579
0.268461
0.463346
0.608283
0.405581
0.518057
0.758716
0.0249124
0.12253
0.855652
0.107443
0.0166589
0.301207
0.37007
0.175365
0.126525
0.0788597
0.37007
0.59524
0.535467
0.258387
0.27597
0.612019
0.286712
0.37007
0.175365
0.0559448
0.125512
0.37007
0.370071
0.37007
0.327671
0.370071
0.37007
0.37007
0.253506
0.76762
0.9495
0.306178
0.543969
0.126525
2.4448e-12
0.455433
0.0788597
0.61202
0.697706
0.126525
0.0147154
0.00351708
0.175365
0.0147153
0.253506
0.00430907
0.46184
0.41739
0.0147155
0.223089
0.0324267
0.421472
0.220199
0.669597
0.300624
0.827695
0.438032
0.177854
0.177854
0.109701
0.56158
0.37043
0.00582886
0.669597
0.907225
0.296279
0.286712
0.124754
0.496767
0.37007
0.187357
0.321975
0.455434
0.410467
0.0652999
0.0489047
0.749728
0.323518
0.323518
0.29211
0.830838
0.253507
0.0818795
0.172532
0.126525
0.59524
0.595239
0.175365
0.175365
0.144159
0.00351707
0.599064
0.229744
0.815177
0.59524
0.925995
0.925996
0.697706
0.37007
0.406089
0.669597
0.301207
0.760903
0.313806
0.814033
0.74058
0.00351706
0.0788599
0.0788597
0.370071
0.31961
0.327671
0.406089
0.697707
0.00351708
0.37007
0.406089
0.697707
0.957478
0.213368
0.175365
2.44505e-12
0.39209
0.856342
0.697705
0.540948
0.0384901
0.59524
0.253506
0.701297
0.281037
0.540948
0.227883
0.370071
0.0384904
0.540949
0.37007
1.10432e-12
0.354844
0.37007
0.314994
0.405675
0.92804
0.697705
0.301208
0.504902
0.0384904
2.44427e-12
0.283185
0.59524
0.261575
0.74058
0.175365
0.370071
0.175365
0.37007
0.534043
0.28392
2.44508e-12
0.106897
0.278835
3.91067e-12
0.417389
0.455433
3.91023e-12
0.175365
0.175365
0.144159
2.44501e-12
0.59433
0.144159
0.175365
0.984762
0.175364
3.91036e-12
0.37007
0.37007
2.39754e-12
0.268461
0.37007
0.182442
0.296279
0.415649
0.599299
0.37007
0.294343
0.281037
0.339
0.37007
0.316825
0.61202
0.59524
1.5234e-10
0.24296
3.60612e-08
0.109701
0.590591
0.286712
0.294344
0.234098
0.0788598
0.471765
0.370069
0.0788603
0.483246
1.99021e-10
0.0788597
0.471766
0.370071
0.121908
0.37007
0.37007
2.44457e-12
0.37007
0.301208
0.450832
0.814033
0.354844
0.37007
0.0788599
0.534042
0.535468
9.57975e-11
0.697705
0.339
0.646669
0.37007
0.595239
0.370071
0.37007
0.37007
0.253506
0.534042
0.182442
0.31961
1.99041e-10
0.37007
0.339
0.471765
0.126525
0.300504
0.594329
0.646669
0.540948
0.613446
0.391308
0.540948
0.377304
0.447642
0.377304
0.285506
0.253781
0.0775087
0.291716
0.383437
0.383435
0.701258
0.234098
0.341028
0.596387
0.37007
0.354844
0.253506
0.0131006
0.784995
0.0788599
0.413301
0.0788596
0.327671
0.37007
0.719047
0.447642
0.540949
0.483246
0.327671
0.253506
0.535468
0.0788598
0.646669
4.79524e-13
0.0788596
0.261574
2.44522e-12
4.79488e-13
0.37007
0.438043
4.79556e-13
0.172505
0.815176
0.627996
0.594331
2.44488e-12
0.354844
0.0788596
0.59524
0.253506
0.939521
0.415845
0.00905085
0.264295
0.46493
0.0788597
0.708134
0.97678
0.731321
1.03995e-12
0.197303
0.0867734
0.417389
0.0212983
0.815177
0.557972
0.185957
0.417389
0.41739
0.542525
0.0431111
0.535468
4.79543e-13
0.37007
0.384666
0.976779
0.46184
0.477761
0.769961
0.394161
0.27976
0.496521
0.59524
0.595241
0.59524
0.59524
0.595239
0.59524
0.308643
0.381004
0.377304
0.00395468
0.607262
0.37007
0.425068
0.00387759
0.708134
0.00061785
0.00937953
0.0122555
0.349485
0.971602
0.37007
0.539832
0.00836101
0.00185248
0.708134
0.92804
0.404794
0.553879
0.000250938
0.37007
0.708133
0.37007
0.37007
0.971602
7.29401e-07
0.377304
0.220198
0.253507
0.611645
0.477366
0.37007
0.204859
4.79647e-13
0.707632
0.37007
0.218338
0.37007
0.646668
1.04001e-12
0.0788597
0.313804
0.0788598
0.0788595
0.0199165
0.419267
0.37007
4.79461e-13
0.238469
0.0788597
0.568389
4.79578e-13
0.417389
0.417257
0.471765
4.7965e-13
4.7956e-13
0.229744
4.79548e-13
0.42348
2.44497e-12
0.37007
0.534042
0.125512
0.611647
0.0788599
0.341029
2.4452e-12
1.0398e-12
0.354844
0.97678
0.59524
0.103795
0.253506
0.410241
1.13698e-12
0.613447
0.55797
4.79594e-13
9.58152e-11
0.143172
0.177727
0.37007
0.49652
0.184261
0.235719
0.994882
6.33764e-12
0.413301
0.000211477
0.370071
0.241071
0.477366
0.595239
0.370071
0.37007
0.07886
0.37007
0.976781
0.874325
0.421472
0.383436
0.612019
0.0714996
0.0733266
0.0788598
0.524723
0.870848
0.477366
2.44466e-12
0.402606
0.37007
0.37007
0.37007
0.535467
2.44509e-12
0.253506
0.229744
0.296533
0.0788597
0.295253
0.370071
0.568389
0.296533
0.327671
0.976782
2.4452e-12
2.44487e-12
0.235719
0.37007
0.371323
0.219591
2.44489e-12
0.180435
0.377464
0.416773
0.196381
0.504902
0.00339378
0.295259
0.410239
0.296532
0.300624
0.97678
2.44477e-12
0.0788599
0.83772
4.79595e-13
0.37007
0.312677
0.37007
0.37007
0.37007
0.407499
0.471765
0.824639
0.713138
1.58903e-07
0.542525
0.406089
0.611646
0.300504
0.172247
0.49617
0.312677
0.37007
0.258386
0.767321
0.37007
0.37007
2.44456e-12
4.79576e-13
0.0788599
0.337839
0.370071
0.370071
0.568389
0.526299
0.0473576
0.402606
0.357926
0.0788597
0.496309
0.477366
0.23572
0.97678
0.370072
0.295254
0.370071
5.5976e-08
0.410467
0.97678
0.235718
0.19638
3.55344e-13
0.370071
0.76762
0.157184
6.19541e-11
0.37007
5.32877e-10
0.16314
0.156075
0.281037
2.44483e-12
0.103795
0.454175
0.281037
0.454174
0.415649
0.41739
0.455433
2.44504e-12
0.0788598
0.235719
0.876204
0.976779
0.126525
2.44491e-12
0.5993
0.323518
0.235719
0.370071
0.37007
0.891483
2.44563e-12
0.907229
0.370071
0.011086
0.708133
4.79684e-13
0.0788598
0.124754
0.447642
0.126525
0.0788598
0.295254
2.44495e-12
0.103795
0.37007
0.3104
0.229744
0.37007
0.279761
0.534043
0.37007
4.79522e-13
0.323518
0.295253
0.97678
0.229744
0.37007
2.44466e-12
0.258386
0.24107
0.421472
0.16748
0.0788597
0.37007
0.976779
0.483246
0.976781
0.37007
0.354845
0.856341
0.156075
0.124754
0.37007
0.413301
1.02897e-12
0.0788595
0.402607
0.402606
0.37007
0.612019
0.535466
0.145238
0.37007
0.37007
0.177727
0.300624
0.600026
0.561811
0.845797
4.79509e-13
2.44481e-12
2.44458e-12
0.684295
0.708133
4.79486e-13
0.301208
0.0788598
0.887983
0.0788599
2.44482e-12
0.37007
0.31961
0.483245
0.286712
4.79623e-13
0.608283
0.447642
0.865927
2.44464e-12
4.79556e-13
0.204859
4.79532e-13
4.79523e-13
0.0788598
0.419635
0.719048
0.281037
0.37007
0.31961
4.79584e-13
0.684294
0.28392
0.286712
0.316825
0.125512
0.37007
0.447642
0.253507
0.402606
0.483246
0.524723
0.316825
0.520111
0.447642
0.599299
0.156075
0.316825
0.37007
0.785139
0.417389
0.37007
0.753766
0.136078
0.939273
4.79576e-13
0.370071
0.0788596
0.37007
0.103494
4.79566e-13
0.125512
0.37007
0.370069
0.295254
0.97678
0.887983
0.413301
0.370071
0.378772
0.37007
9.58119e-11
0.59524
4.7968e-13
0.976779
0.0047502
0.168532
0.301209
0.438043
4.79562e-13
0.258386
0.279761
0.125512
0.37007
2.44489e-12
0.128767
0.197413
4.79672e-13
4.79505e-13
0.204859
0.126525
0.31961
4.7953e-13
0.31961
1.04122e-12
2.44481e-12
0.0418925
0.0788597
0.253506
0.16748
0.534043
2.44533e-12
2.44529e-12
1.17222e-10
0.0110861
0.405674
4.79594e-13
2.44569e-12
0.455434
4.79575e-13
0.784997
0.719048
2.44519e-12
2.4441e-12
0.175365
3.76247e-13
4.79661e-13
0.402606
0.258386
0.258386
4.79512e-13
4.79647e-13
4.79556e-13
0.455434
0.377464
0.370071
3.16514e-08
9.09987e-11
0.0741182
0.37007
0.00356071
0.0047502
2.44486e-12
0.642414
0.00254068
1.17246e-10
0.370071
1.17244e-10
0.00356072
0.406089
0.296533
0.235717
0.0239904
0.253506
0.00230333
0.177727
0.00356071
0.0110859
2.44477e-12
0.00572117
0.00356071
0.178977
0.18426
0.281037
0.354844
0.419268
0.419265
0.0110861
0.00356071
0.824638
0.177726
0.294344
0.156094
0.0722788
4.97885e-12
0.815177
0.755423
3.45152e-10
0.572309
0.282907
0.37007
0.00356071
0.00356072
0.286712
5.25116e-12
0.296534
0.00356072
0.855652
0.708134
0.00356072
0.126525
0.282907
0.419266
0.74058
0.00356073
0.00356074
0.646133
0.612019
0.612019
0.660496
0.37007
0.37007
0.370071
0.193873
0.370071
0.00502065
0.0167193
0.0115313
0.609278
0.00356073
0.112831
0.00356068
0.00455924
0.0035607
0.00154654
0.00409048
0.0683015
0.0167942
0.0199349
0.0456804
0.253506
0.37007
0.0459686
0.253506
0.00356071
0.00356068
0.402606
0.00356075
0.955593
0.00356072
0.00356072
0.535468
0.405674
0.00356072
0.00356073
0.0035607
0.438033
0.00356071
0.0430432
0.0359876
0.0313703
0.00356071
0.0788597
0.534043
0.37007
0.291716
0.177727
9.58195e-11
0.00356072
0.00356069
0.00356071
0.97678
0.578524
0.0035607
0.00242199
0.00356072
0.313804
0.327671
0.307583
0.238469
2.4448e-12
0.814032
0.646669
0.37007
0.37007
0.354844
0.757632
0.143016
1.1381e-12
0.103795
0.74058
0.128767
0.00524325
0.568836
0.00723647
0.204859
2.44537e-12
2.44419e-12
2.44464e-12
0.124754
0.447641
0.612019
0.419266
0.00356071
0.721681
1.13818e-12
0.489852
0.455434
0.684294
0.976779
4.79532e-13
0.28392
0.52281
0.684294
0.684294
0.37007
2.44506e-12
4.79607e-13
0.00356068
4.79568e-13
0.338789
0.753767
1.10413e-12
2.4451e-12
4.79532e-13
4.79472e-13
3.87423e-11
0.416773
4.79532e-13
0.31961
0.49652
4.79649e-13
0.377304
0.49617
0.294343
3.87429e-11
0.37007
0.383436
0.29211
2.44478e-12
3.87513e-11
0.37007
0.59524
0.129637
4.7958e-13
4.79707e-13
4.7945e-13
0.976781
3.87467e-11
0.24328
1.13857e-12
4.79571e-13
0.496521
0.281037
0.0788599
0.0788598
0.496521
4.79538e-13
0.374469
0.0788597
2.44506e-12
0.483246
0.370071
4.79454e-13
0.0788596
0.37007
4.79551e-13
0.296279
0.011086
2.445e-12
4.79521e-13
4.79546e-13
4.79633e-13
0.338792
0.241071
0.370071
0.127411
0.0783942
0.00879559
0.128045
0.319609
2.44427e-12
0.177726
0.19638
0.144159
0.0788597
0.011086
2.6911e-12
0.0788599
0.976781
0.011086
0.296535
1.9438e-11
0.462671
0.37007
4.79551e-13
0.438033
0.417389
0.406009
0.46184
0.37007
0.316825
0.296534
0.925996
0.0788598
0.267816
1.94378e-11
0.377304
0.129637
0.337839
0.37007
0.00339378
0.406009
0.815178
0.281037
0.762933
0.669946
0.258386
0.370071
1.94401e-11
0.32767
0.0788598
0.37007
0.109701
0.16423
0.0788598
1.94372e-11
0.421472
0.534043
0.37007
0.300624
0.37007
0.740579
0.37007
0.319609
0.253506
0.455433
0.338791
0.0788595
0.182442
0.372542
0.0404135
0.00127936
0.471765
0.296533
0.370071
0.300505
0.417257
0.140297
0.238469
0.00185397
0.599299
0.534043
0.354845
0.0788598
0.669597
0.524722
0.595239
0.204859
0.534043
0.421472
0.18426
0.438033
0.417389
0.566179
0.224092
0.338793
0.417256
0.37007
0.49617
0.370071
0.337839
0.646669
0.708133
0.740579
0.976781
0.0788598
0.0788598
0.829084
0.471765
0.37007
1.63638e-08
0.281037
0.0160183
0.415649
0.415649
0.37007
0.218338
0.0740513
0.976779
0.37007
0.294344
0.40601
0.140296
0.37007
0.00185397
0.258246
0.164228
0.323518
0.406089
0.253506
0.267817
0.338792
0.267816
0.338792
0.253506
0.37007
0.338792
0.253506
0.0160183
0.347762
0.37007
0.383435
0.534042
0.00185397
0.406047
0.140297
0.338792
0.97678
0.226839
0.0160183
0.316825
0.37007
0.267816
0.37007
0.296533
0.338789
0.258385
0.307583
0.684295
0.419265
0.07886
0.140296
0.708134
0.370071
0.753767
0.280618
0.337839
0.0581028
0.37007
0.431952
0.566178
0.37007
0.37007
0.37007
0.301208
0.471765
0.0490736
0.377304
0.0788597
0.0160183
0.438033
0.258246
0.26975
0.370071
0.613333
0.4583
0.182441
0.58934
0.138344
0.402606
0.052249
0.274912
0.595239
0.438033
0.37007
0.338792
0.33879
0.419267
0.138345
0.684294
0.684293
0.0522494
0.293324
0.59524
0.229744
0.37007
0.204859
0.122249
0.139958
0.818155
0.0788599
0.37007
0.37007
0.790453
0.478908
0.31148
0.347992
0.0305461
0.904212
0.144159
0.0111391
0.00430916
0.00367045
0.0522489
0.253506
0.37007
0.314994
0.37007
0.447642
0.00185396
0.0522489
0.07699
0.996955
0.377464
0.0470546
0.316825
0.296279
0.204859
0.281037
0.0711122
0.156075
0.093738
0.673938
0.300505
0.471765
0.37007
0.32295
0.37007
0.419266
0.0522493
0.31961
0.37007
0.253506
0.172532
0.37007
0.285102
0.540949
0.204859
0.218338
0.052249
0.246548
0.28392
0.37007
0.0257696
0.281037
0.455434
0.419266
0.0522491
0.253506
0.0522494
0.0788598
0.736737
0.0522492
0.253507
0.300624
0.282907
0.229744
0.431952
0.197303
0.669597
0.419636
0.828741
0.314994
0.566179
0.0820447
0.402606
0.250109
0.218338
0.0669293
0.300624
0.0788598
0.253507
0.285101
0.907229
0.702431
0.7037
0.613446
0.0522495
0.531934
0.410467
0.28392
0.0522493
0.76762
0.37007
0.0522491
0.0522497
0.0522492
0.718279
0.75763
0.32295
0.37007
0.052249
0.864296
0.37007
0.408933
0.0522491
0.611647
0.229744
0.0788598
0.46184
0.540697
0.419264
0.281037
0.406089
0.417257
0.0672281
0.402606
0.282907
0.316825
0.37007
0.177727
0.708134
0.557971
0.37007
0.438043
0.708133
0.227883
0.321975
0.37007
0.253507
0.483246
0.308644
0.471765
0.281037
0.316825
0.455434
0.421472
0.406048
0.0522491
0.471765
0.976779
0.223616
0.856341
0.419265
0.37007
0.0322656
0.391308
0.76762
0.253506
0.178977
0.0916947
0.540949
0.178977
0.091694
0.981151
0.138341
0.119681
0.282907
0.0801025
0.080103
0.222117
0.0982663
0.080103
0.37007
0.253506
0.128767
0.504902
0.37007
0.37007
0.125512
0.246548
0.0772785
0.0801026
0.0801018
0.0801021
0.557971
0.335059
0.300504
0.37007
0.98115
0.565897
0.217012
0.278279
0.278279
0.280618
0.0801022
0.557972
0.37007
0.278278
0.281037
0.217013
0.305952
0.305952
0.120412
0.308643
0.249676
0.29211
0.249676
0.253506
0.108335
0.182442
0.0806291
0.108335
0.323518
0.410467
0.145942
0.0359859
0.00467192
0.00119695
0.280618
0.370071
0.108334
0.00155066
0.37007
0.669597
0.599299
0.599299
0.33784
0.202854
0.722779
0.218338
0.59587
0.108335
0.177726
0.599299
0.37007
0.37007
0.327671
0.37007
0.370071
0.286422
0.824119
0.612019
0.540949
0.370071
0.241071
0.370071
0.37007
0.646669
0.167479
0.00444689
0.00119286
0.37007
0.253506
0.186367
0.71141
0.864296
0.046245
0.101054
0.280618
0.238469
0.227883
0.281037
0.37007
0.319609
0.421473
0.535467
0.204859
0.221784
0.962226
0.0633799
0.0633802
0.129622
0.27597
0.0887312
0.37007
0.27597
0.24107
0.942996
0.383775
0.383776
0.383775
0.383775
0.406048
0.0935168
0.37007
0.241071
0.37007
0.108334
0.535467
0.0363467
0.000579372
0.37007
0.37007
0.542526
2.44486e-12
0.289585
0.613445
0.000579373
0.108335
0.312677
0.370071
0.354844
0.354844
0.455434
0.907137
0.000202977
0.406047
0.000640175
0.566179
0.000579369
0.531934
0.000842616
0.00409043
0.49617
0.126524
0.008152
0.857098
0.314994
0.486092
0.377304
0.477366
0.00465794
0.753766
0.370071
0.496169
0.354844
0.611646
0.419675
0.31961
0.944843
2.44515e-12
2.44484e-12
0.00220616
0.305952
0.438033
0.455433
0.572309
0.37007
0.370071
0.684294
0.378772
0.291716
0.398604
0.0133062
0.447642
0.0788597
0.370071
0.279761
0.229744
0.417257
0.455434
0.00300695
0.27597
0.709908
0.734342
0.712002
0.377464
0.561579
0.27597
0.323518
0.0788599
0.000538235
0.752831
0.0209275
0.377304
0.00130468
0.37007
0.37007
0.37007
0.226667
0.337839
0.370071
0.142876
0.438033
0.542894
0.142316
0.417389
0.0788597
0.624472
0.447641
0.00722016
0.56839
0.37007
0.37007
0.370069
0.241071
0.370071
0.415649
0.00401895
0.624471
0.280618
0.37007
0.253506
0.670516
0.37007
0.00602523
0.142876
0.246548
0.00518265
0.0222513
0.438043
0.37007
0.142316
0.142876
0.557972
0.859606
0.00654879
0.354844
0.670517
0.144845
0.595239
2.44542e-12
0.455434
0.00281691
0.241071
0.339
0.137151
0.37007
0.370431
0.496521
0.37007
0.129637
0.115114
0.0702449
0.28392
0.406048
0.142876
0.351002
0.877798
0.280618
0.0775071
0.280618
0.253506
0.880187
0.37007
0.566179
0.186709
0.300504
0.370071
0.659905
0.165071
0.568388
0.423106
0.415649
0.377304
0.568389
0.24296
0.37007
0.37007
0.37007
0.312677
0.557972
0.557972
0.370071
0.860092
0.566179
0.182441
0.28392
0.535467
0.182442
0.125512
0.37007
0.624469
0.129637
0.370431
0.18671
0.74058
0.458503
0.0204129
0.0198725
0.62447
0.864297
0.253506
0.37007
0.258386
0.447642
0.00969812
0.670518
0.319365
0.646669
0.123775
0.455433
0.496169
0.227883
0.281037
0.383436
0.0531356
0.455434
0.880188
0.37007
0.307583
0.421472
0.37007
0.566178
0.535467
0.37007
0.0531351
0.0760981
0.0799701
0.0799699
0.307583
0.218338
0.00609571
0.37007
0.132777
0.248491
0.0124977
0.416773
0.455433
0.274912
2.44493e-12
0.0347516
0.0347515
0.00464078
0.00940763
0.20486
0.27597
0.37007
0.00464078
0.00464075
0.00940756
0.0799698
0.172532
0.00464077
0.327671
0.0361112
0.0311025
0.00464077
0.215217
0.354844
0.744791
0.27284
0.241161
0.447641
0.132777
0.00242668
0.0799698
0.172532
0.172532
0.455574
0.00940765
0.00464078
0.41739
0.00940771
0.438043
0.00940766
0.00655878
0.370071
0.314994
0.152859
0.49617
0.280618
0.703698
0.108953
0.229922
0.37007
0.180567
0.535599
0.013799
0.880186
0.197303
0.0511706
0.377304
0.136723
0.565326
0.0799698
0.307583
0.316825
0.524723
0.531935
0.409645
0.0799697
0.0799698
0.37007
0.186709
0.246548
0.186709
0.37007
0.125169
0.954694
0.0799699
0.197303
0.0310153
0.123715
0.316825
0.241071
0.447641
0.116502
0.37007
0.116502
0.246548
0.234843
0.37007
0.566179
0.906818
0.496521
0.355315
0.300624
0.483246
0.300624
0.496519
0.496521
0.0587843
0.37007
0.182443
0.172247
0.182442
0.300624
0.300624
0.011949
0.455433
0.283185
0.0799696
2.44499e-12
0.568389
0.0799698
0.880186
0.0799702
0.37007
0.253506
0.880186
0.0799697
0.0799698
0.16748
0.557251
0.10695
0.347094
0.461695
0.534042
0.143477
0.316825
0.286713
0.300504
0.819301
0.37007
0.37007
0.651864
0.613445
0.37007
0.59524
0.175955
0.281037
0.280618
0.18671
0.646668
0.516088
0.496169
0.0713405
0.253506
0.524723
0.124754
0.123715
0.383436
0.274487
2.44466e-12
0.383436
0.197303
0.531933
0.354844
0.370071
0.438032
0.204859
0.307583
0.37007
0.226839
0.316825
0.370071
0.473049
0.281037
0.27337
0.197865
0.253506
0.350912
0.296279
0.24849
0.123715
0.132778
0.37007
0.168778
0.354631
0.246548
0.311262
0.285192
0.337839
0.383436
0.76762
0.168778
0.197038
0.300504
0.404795
0.168777
0.421472
0.179585
0.327671
0.16518
0.37007
0.370071
0.236756
0.880185
0.0799698
0.406088
0.880185
0.939419
0.186709
0.415845
0.218338
0.37007
0.49617
0.76762
0.997726
0.566179
0.184261
0.00162733
0.0646877
0.37007
0.646668
0.447642
0.178977
0.17727
0.37007
0.204859
0.253506
0.18671
0.0855453
0.227763
0.0936678
0.140233
0.37007
0.370071
0.37007
0.37007
0.413301
0.880186
0.415845
0.370071
0.0799698
0.471766
0.471765
0.416087
0.611646
0.37007
0.320014
0.354844
0.162917
0.527563
0.520926
0.920417
0.667703
0.419635
0.457778
0.0450076
0.0821144
0.172532
0.880186
0.0799699
0.253506
0.0804087
0.880187
0.323518
0.61202
0.417257
0.734863
0.37007
0.152858
0.37007
0.37007
0.37007
0.64677
0.646668
0.646668
0.646668
0.417389
0.41739
0.417389
0.670556
2.84064e-10
0.370071
2.08704e-10
0.305951
0.0315063
0.105128
0.204859
0.612019
0.37007
0.24107
0.24107
0.174559
0.447642
0.474344
0.907226
0.37007
0.316825
0.307583
0.37007
0.182441
0.41739
0.370069
0.322385
0.566179
0.657481
0.197688
0.54831
0.670518
0.197037
0.127624
0.00103699
0.880187
0.757702
0.880188
0.880186
0.61202
0.253506
0.486093
0.197037
0.282908
0.880186
0.0891748
0.37007
0.880186
0.29211
0.37007
0.880186
0.880187
0.880187
0.416087
0.21859
0.162739
0.742477
0.619179
0.37007
0.455433
0.354844
0.49617
0.0232442
0.406089
0.79856
0.542526
0.18426
0.547697
0.253506
2.42702e-10
0.133519
0.167479
0.0581641
0.37007
0.0936684
0.238469
0.740579
0.880187
2.44491e-12
0.186709
0.253506
0.279761
0.327671
0.880186
0.37007
0.104931
0.743071
0.0799697
0.880186
0.246548
0.713138
0.880185
0.186709
0.378772
0.37007
0.327671
0.708134
0.264295
0.270961
0.905842
0.277814
0.397097
0.406089
0.227761
0.0727987
0.37007
0.65748
0.296279
0.204859
0.150324
0.880188
0.0112062
0.447642
0.774682
0.939419
0.172532
0.172532
0.172532
0.880185
0.182442
0.123221
0.10695
0.739647
0.544068
0.256924
0.37007
0.0799701
0.138341
0.880186
0.477365
0.156075
0.156075
0.708134
0.296279
0.510697
0.461841
0.46184
0.24107
0.880187
0.880186
0.415844
0.540949
0.880185
0.471765
0.37007
0.455434
0.093668
0.370071
0.0799699
0.0936688
0.483246
0.880183
0.300505
0.186709
0.204859
0.880185
0.37007
0.880186
0.0799695
0.880185
0.20486
0.696638
0.197413
0.0936678
0.81214
0.0936679
0.0244163
0.0936682
0.227746
0.197037
0.221809
0.0936684
0.0702448
0.140233
0.227762
0.939419
0.59524
0.880185
0.37007
0.431952
0.611646
0.670518
0.41739
0.37007
0.0354528
0.337839
0.24849
0.88042
0.880419
0.880186
0.035453
0.880185
0.323518
0.646474
0.370071
0.483247
0.0799698
0.377304
0.880186
0.0788598
0.599299
0.880187
0.416088
0.880188
0.0472738
0.416773
0.567168
0.127624
0.740579
0.0354531
0.197037
0.156075
0.0799692
0.8134
0.813399
0.813398
0.0799696
0.872116
0.455435
0.872116
0.984655
0.0799698
0.37007
0.140233
0.294344
0.370071
0.542525
0.277815
0.49617
0.140233
0.880186
0.172532
0.565754
0.00409342
0.275836
0.197303
0.41739
0.722703
0.00782413
0.37007
0.37007
0.229744
0.653295
0.993654
0.684295
0.370071
0.684294
0.413301
0.535499
0.0511403
0.0896173
0.438032
0.37007
0.74058
0.0403845
0.406089
0.193133
0.534042
0.415649
0.258387
0.238469
0.0614427
0.37007
0.496521
0.74058
0.684293
0.370071
0.513773
0.684294
0.954694
0.702535
0.229744
0.37007
0.370071
0.104763
0.37007
0.337839
0.370071
0.684294
0.565754
0.37007
0.218338
0.531934
0.07886
0.00342102
0.534043
0.316825
0.186709
0.37007
0.37007
0.347992
0.370071
0.296279
0.307583
0.540948
0.370071
0.438032
0.16748
0.540948
0.684295
0.197303
0.156075
0.418441
0.206691
0.431952
0.370071
0.0788593
0.37007
0.0889627
0.37007
0.37007
0.723207
0.37007
0.294344
0.182442
0.394908
0.59524
0.0628989
0.253506
0.73364
0.76762
0.370071
0.253506
0.49617
0.496309
0.125512
0.438043
0.286712
0.406089
0.37007
0.197688
0.37007
0.279761
0.0281487
0.37007
0.202457
0.513773
0.565755
0.646668
0.669597
0.126525
0.447642
0.447642
0.447642
0.753767
0.140625
0.253506
0.524723
0.27597
0.406089
0.568389
0.172532
0.566179
0.0788599
0.542525
0.27597
0.75283
0.258386
0.565754
0.37007
0.321974
0.0201765
0.106897
0.540949
0.496521
0.477366
5.25132e-12
0.316825
0.285102
0.37007
0.496521
0.37007
0.253506
0.37007
0.37007
0.370069
0.383436
0.542525
0.565756
0.542525
0.37007
0.321975
0.982167
0.415649
0.0788596
0.455433
0.280618
0.0788597
0.37007
0.496521
0.253506
0.565756
0.576221
0.431952
0.227761
0.0828202
0.323517
0.684293
0.939419
0.464929
0.646668
0.37007
0.314994
0.888121
0.109701
0.241071
0.568389
0.695882
0.37007
0.197688
0.253506
0.477366
0.398291
0.253506
0.37007
0.204858
0.226839
0.37007
0.599299
0.568388
0.899138
0.0788598
0.421472
0.542526
0.608283
0.237574
0.455433
0.204859
0.0695583
0.684295
0.565754
0.413301
0.140625
0.421472
0.204859
0.253506
0.684295
0.684295
0.447641
0.684293
0.684294
0.0281487
0.37007
0.253506
0.116502
0.37007
0.0678167
0.274912
0.496309
0.294344
0.0529005
0.454174
0.903883
0.29211
0.477366
0.218339
0.415845
0.352221
0.37007
0.370071
0.565756
0.37007
0.447642
0.937671
0.37614
0.0266528
0.111626
0.438043
0.312677
0.436
0.438043
0.327671
0.535467
0.000890779
0.605065
0.125512
0.37007
0.963492
0.173112
0.585359
0.322065
0.684294
0.27597
0.343199
0.0444785
0.57231
0.283185
0.394905
0.253506
0.24296
0.488364
0.126525
0.127624
0.987095
0.125512
0.599299
0.599299
0.002162
0.694073
0.464929
0.377464
0.316825
0.486093
0.781189
0.377464
0.204859
0.612019
0.577918
0.241071
0.0885787
0.854819
0.662773
0.413301
0.37007
0.308643
0.37007
0.223292
0.241071
0.670518
0.585938
3.20704e-05
0.37007
0.323518
0.37007
0.535468
0.253506
0.002162
0.197687
0.126524
0.608283
0.18671
0.00263505
0.295621
0.229744
0.204859
0.827708
0.998596
0.00180174
0.0201766
0.109701
0.927199
0.484359
0.37007
0.781587
0.958922
0.464929
0.46493
0.0131895
0.000480749
0.37007
0.156075
0.31961
0.24107
0.241071
0.97732
0.37007
0.396207
0.229744
0.684295
0.253506
0.540949
0.162739
0.37007
0.37007
0.37007
0.37007
0.394908
0.404795
0.534042
0.27597
0.37007
0.307601
0.314994
0.486093
0.37007
0.684295
0.20486
0.16518
0.327671
0.739645
0.535467
0.129637
0.37007
0.699042
2.65411e-06
0.496521
0.167382
0.0999685
0.849627
0.706167
0.370071
0.316825
0.0633759
0.132101
0.226327
0.253506
0.227882
0.37007
0.116502
0.64282
0.37007
0.802732
0.323517
0.0655419
0.0948993
0.00125458
2.76414e-12
0.185645
0.37007
0.731159
0.419635
0.354844
0.227761
0.354844
0.496309
0.49652
0.277817
0.612019
0.370071
0.37007
0.454175
0.37007
0.37043
0.41739
0.124754
0.767263
4.31578e-08
0.496521
0.684296
0.281743
0.0788597
0.383436
0.0788598
0.639821
0.253506
0.905586
0.0713971
0.506293
0.37007
0.37007
0.416773
0.547481
0.370071
0.710631
0.404794
0.684294
0.37007
0.383436
0.94463
0.280617
0.938784
0.646668
0.49617
0.37007
0.847624
0.177727
0.323518
0.612019
0.57231
0.370431
0.471765
0.395841
0.416589
0.0105213
0.0788598
0.37007
0.806604
0.646669
0.37007
0.37007
0.204859
0.409646
0.280618
0.613446
0.533998
0.73116
0.496521
0.0788599
0.00317987
0.0591081
0.857928
0.857929
0.591908
0.220823
0.378772
0.370071
0.37007
0.227761
0.319361
0.37007
0.37007
0.126525
0.708431
0.684295
0.455415
0.546849
0.546848
0.377304
0.37007
0.351002
0.684294
0.281037
0.394807
0.204859
0.612019
0.708134
0.406048
0.394809
0.0112435
0.937673
0.394808
0.448537
0.312677
0.37007
0.73116
0.37007
0.394809
0.253506
0.415648
0.410467
0.378771
0.182442
9.545e-05
0.419635
0.24849
0.533998
0.673028
0.13909
0.684295
0.394807
0.599299
0.370071
0.771121
0.231013
0.849628
0.944843
0.944843
0.370072
0.000287368
0.37007
0.37007
0.438033
0.0395217
0.0344769
0.37007
0.00136009
0.286713
0.215926
0.122133
0.907228
0.241071
0.415845
0.600826
2.92903e-11
7.32706e-07
0.000144571
0.110139
0.438032
0.37007
0.184261
0.0226122
0.684294
0.61202
0.37007
0.13107
0.312677
0.768883
0.646669
0.37007
0.35203
0.238469
0.864296
0.753767
0.370071
0.281037
0.815176
0.18426
0.253506
0.377464
0.370071
0.37007
0.767264
0.221809
0.14013
0.370071
0.421472
0.417389
0.258386
0.370071
0.780447
0.431952
0.204859
0.323518
0.612019
0.24296
0.0235796
0.0788598
9.23612e-07
0.684294
1.89681e-05
0.598572
0.0702449
0.37007
0.241071
0.766208
0.37007
0.28392
0.37007
0.258386
0.126525
0.66672
3.64748e-05
1.8968e-05
0.416773
0.37007
0.455434
3.66871e-05
0.274912
0.29211
0.156076
0.124754
0.447642
0.285102
0.227883
0.253506
0.307583
0.167479
0.415844
0.535468
0.279761
0.897773
0.296279
0.377464
0.172533
0.283919
0.370071
0.24107
0.0788598
0.370072
0.370071
0.000149114
0.31961
0.924248
0.370071
0.611646
0.000149114
0.000149114
0.000149113
0.842391
0.0727084
0.455434
0.000149114
0.37007
0.131469
0.473844
0.178359
0.00705918
0.108135
0.182441
0.684295
0.000149113
0.370071
0.37007
0.599299
0.283842
0.37007
0.455432
0.613445
0.684295
0.370071
0.887706
0.204859
0.534043
0.000219706
0.000183493
0.406048
0.370071
0.0788599
0.463128
0.286135
0.286135
0.179722
0.37007
0.684295
0.260056
0.568389
0.31702
0.327671
0.372222
0.327671
0.286136
0.540583
0.630767
0.192724
0.0511403
0.524723
0.0511401
5.49747e-05
0.367026
0.419635
0.37007
0.37007
0.447642
0.283842
0.431952
0.370071
0.146569
0.00124299
0.684294
0.283841
0.0728681
0.283842
0.294344
0.283842
5.49747e-05
0.37007
0.417257
0.354844
0.477366
0.37007
0.28392
0.000765333
0.477366
0.00965217
0.447642
0.0256754
0.0912369
0.402606
0.849629
0.849628
0.787089
0.74058
2.25296e-07
0.00128849
0.000340924
0.124754
0.577838
0.5301
0.126525
0.767261
0.609015
0.524723
0.37007
0.283842
0.37007
0.417257
0.471764
0.37007
0.377464
0.0788598
5.49747e-05
0.383436
0.443467
0.37007
0.120411
0.477366
0.377464
0.262658
0.939984
0.854329
0.321975
0.854329
0.197687
0.296279
0.31997
3.38961e-05
0.308643
0.863894
5.49746e-05
5.49749e-05
0.216086
5.49745e-05
0.684294
3.38962e-05
5.49747e-05
0.416773
0.614302
0.125512
3.38962e-05
0.612019
0.612019
0.323518
0.253506
0.496309
0.244025
0.49631
0.455433
0.283841
0.37007
0.447642
0.238469
0.352381
0.49617
0.49617
0.370071
0.684295
0.000125096
0.37007
0.684294
0.996635
0.167479
2.44475e-12
0.0702449
0.314994
0.447643
4.33903e-05
2.44471e-12
0.0397102
0.535468
0.383436
0.669435
0.000112784
0.246548
0.447641
0.124754
0.612019
0.178978
0.767262
0.37007
0.03971
0.32537
0.354844
8.17153e-05
0.000209605
0.684295
0.281037
0.18426
0.37007
0.00415422
0.455434
0.447643
0.684294
0.37007
0.684294
0.37007
0.540947
8.17156e-05
0.595239
