0.767113
0.56347
0.722157
0.436197
2.42451
1.50051
4.22036
1.17957
0.777476
0.376595
0.0663715
0.346781
0.991015
0.840488
1.3659
1.35401
1.26586
6.36336
5.08162
1.07676
1.35172
0.807096
1.59816
1.51385
0.850292
6.56034
1.19219
1.51385
1.19219
1.09395
1.51385
0.741261
0.389542
1.50841
0.591429
4.72476
6.25405
6.17604
1.24993
1.24993
1.24993
0.738275
2.06706
0.397374
1.19753
0.700437
0.0333177
1.37797
2.90953
2.81049
1.47062
0.142287
1.13528
1.89184
1.89184
1.00969
0.604201
0.604201
0.745115
2.77753
2.69836
1.53512
1.73164
0.887234
4.50444
0.308277
0.995459
0.653417
2.57744
0.653417
2.9322
2.75832
0.615119
0.615119
1.65771
3.58849
0.821461
0.863543
0.863543
0.794379
5.85014
0.887234
1.06841
6.76379
1.2468
4.85559
0.526843
0.050968
0.431546
5.24345
1.0322
0.534327
0.46029
2.4637
1.03683
6.3129
3.87221
1.08195
0.887234
1.16242
2.53225
6.21657
0.975889
1.5955
1.45428
1.74228
4.17633
1.73643
4.01888
4.14452
4.11175
3.8943
4.30612
6.82659
4.95749
2.11426
5.9694
0.370834
2.40715
0.604201
4.71194
0.439896
3.40992
1.88362
5.15837
2.13353
1.74462
1.30412
3.0775
7.39299
1.84793
1.92829
2.70322
5.94864
0.821711
0.776918
3.43824
3.56494
0.738275
3.24
0.0608626
0.849737
5.60095
0.97994
2.42982
2.10829
1.12501
7.40961
1.12501
4.29566
5.10265
2.50804
4.43162
0.56347
5.46052
1.02988
3.77387
0.579848
0.471814
7.02124
2.56688
3.70537
1.1877
0.0587251
0.672538
1.3782
0.738275
0.308277
3.80048
0.666606
1.38506
1.38064
2.17364
2.24577
4.16055
1.33913
3.36257
0.77071
1.32567
1.04453
0.399944
3.94747
2.3
0.95002
1.05364
1.97423
1.3648
0.821461
0.302758
3.18223
7.12443
1.65727
4.39394
1.19925
1.19925
0.0942614
1.18954
0.294144
0.415336
1.58489
3.72884
0.567481
1.32315
5.90645
2.91299
0.887234
2.64128
3.23544
0.821461
1.85339
0.96389
4.97035
1.90084
3.27072
0.434902
1.05591
6.28737
5.61975
4.7704
1.1877
0.403648
2.18993
6.63469
0.284485
3.04106
7.06521
7.8189
7.91328
1.56276
0.393673
0.424061
1.22299
5.90727
1.31172
1.17671
0.991015
1.51169
0.476466
1.44244
0.0888598
0.0839919
1.12501
1.12501
1.45411
2.06211
7.63405
0.670149
0.845987
0.671737
1.3436
3.41255
2.29285
3.18823
1.17637
0.618076
0.0459994
1.73854
1.10517
1.00862
2.61478
1.17048
0.887234
0.804261
1.32764
1.32764
0.231468
0.499445
1.18954
3.17693
0.557974
3.81781
1.44779
0.887234
1.85329
0.887234
1.56734
3.64397
1.16912
0.919763
0.823477
1.36107
4.02808
3.91473
4.28295
1.35858
0.525566
2.83813
0.977275
2.50614
0.756522
1.06753
1.21913
3.25224
2.9696
0.887234
4.97246
1.19925
1.60739
3.61401
1.00862
3.39195
3.31142
0.765832
4.28984
0.76382
1.42063
0.0409346
0.821711
3.25991
1.89239
0.928589
0.984636
1.07847
0.887234
0.985608
3.47953
3.42421
1.57923
2.80825
1.32158
0.564731
1.55663
1.5046
1.5046
0.221597
0.357621
0.96389
3.20436
1.59715
4.45724
0.388517
0.821834
1.12501
1.15535
0.0441968
2.75514
4.06219
0.799904
1.45452
3.53565
0.755072
0.0871814
3.32048
0.887234
1.11328
1.68725
0.887234
2.81793
0.692397
3.85195
0.96389
2.05657
1.44854
1.42306
0.605829
2.90286
1.03768
1.31894
0.973779
1.25209
1.97168
1.38674
0.446712
0.308277
1.04453
1.1896
0.887234
1.05108
0.93179
1.17228
0.887234
1.74462
0.703192
3.03205
3.76092
3.6183
0.518888
3.97885
0.887234
1.12501
1.36068
0.977275
0.887234
0.930336
2.65029
4.56456
4.26356
0.887234
3.27723
2.8167
0.692397
3.56699
0.887234
4.08548
3.95509
0.887234
2.44862
3.29224
2.92434
1.69505
3.1287
1.54746
3.15895
2.55972
1.06841
3.20001
0.692555
0.887234
0.887234
0.887234
2.00333
0.722157
0.420375
0.887234
2.47128
1.76112
2.01797
0.810744
1.07274
1.07274
0.711225
0.210719
0.9911
0.357005
1.1153
1.983
0.798299
0.711225
0.798299
0.640013
2.22745
2.38889
2.10911
1.23892
0.624335
1.69116
1.18111
1.34794
0.765832
1.38431
2.28499
1.16758
2.13282
0.995459
3.77894
0.0076229
0.977275
1.48673
1.8378
1.04939
1.04939
0.802321
1.04939
3.81695
1.27184
0.525566
1.09865
0.738275
1.51094
0.887234
1.45376
0.770498
1.47935
2.95536
1.546
1.04453
2.55091
0.308277
0.42246
0.821461
1.12501
1.33536
0.370834
0.370834
0.995496
2.92602
1.06335
0.946685
0.316623
0.783629
0.0203647
2.69232
2.88929
1.60103
0.555494
1.68099
1.22194
1.02069
0.738275
1.37683
1.84642
0.401273
1.90677
0.887234
0.887234
0.364858
3.80168
1.52918
1.12501
1.07902
2.03423
0.401869
1.62119
0.821834
0.653993
0.991015
0.571339
0.370834
1.07067
0.232409
0.850789
1.06841
0.887234
1.07676
1.07676
1.07676
0.629453
0.740318
1.06335
0.288733
1.42274
0.946685
0.995459
1.06841
1.06841
0.887234
0.887234
1.15003
0.525566
1.32764
0.985608
0.799904
0.799904
0.672538
0.366485
0.991015
0.921855
0.738275
1.06775
0.78961
0.126745
1.69227
2.55112
0.887234
0.977275
0.165522
0.139336
0.887234
1.24582
1.62746
2.21122
1.21915
1.32315
4.82884
0.525566
2.76513
0.887234
3.06454
5.49866
4.37541
3.75056
0.289763
0.789887
0.821711
0.602969
1.05883
2.12543
1.30788
1.72211
4.98078
1.58851
0.0586513
0.229033
1.12788
0.231468
1.02475
0.5031
1.98935
0.821711
1.53072
1.15535
1.00862
2.14109
0.777476
0.887234
1.16388
1.04939
1.02475
0.658947
0.824108
0.208494
0.887234
0.31554
0.588674
2.0331
1.07186
0.887234
1.43165
0.672538
1.29683
0.711225
0.626829
0.887234
0.887234
0.0397878
2.11467
0.81905
1.03412
1.52281
0.396267
2.18677
0.0296404
0.36759
0.77071
1.35432
2.10895
4.5124
0.65365
1.12622
2.74987
0.887234
1.12501
1.36037
1.41578
2.0791
2.42903
0.576601
0.777351
0.887234
1.4882
1.16734
1.36372
0.0650594
0.804261
2.05109
3.48787
2.44706
0.804261
1.25732
1.32101
0.887234
0.887234
0.869942
1.11994
1.92196
0.232409
0.887234
2.75714
1.34283
0.887234
2.3146
0.887234
1.888
0.457815
3.46513
2.07564
4.69724
4.70797
5.22929
1.03768
0.525566
0.96389
3.89625
1.58489
0.500872
0.887234
0.887234
1.82768
0.981359
0.6339
1.21104
0.887234
0.887234
0.629453
0.499207
1.29079
1.46125
0.56347
0.887234
1.62836
0.821711
1.27308
0.946676
1.21104
1.26591
2.25629
0.0806544
0.887234
0.887234
0.960429
0.738752
0.168478
1.59712
0.798299
2.8762
3.35565
0.336287
0.672538
0.672538
0.689963
1.64029
0.821711
0.56347
1.60801
1.55011
1.15148
0.821711
1.68771
0.821711
0.821711
0.898651
0.887234
0.887234
0.887234
0.205942
0.887234
1.52943
1.12501
0.0649618
0.182557
0.171295
1.29079
0.887234
0.168478
2.19861
1.85657
1.30376
2.11331
1.21104
0.889991
2.07859
0.887234
0.887234
2.72648
0.887234
1.98656
2.08845
0.288467
1.5046
0.425735
0.828808
0.887234
0.539881
0.887234
0.530699
1.00671
0.887234
0.9911
0.425735
1.14051
0.425735
1.35401
0.425735
0.425735
0.178175
0.766207
0.722157
1.34283
0.809816
0.887234
0.260408
0.887234
0.887234
1.21915
1.21915
2.2411
2.13785
2.02712
1.21915
0.809175
1.58284
0.728283
1.73392
1.73392
1.8762
2.42996
0.422703
0.887234
0.242388
0.039504
0.242388
0.354496
0.343539
0.699207
0.370834
1.21915
0.425735
1.49104
1.06841
1.25732
1.58938
0.354496
0.887234
1.84015
0.425735
0.345908
1.11437
1.57192
0.429435
0.242388
0.425735
1.21915
1.49104
1.21915
0.887234
3.0965
0.881123
2.32923
2.60807
1.86902
0.588066
1.00862
0.887234
0.376446
1.00862
1.03768
0.820836
0.887234
0.887234
1.00862
1.35172
1.5732
1.03412
1.49104
0.261054
1.02692
0.556814
1.33081
0.887234
0.453797
1.55009
0.915981
1.12501
1.31807
0.870548
0.382861
1.81069
2.07986
3.04492
0.95002
1.46592
1.21915
0.168478
0.471778
0.887234
1.44444
0.887234
0.275259
0.174651
1.26994
1.26994
0.95002
0.452318
0.452318
1.31494
0.887234
0.887234
1.03768
0.671191
0.671191
0.946685
1.03768
1.03412
1.36126
0.946685
0.452318
0.370834
1.02475
1.02475
1.00862
1.04586
2.79764
0.937742
0.672538
3.93739
0.995459
0.80042
1.64815
0.887234
0.820223
1.10876
0.466828
1.23239
0.887234
0.887234
0.887234
0.361877
1.5046
0.621525
1.07538
3.83816
2.58758
0.767113
0.767113
4.40301
1.00862
0.873596
1.49612
0.167193
2.48256
1.86505
0.692397
4.75903
0.750358
1.07538
0.887234
0.815224
7.4838
7.84386
0.799904
0.887234
1.13444
2.41238
1.04939
0.0622513
7.47051
7.47757
0.860565
0.887234
7.61566
1.39442
0.596448
0.567481
0.887234
1.64202
6.89393
0.612328
0.16583
1.10573
0.266025
0.96389
0.738275
1.00969
7.48573
1.00862
0.499207
6.41933
6.1975
1.76486
4.72595
7.11667
0.887234
0.96389
7.7465
1.26288
7.7465
1.18954
0.981359
0.452318
6.89199
1.31992
0.871006
0.799904
0.618076
0.56347
0.887234
7.51618
6.8177
0.887234
6.34315
0.00345648
0.887234
7.22006
0.887234
6.71476
7.05366
1.62092
6.00151
7.61566
0.602783
0.887234
1.06775
7.7806
7.64033
1.12501
0.887234
0.578179
7.47709
1.12501
0.942259
7.50965
0.821834
7.39606
0.887234
8.03934
1.12501
7.90399
0.808476
0.808476
0.808476
1.30788
7.65949
1.52068
7.43114
0.750358
7.7465
0.887234
7.66579
0.618076
0.96389
1.54307
7.0139
0.887234
1.12501
1.32764
6.18277
7.64996
0.308277
7.7465
0.518888
7.86563
0.887234
1.06841
1.11328
1.32315
7.86563
8.01721
0.887234
1.12501
0.804261
1.00969
1.3594
7.3538
1.58489
7.65366
7.7465
7.7465
1.15535
0.636431
0.420375
0.887234
7.65366
1.12501
0.887234
0.887234
7.61566
1.1877
0.887234
0.887234
7.36707
7.60376
0.887234
0.750358
0.887234
1.18954
7.48587
7.36135
7.7465
0.873596
7.46485
1.3436
7.64307
7.9767
7.49584
0.066411
7.84386
7.7268
0.624049
0.511961
0.740318
7.37644
0.499207
0.887234
6.95504
7.17762
7.11218
0.452318
1.04939
7.81873
1.00969
0.801687
1.12501
0.887234
7.00155
6.09605
6.33356
1.49768
6.38557
1.05591
0.567481
0.887234
0.0758179
0.887234
1.02069
7.86835
1.18954
0.518888
0.420375
0.802321
0.821461
1.39442
0.26673
6.99764
0.887234
6.83336
0.692397
0.515125
7.64492
7.00904
1.15535
0.887234
1.15535
0.794379
0.946685
7.58204
7.3757
0.887234
1.15535
0.618076
0.241662
0.56347
1.35172
1.30788
7.81692
6.80873
7.62404
7.36083
7.16359
7.49578
0.887234
0.887234
7.616
0.886257
1.16758
0.802321
0.802321
3.47214
3.25663
1.4054
1.4054
0.942906
0.887234
0.0351562
0.740318
0.740318
0.671191
0.951505
0.887234
1.7955
0.064807
1.50536
1.99651
2.42694
0.815303
0.887234
0.887234
0.248399
4.78215
0.496982
1.52323
0.805061
2.33736
1.05863
1.51775
1.25732
0.626151
0.887234
0.887234
0.343539
0.887234
0.674239
0.674239
0.556814
1.57089
2.03466
3.1763
1.38573
0.153078
1.5046
2.21794
2.79511
0.887234
0.887234
0.108402
1.0773
3.24537
3.92206
0.186055
0.289493
0.466402
2.13379
1.12501
1.91736
2.35575
0.525566
1.53224
2.26095
1.53233
0.334854
0.500872
0.179043
1.66018
0.671191
0.977506
1.01136
3.18975
0.805439
2.23659
0.441731
4.06229
1.58489
1.06841
2.93953
0.244174
1.20649
1.12501
0.452318
1.15003
1.15003
0.722157
1.44014
1.07676
0.0487824
0.0487824
0.915802
1.62331
0.308277
0.915802
1.1877
0.510084
0.821461
0.482653
0.0352622
1.12501
0.991015
0.118569
1.5046
1.98773
0.308277
0.887234
0.349354
0.349354
0.567481
1.12501
1.12501
1.21915
0.623669
0.887234
0.820791
0.945929
0.0982873
1.03768
1.60744
1.68743
1.66448
1.10573
0.525566
3.91345
7.09387
0.711225
5.21238
0.168218
2.08928
0.527622
1.19437
5.26794
0.887234
1.36298
2.61953
0.288733
0.528568
0.263681
0.348436
0.636431
0.815224
0.887234
0.231468
0.370241
0.765029
1.33664
0.802321
0.722157
0.945617
1.12501
0.815224
0.581447
0.765832
1.6663
0.823477
0.991015
0.193747
1.95032
0.28423
0.887234
1.03412
0.818029
0.56347
0.509528
0.579848
0.742406
0.339694
0.248743
0.967222
1.72767
0.723362
0.821834
1.12501
1.12501
0.767113
2.07484
1.69558
2.95893
1.6996
0.644224
0.663161
0.887234
1.3594
3.48955
1.95564
1.86338
0.995459
1.12501
2.18921
1.46842
0.803082
6.45658
1.35172
2.7222
0.370834
0.728283
0.672122
0.672122
2.67169
1.54307
1.65072
0.777476
0.784568
0.0590321
1.00349
1.51169
0.873596
0.991015
1.06314
1.75959
0.0475097
0.672122
0.887234
1.75959
0.799904
0.000941301
0.801687
0.631755
0.995459
0.915802
0.385553
0.114752
0.887234
0.0165111
5.05131
1.17656
0.686019
0.223661
1.35401
1.3594
2.06007
1.07067
1.51169
1.13282
1.59334
6.36037
1.18436
0.887234
0.159791
0.850902
1.6087
1.33796
1.21446
1.25732
0.738275
1.58489
0.873596
0.928589
1.22411
0.863543
0.887234
0.482947
0.765832
0.887234
1.66594
1.87476
4.59975
4.0288
0.636431
1.61909
1.14974
1.48743
1.18954
1.37771
0.887234
1.04453
0.452318
0.452318
0.863543
0.887234
1.26994
0.887234
0.579848
0.801687
0.672538
0.887234
0.798299
0.887234
1.03768
1.02475
1.02475
0.466259
0.554399
0.863543
1.4054
0.887234
5.83398
2.01523
2.2997
7.68207
0.767113
0.813126
0.946685
1.11328
0.722157
0.915802
1.1209
0.887234
0.815224
0.567481
0.708265
0.915802
0.11254
0.887234
0.766848
1.75959
0.84844
0.588144
0.328529
4.27117
0.824108
1.3594
0.887234
1.28632
0.887234
1.25732
0.887234
0.887234
1.32764
1.12501
0.311575
1.41879
3.88365
1.8923
1.32101
0.178281
1.32101
1.32101
1.32101
1.32101
1.32101
0.308277
0.612328
0.452318
0.499207
0.887234
0.887234
0.887234
0.887234
0.0165111
0.612328
0.838025
1.30788
0.887234
0.703192
0.703192
0.804261
1.59427
0.991015
0.991015
1.12501
0.887234
0.887234
0.887234
1.01923
0.995459
0.84844
0.84844
0.84844
0.887234
0.798299
0.985608
1.8105
0.985608
1.45274
0.985608
1.58969
1.16758
0.342306
3.05961
0.887234
0.887234
0.46169
1.23103
0.288733
0.100686
0.35543
0.887234
2.0457
1.70779
1.12501
0.672122
1.32101
0.805971
1.15535
0.640291
0.872261
0.887234
0.794379
1.12501
0.887234
0.887234
1.05167
0.231881
0.887234
0.887234
1.12501
0.886257
1.25663
0.887234
1.43012
0.711225
1.94556
0.0886796
3.71139
3.41598
1.12501
0.767113
1.03768
1.07676
0.77071
1.4054
0.915802
0.915802
0.816216
1.15003
0.629453
0.956263
0.621622
0.672538
0.0883599
0.740318
6.61254
0.695972
0.231579
1.08374
1.08374
0.0657827
0.887234
0.122287
0.805061
1.4387
2.97035
3.32809
0.887234
1.03412
1.1877
0.0501053
1.4054
1.24768
0.604201
0.56347
0.0235072
0.96389
1.25732
0.872261
1.90178
0.887234
2.14202
0.96389
1.0125
1.09129
1.12547
1.0589
1.81579
1.14051
0.636431
0.887234
0.14115
1.27317
1.53115
0.985608
0.518888
0.928589
0.439186
1.14454
1.14454
1.42817
0.636431
1.4054
1.4054
1.00543
1.00543
3.19829
5.27525
1.11328
0.972045
0.741586
1.12501
0.631245
1.42458
0.873596
1.25732
3.7251
0.887234
0.567481
1.19243
1.19243
0.96389
0.808476
1.27552
0.887234
5.12173
0.821834
0.887234
0.617636
0.887234
1.56029
1.0386
0.152867
0.968131
0.602783
1.33978
1.36126
1.60567
0.35585
0.238299
0.887234
0.887234
0.540747
0.886257
0.431661
0.821498
1.12501
2.21287
5.4362
0.0827704
0.887234
1.06105
1.50004
0.269024
0.452318
0.977275
1.32101
0.725595
0.96389
0.567481
0.887234
0.887234
1.25732
0.722157
1.01011
1.00896
0.307072
0.887234
2.43987
2.02779
1.03412
0.887234
7.11107
3.44586
0.56347
1.33385
0.144922
1.0386
1.35172
0.887234
1.69864
1.68522
0.863543
1.0246
0.235921
3.71508
0.974276
0.765832
1.07067
1.58433
1.56947
0.0677046
2.47388
6.87538
2.32873
0.722157
0.722157
0.970339
0.0750612
0.0952738
3.48644
1.24771
1.21915
0.887234
3.82866
2.5214
1.25557
2.10278
3.10031
0.248743
4.04524
0.0513755
2.95102
0.722157
0.887234
0.370834
1.51169
0.77071
0.0871223
0.500872
0.703192
0.370834
0.579848
0.616063
0.529932
1.84275
1.12501
1.41485
0.168478
0.887234
0.432176
0.738275
1.05651
0.95002
0.672538
1.06335
1.06335
0.556814
1.3594
1.83973
1.7429
1.81957
1.12904
2.2594
2.48982
0.887234
2.39146
0.506697
0.685374
3.03627
1.19876
0.83772
1.43984
0.887234
7.45127
0.0888598
1.03412
1.03412
1.6933
0.760342
2.29359
2.13556
1.00349
0.517582
0.887234
0.467833
1.29943
3.05803
0.750358
2.22086
1.12501
0.798864
7.55851
0.545493
0.963961
7.66202
0.545493
6.73995
7.66614
1.03768
0.568211
6.08386
3.51007
1.24175
2.25405
0.794379
1.80463
1.30788
3.39036
0.914681
0.422793
0.107035
0.887234
1.16202
1.05364
4.71511
5.61406
1.56509
7.66202
1.06841
1.06841
7.46228
0.499207
0.968865
1.50452
0.797932
0.963961
7.78481
0.499812
0.703192
0.703192
0.887234
0.420375
0.887234
0.183206
0.672122
1.27738
0.887234
0.672122
0.187556
0.995459
0.995459
0.346668
0.995459
1.22385
1.47947
1.58489
0.96389
1.58489
1.58489
2.62697
0.722157
1.13569
0.872261
1.13569
0.887234
0.0489614
0.324214
0.798299
1.00862
1.86888
1.0386
1.0386
4.76418
0.389749
1.02069
1.02069
1.97787
1.87258
0.765832
0.821834
3.43706
1.15886
0.887234
0.821834
0.821834
0.887234
0.821834
0.821834
1.56866
0.821834
0.897041
0.887234
1.24983
1.17508
1.10511
1.10511
0.887234
0.887234
0.887234
0.887234
0.887234
1.3436
1.41944
1.10592
0.821834
1.07081
0.738275
0.677944
0.210967
1.44318
0.713946
0.269024
0.557164
1.8684
0.960398
1.12501
0.376512
0.376512
1.12501
0.0262204
0.0262204
0.288733
0.175152
1.0386
0.887234
1.32315
0.887234
1.67622
0.887234
0.872261
0.919337
1.58602
1.11328
1.11328
1.11328
0.946384
1.11328
1.3363
0.887234
0.887234
0.887234
0.887234
0.887234
0.887234
0.887234
0.288733
5.39515
0.777165
0.288733
0.798299
0.288733
0.288733
0.288733
0.288733
1.12501
0.168478
0.887234
0.488407
0.887234
1.02069
1.02069
0.887234
0.887234
0.887234
0.887234
0.452318
0.452318
0.385084
1.58489
2.26384
0.887234
1.13282
1.07067
0.887234
0.183206
0.183206
1.03768
1.10114
1.58945
0.579848
1.07067
0.951072
0.951072
0.887234
0.565351
0.127851
0.750358
0.765832
0.615119
0.615119
0.80007
0.887234
0.342254
1.75578
0.873596
0.308277
1.05364
6.53299
7.4137
1.09664
0.921039
1.04105
1.05364
0.821711
1.70085
1.27939
1.12501
1.00698
0.887234
1.14419
0.615119
1.68681
1.18259
0.887234
1.19407
1.65317
1.17509
1.17961
0.887234
1.57254
1.1877
0.887234
1.84239
1.84239
0.887234
0.887234
0.887234
0.887234
6.8644
0.887234
1.58489
1.05591
1.58489
2.58697
0.872261
1.23816
4.96218
0.0612977
0.887234
5.25173
0.650415
0.370834
0.738275
0.802321
0.308277
1.12501
1.12501
1.12501
1.06335
1.06335
1.32315
0.612328
0.863543
0.995459
1.18954
6.01793
1.17228
0.0888598
0.686019
1.17228
0.767113
1.32101
1.32101
0.767113
0.767113
0.34626
0.672122
0.370834
1.1842
1.25732
0.887234
1.32764
1.32764
0.304181
0.887234
0.692397
1.32764
1.84756
0.431097
2.62019
1.15173
0.895621
0.518888
1.12501
0.612328
0.288733
1.5046
0.276871
0.887234
0.376463
0.548205
1.2468
0.887234
0.718217
0.38106
2.03731
1.32315
0.48873
1.12501
0.150587
0.887234
1.25732
1.06335
0.887234
0.236635
0.604201
5.29114
1.12501
0.804261
1.44732
6.85241
0.389749
1.7683
0.452318
0.567481
1.03768
0.0836848
1.31344
2.02594
0.995459
1.30788
0.776905
0.951863
7.52595
0.507815
1.50845
6.6642
1.5046
0.887234
0.703192
0.895596
0.43257
0.43257
0.703192
5.69481
3.01025
5.77692
4.80551
1.50845
0.917947
6.76142
0.738275
1.05727
0.918297
0.0861188
3.3795
3.15416
0.261599
4.68936
0.370834
0.985608
0.162575
0.183206
1.74872
1.26994
1.12501
0.738275
0.815224
0.815224
1.02069
1.25732
0.915802
0.888479
1.43149
0.370834
0.887234
1.4054
0.121876
1.07067
0.837381
0.183206
1.2712
1.51169
1.94278
1.29954
1.07067
0.777476
2.6701
1.58489
0.500872
0.738202
1.74206
1.00236
1.98851
1.7448
1.72178
1.16124
0.798044
0.887234
0.995459
0.0768467
0.750358
0.850902
0.865914
1.03768
1.58489
1.32065
7.90378
0.805061
6.87529
0.604201
0.18641
2.15351
0.765832
0.995459
0.887234
0.821711
1.25732
0.977275
0.995459
0.995459
1.20744
1.32101
1.59836
1.4982
0.887234
1.63559
1.25732
7.76476
0.887234
2.18994
7.6148
0.887234
1.32101
0.530927
0.370794
0.0811973
0.801687
7.58204
0.821711
0.183206
1.5487
6.7672
0.593005
5.41425
0.452318
0.995459
1.7373
0.629453
7.39353
0.153338
1.47639
0.711225
0.887234
1.63255
0.452318
0.95002
1.14771
0.821711
2.13053
0.183206
1.30788
0.692397
0.118938
0.887234
7.02674
0.887234
1.83438
1.04939
0.887234
0.887234
0.887234
1.4054
2.27196
2.39627
0.821834
0.436197
0.671191
2.01274
0.915802
1.15003
0.440537
1.21958
0.887234
1.41305
1.41305
0.887234
0.939309
0.0973326
0.0973326
0.0973326
0.805061
0.887234
0.750358
3.96222
3.97309
1.57398
0.805759
0.887234
1.03412
7.95153
2.55187
0.573778
1.92551
1.35611
1.35611
6.97009
1.17509
1.33864
0.887234
0.887234
0.722157
2.4023
1.32315
0.722157
0.672538
4.70188
1.12501
7.66202
2.02051
1.26994
1.19925
1.12501
1.51169
1.19226
1.8651
1.03412
7.7465
1.93991
0.873596
1.03412
1.90278
0.872261
1.32315
1.54307
7.7465
0.887234
0.863543
0.183206
1.03768
1.53317
0.9911
0.183206
0.995459
0.887234
7.73204
1.19476
0.887234
1.02475
0.887234
0.887234
0.654446
0.777476
1.12501
0.672538
0.692649
1.40198
1.07389
0.585525
0.706913
0.977204
0.977204
0.872261
1.3442
0.183206
0.183206
0.887234
0.995459
1.58489
0.420375
1.72453
1.17965
1.30788
0.420375
0.370834
7.7465
1.72795
0.838353
0.283283
0.160692
1.07067
0.887234
0.453707
1.3594
0.767113
1.02069
1.03768
1.26076
1.12501
0.998483
0.750358
7.66202
1.71712
1.28094
0.750358
1.51169
1.54307
1.1292
0.612328
0.370834
1.05364
1.4054
7.53749
0.887234
0.887234
1.12501
0.887234
0.821711
0.977275
1.56835
1.29462
1.14771
1.05364
1.58489
1.26994
0.216767
3.60746
0.692397
0.692397
1.06841
1.56029
2.61952
1.12501
1.10635
0.750358
7.89024
1.64853
6.24535
0.703192
7.43408
0.505676
2.61037
3.86503
6.39673
0.805061
1.50845
6.45967
1.07067
0.887234
1.78067
6.9338
7.93174
1.32101
0.567481
1.05364
1.05364
0.722157
0.722157
0.887234
0.796398
5.99686
0.135194
0.213984
0.452318
1.2386
1.06841
1.966
1.04453
0.95002
0.259171
0.887234
0.775942
1.3436
0.52213
0.981915
1.58489
1.07067
0.767113
1.53946
0.183206
0.995459
0.821461
0.374946
0.721632
1.58489
0.672122
2.07918
1.50845
0.995459
0.887234
0.887234
0.231468
0.887234
7.7857
7.7465
0.815224
1.32907
2.54876
0.765832
5.98366
4.9776
3.2958
0.848711
0.175714
1.19499
0.759218
0.799904
0.066411
0.995459
0.0367895
0.117334
1.0322
0.878084
0.794379
0.740318
0.48426
0.837005
1.483
1.71304
0.556814
1.51169
0.672538
1.4054
1.25732
0.386044
0.887234
0.9911
1.26994
0.750358
0.805759
0.95002
0.887234
1.96233
0.672538
0.887234
2.12472
0.765832
0.874977
0.815224
0.9911
0.887234
0.503783
0.134437
1.20041
1.70855
2.33844
1.49601
1.24474
1.21104
0.77071
1.19218
6.8647
4.6576
0.887234
0.602783
1.43483
1.25938
1.44405
2.05559
1.54657
1.82223
2.09938
1.88422
1.72041
0.277948
1.07676
1.72415
1.43842
0.821711
5.62391
0.672538
0.672538
1.4867
3.03138
0.777903
0.488641
2.43393
0.0195147
1.75243
1.4616
0.995459
1.04147
1.8797
1.50845
0.570269
1.06841
7.7465
1.82936
1.05591
0.809049
7.86536
1.65427
1.36821
0.702818
7.61391
1.58489
0.767113
0.887234
2.83971
0.887234
1.63366
0.887234
2.02278
2.33494
2.5903
2.48345
1.5046
1.25732
2.11135
4.32897
0.295532
0.636431
0.977275
0.630548
1.32065
1.78548
0.915802
1.78068
0.887234
0.887234
0.887234
0.887234
0.602783
0.722157
1.4934
0.890362
0.532243
1.5046
0.207868
1.49053
0.797361
0.587749
4.45916
0.153078
0.887234
0.887234
0.231468
0.579848
0.0860337
0.615119
0.615119
4.29043
1.6313
1.05591
1.5046
1.93295
0.740318
0.799904
1.58489
0.56347
1.45042
0.887234
0.604201
1.33081
1.4054
1.02475
1.09362
0.887234
0.887234
0.887234
0.40762
0.963445
0.567481
7.31238
0.308277
0.887234
0.308277
7.7465
0.946685
3.25878
1.00862
1.12501
0.0469205
1.18979
1.49251
0.887234
0.887234
1.07676
4.35303
1.09892
0.799904
0.96389
0.96389
0.96389
1.75405
1.11442
6.56134
1.5046
1.06841
3.70446
1.34349
0.96389
1.03412
1.03412
0.308277
2.88313
2.24539
1.58489
1.51928
2.27918
0.602783
1.52806
0.767113
1.93176
1.89797
0.280846
0.83772
0.887234
0.887234
0.946685
1.07676
0.567481
7.7465
0.887234
7.7465
2.18426
0.887234
0.887234
0.887234
2.1639
5.99312
0.821461
1.58489
1.33741
4.69791
2.58185
1.43066
1.43066
2.43849
0.428892
0.107477
0.308277
0.887234
0.492248
2.01196
2.40785
0.357968
1.97049
0.767113
0.629453
1.08275
0.629453
1.54307
0.887234
3.49603
0.887234
2.16515
1.63091
2.17549
1.25732
0.887234
1.26977
0.887234
1.83729
1.25123
2.09477
1.0386
0.341112
0.130624
4.01035
1.65409
0.887234
0.510652
0.636431
0.740318
0.740318
0.0950223
0.636431
2.8524
7.01669
0.703192
0.703192
1.11328
1.11328
0.315533
2.0116
0.168478
0.224784
0.359619
1.12501
0.288092
0.177328
0.750358
0.653914
0.750358
1.35264
1.38437
0.0838654
2.25124
2.27548
1.12501
1.68379
0.379434
0.109572
1.11328
1.11328
0.272301
0.257387
1.40314
1.64639
1.2468
3.26086
2.36371
3.26189
0.0411328
0.439035
1.15322
1.15322
1.21104
2.39525
5.27464
6.62593
0.887234
3.00374
3.11582
3.78734
0.887234
1.34051
1.29737
1.193
4.40857
1.4678
0.873596
0.887234
1.69716
1.59338
1.36821
1.04453
0.693254
1.4054
1.20099
6.78927
1.44547
1.39565
1.18245
1.47909
1.00708
1.12501
0.671191
0.671191
0.671191
0.671191
0.0463262
0.887234
1.97271
1.06425
0.288733
5.05043
5.14216
1.48784
2.00082
1.16758
0.722157
0.722157
1.31975
4.0723
1.44755
3.78653
4.3898
2.43689
4.05427
0.722157
2.01403
2.5347
0.880564
0.244904
0.96389
0.244904
1.78622
0.887234
4.38829
4.32871
1.15535
5.03071
1.58223
1.32699
0.21434
2.85665
4.07512
1.89864
1.11328
2.34556
7.23157
0.308277
4.66228
3.22992
0.547791
1.87523
0.739908
3.21382
2.89247
3.45343
3.20031
3.55956
0.120405
1.51671
0.794379
2.53814
1.90664
4.26496
1.11975
1.19925
1.84404
2.34709
1.64458
1.26068
2.02375
1.97868
1.71797
0.451951
0.898244
0.898244
1.08129
0.635959
0.256199
0.701278
0.802321
1.56801
1.00815
1.03681
0.821461
0.76317
1.02412
1.00969
1.92999
1.4586
1.1696
2.77223
0.767113
0.767113
0.703192
2.59806
1.96257
5.88241
6.96973
6.86871
1.41008
1.35172
1.26159
5.38476
4.92195
3.60662
2.19313
3.2905
2.47478
1.51564
2.10636
0.336927
1.5046
0.887234
0.981359
0.29934
0.621188
0.808476
0.808476
0.887234
1.47583
1.69074
1.10573
0.84844
0.84844
0.672122
1.60615
0.672122
0.672122
0.863543
0.863543
2.039
1.4054
1.4054
0.824108
0.824108
1.89261
0.887234
0.612328
0.924366
1.22442
1.12501
1.12501
6.81074
7.17054
5.74978
4.66016
3.2874
0.0831543
0.503351
0.864045
1.73579
0.95002
1.11328
5.11445
4.82966
0.192481
5.07934
0.804261
0.794379
7.24596
1.62505
7.27121
0.887234
1.04939
5.29091
1.5046
5.23818
1.50845
3.68646
1.3594
3.68646
0.887234
1.58489
3.81711
0.77071
3.81711
3.81711
0.887234
3.68646
3.48593
0.526254
1.32101
0.92373
3.48593
1.02069
1.55085
0.887234
0.271455
1.5046
0.615119
2.06281
0.703192
3.68646
3.48593
0.92373
0.95002
1.58489
3.48593
3.0187
1.36821
0.0306926
1.5046
3.75875
0.420375
1.5046
1.02069
0.805061
0.887234
0.932607
3.2415
0.556814
0.887234
1.07067
2.05533
3.55976
3.2415
1.5046
0.199681
1.05364
1.22221
1.59266
1.5046
0.750358
1.33889
1.12501
1.3594
0.915802
3.11272
3.20798
0.672538
0.995513
0.995513
1.58489
0.995513
0.995513
2.89852
3.55976
0.887234
0.805061
0.995513
0.733831
0.0747071
0.995513
0.773145
0.602783
0.887234
0.672538
0.604201
1.83179
1.83509
1.03768
1.00274
0.887234
0.887234
0.828808
1.32315
1.5046
0.727038
1.03768
1.00969
0.872261
1.79353
0.887234
0.567481
3.47952
0.887234
0.887234
0.120701
0.887234
0.711225
0.887234
0.991015
5.27914
1.06335
1.07902
2.04842
3.07897
0.887234
0.740318
1.32764
3.15605
1.5046
0.798299
0.915802
4.00382
1.85119
0.981359
7.7465
1.11328
1.12501
2.63576
1.1812
0.887234
0.09136
0.615769
1.58489
1.12501
4.01561
1.12501
1.0386
0.618076
0.452318
0.525566
2.93512
0.403608
2.06089
0.715668
3.10131
6.55216
0.740318
0.738275
0.452318
1.00862
0.798299
1.06335
0.671191
2.82179
1.00862
1.38163
0.692397
0.95002
2.85732
0.740318
3.13618
0.887234
1.21915
1.12501
7.66671
1.03768
2.85732
0.729954
1.32764
7.66671
0.79067
1.12501
2.79018
3.02447
0.615769
2.848
7.7465
0.139824
3.41554
0.615769
1.3594
0.499207
3.4401
2.1027
1.68612
3.09839
3.09839
1.12501
0.500872
1.02475
0.14777
0.887234
3.4401
0.750358
1.21915
0.358197
0.139824
0.887234
0.139824
1.07676
0.915802
1.5046
0.0269683
0.139824
7.66671
3.21441
3.4401
6.43393
0.139824
6.64764
1.06841
0.358197
6.59833
0.887234
0.358197
1.58602
3.21441
3.32934
1.50093
7.66671
1.58489
7.7465
1.58489
0.821461
1.05364
6.43393
6.43393
7.66671
1.50845
1.17957
1.06775
0.139824
0.750358
3.53178
1.02069
3.53178
0.802321
6.5135
0.499445
7.66671
0.139824
1.06775
3.53178
0.139824
1.13788
0.00552463
0.358197
0.887234
0.530033
0.977275
0.887234
6.5135
0.887234
0.358197
0.887234
3.30087
0.246174
6.65126
0.96389
6.64764
6.65126
1.17957
0.155874
1.12501
1.58489
1.06775
0.602783
0.358197
0.358197
1.3594
1.02475
1.94886
1.3594
1.00969
4.18506
4.18506
0.872261
2.25316
0.102617
0.872261
0.915802
4.35865
2.33494
0.364572
0.199681
1.93746
0.618076
0.193507
0.813198
1.08065
1.3594
7.7465
0.168478
4.22084
4.22084
0.995459
0.863543
6.8197
0.887234
1.06775
0.283283
1.38188
0.773145
0.692397
0.692397
0.672538
0.887234
7.84065
1.5046
3.66976
7.84065
7.84065
0.703192
1.26994
7.84065
0.887234
0.887234
0.887234
1.0386
0.887234
1.12501
5.44425
1.03412
6.39248
0.567481
0.358197
7.84065
7.02592
0.946676
1.12501
0.887234
7.7493
7.84065
7.84065
0.799904
7.84065
1.06841
1.06775
0.112742
0.711225
0.199681
1.5046
6.93398
7.7465
0.499445
0.738275
7.7465
7.7465
1.18954
0.358197
0.887234
1.0386
7.7465
7.7465
0.703192
0.808476
1.32101
1.23352
6.80991
0.887234
0.887234
7.7465
0.394764
0.887234
1.20649
1.30788
1.69764
2.27501
2.28654
3.40089
2.2521
1.39452
0.887234
0.887234
7.63633
7.63633
0.887234
1.89706
0.750358
1.1607
0.639539
1.16124
2.40754
0.887234
2.50552
0.815051
1.4486
1.5019
1.43298
0.199681
7.7465
0.358197
0.887234
0.96657
0.487935
0.974671
1.21915
0.395262
3.86133
1.3594
0.358197
2.45904
0.358197
7.7465
7.7465
6.93398
3.64845
0.199681
0.358197
1.06775
0.0269683
0.344491
0.518888
0.358197
0.887234
0.887234
0.703192
0.887234
7.7465
1.58489
0.887234
0.887234
1.63096
7.0117
7.7465
3.54281
7.7465
3.64845
0.618076
2.12914
0.556814
1.0322
0.950614
0.199681
0.277948
0.915802
7.7465
0.887234
1.3594
7.7465
5.29564
0.887234
0.811023
1.3594
7.7465
0.358197
1.12501
7.7465
7.7465
0.199681
0.199681
0.799904
0.84844
3.62538
5.7356
0.14777
0.808476
2.67764
2.81313
1.50845
2.56986
0.420598
0.0623622
1.04939
3.33319
1.1318
0.887234
1.04939
2.93916
0.259851
1.17228
0.767113
1.04939
1.27652
1.53698
1.12501
0.877979
1.04453
1.03768
0.618909
0.323142
1.00862
0.795679
1.12501
0.140111
1.26736
0.567481
1.25604
0.996533
1.44942
1.84242
0.602028
0.513304
0.499207
1.11975
1.12501
0.0274332
0.693378
1.06775
1.06775
1.59372
1.15446
0.887234
4.40293
0.756338
1.3594
1.12501
0.499445
0.950614
1.16758
7.7465
1.30788
1.4054
1.21915
1.11328
0.499207
0.358197
7.52838
0.199681
0.615119
1.25322
4.67596
0.288733
1.14771
0.453797
0.887234
0.199681
1.11328
0.887234
1.78548
1.2775
0.395262
0.395262
3.82251
1.26994
0.199681
0.887234
1.11993
1.12501
0.887234
0.282706
0.0384622
1.34976
1.04453
7.6001
0.747023
0.887234
1.3594
1.11585
0.916555
0.126506
0.816075
0.358197
0.126506
0.805061
0.499207
1.14771
1.4054
1.35172
0.805061
0.995459
0.358197
0.887234
0.887234
0.452318
1.79192
0.808476
7.73077
0.813198
0.887234
0.773064
6.53572
0.740318
2.5003
1.29652
1.05591
7.7465
0.801687
1.26994
1.08065
3.70646
0.567481
1.32101
0.887234
0.199681
1.1877
0.518888
0.887234
0.887234
7.27664
0.95002
1.5046
0.358197
0.802321
0.777476
0.672122
0.728283
0.703192
0.887234
7.62572
0.887234
1.15535
1.50845
0.799904
0.887234
0.887234
0.815224
1.3594
0.452318
0.815224
0.815224
1.03412
0.981359
3.76767
1.78224
0.750358
0.828808
0.499445
0.672538
1.12501
0.14777
1.19232
0.946685
0.14777
1.58489
0.518888
1.10094
0.96389
0.765832
0.556814
7.7465
7.7465
0.629453
0.370834
0.671191
0.831905
0.597113
0.815224
1.61871
0.915802
7.7465
0.821711
1.10094
2.83679
1.90655
1.15322
0.518888
0.311845
0.414195
1.12501
1.04939
0.358197
0.672538
7.34526
1.12501
1.3594
0.887234
1.56701
4.22626
1.80462
1.04453
1.06335
7.7465
1.3594
0.14777
1.3594
3.12794
0.672538
7.7465
0.269024
1.3594
0.740318
0.550791
0.740318
0.887234
2.00381
0.525566
1.06841
1.29652
7.7465
0.636431
0.358197
7.7465
7.7465
0.915802
1.3594
7.7465
0.199681
1.64118
1.61871
0.199681
0.850134
7.7465
7.7465
1.3594
1.58151
0.522115
1.3594
0.199681
7.60124
7.60124
0.556814
1.36126
0.985608
1.10094
1.3594
1.3594
1.10065
1.3594
7.7465
0.995459
0.887234
0.805061
1.12501
7.7465
1.30788
1.58602
0.358197
1.3594
1.22599
0.887234
0.959742
7.7465
7.7465
1.12501
0.692397
1.5046
1.56937
0.358197
7.7465
2.05469
0.887234
0.887234
7.7465
7.7465
0.802977
4.04204
1.32101
0.887234
1.3594
0.887234
1.10094
0.0608626
0.887234
0.887234
0.750358
7.7465
7.34526
0.579848
0.180835
0.433264
0.311845
7.34526
1.3594
1.50845
1.12501
1.10094
0.311845
1.37183
1.46916
7.7465
0.813198
0.887234
1.06775
0.167681
7.7465
1.31578
0.499207
1.06841
0.358197
7.7465
7.7465
0.615769
0.281607
0.452318
1.3594
2.05533
7.62423
1.12501
1.02475
0.765832
1.3594
1.3594
0.672122
0.946685
0.946685
0.887234
0.602783
0.887234
1.58489
7.02431
0.499508
1.3594
1.32315
1.1877
1.0386
1.03412
0.567481
0.842386
0.887234
0.828808
0.873596
0.420375
0.887234
0.981359
0.828808
0.750358
0.887234
0.887234
1.0386
0.887234
7.36993
1.10094
0.671191
0.750358
1.20649
7.84065
0.887234
0.692397
0.887234
1.50845
0.703192
0.370834
0.887234
1.3594
1.3594
0.985608
7.7465
1.11328
7.7465
0.329419
0.311845
0.863543
0.897966
2.02077
0.995459
0.9911
0.887234
0.740318
0.887234
7.7465
2.05469
1.12501
0.915802
0.728283
0.358197
1.3594
0.887234
0.615119
0.980909
0.887234
0.556814
1.05364
1.07676
0.887234
0.629453
0.887234
0.887234
1.07676
6.42046
5.89959
6.0147
1.56063
1.13627
0.821834
0.887234
2.60453
1.79339
1.00862
1.71262
2.53867
1.3336
7.72553
0.413786
1.29652
0.358197
0.567481
0.311845
0.298822
4.39973
0.887234
1.51169
0.308277
7.62423
0.815224
7.7465
7.7465
0.750358
1.3594
1.3594
1.3594
7.62423
7.7465
0.0747071
7.7465
0.872261
0.0443087
0.199681
0.818843
0.292457
1.31726
0.358197
0.995459
1.16941
0.740318
0.636431
1.84205
6.91124
1.18954
7.80002
0.887234
0.0443087
6.28614
0.985608
7.55759
3.5695
0.824108
1.3594
0.994133
0.672122
0.615119
0.887234
1.08065
0.629453
0.887234
0.358197
1.11328
1.08065
1.08065
1.43629
0.887234
1.08065
1.58489
7.36565
7.62423
0.995459
1.4054
0.352314
1.2468
1.34644
0.286592
0.887234
0.618076
0.738275
0.977275
0.887234
0.296362
0.887234
0.887234
1.49009
1.07067
0.00782895
0.00782895
0.808476
0.887234
0.00782895
0.602783
0.00782895
0.00782895
0.887234
0.887234
1.19876
0.00782895
0.887234
0.00782895
0.887234
1.05364
1.11252
0.821711
0.887234
0.452318
1.11252
0.95002
2.16562
0.199681
0.977275
0.887234
1.05591
0.834575
4.62194
1.56922
5.24779
1.12501
0.46763
0.887234
2.09538
0.599023
1.3594
0.265038
4.3168
0.863543
7.7465
0.887234
0.95002
0.525566
7.7465
0.556814
0.288733
4.19897
2.93032
1.00969
7.5471
1.18884
0.74912
7.7465
2.17041
0.782193
0.779424
7.32481
1.05364
2.11203
3.81207
0.302664
0.915802
0.887234
1.11328
0.602783
0.887234
2.11203
0.951589
0.887234
5.68289
0.887234
0.328889
7.7465
0.370834
5.71412
0.740318
0.385288
0.887234
0.828808
2.04813
5.71412
7.7465
5.79183
7.7465
0.6583
1.22454
0.981359
2.08574
0.525566
0.525566
1.30938
2.25286
1.15535
0.821834
1.49009
1.12501
0.750358
0.887234
6.62364
4.21875
2.11203
1.06775
5.79183
7.7465
0.703192
2.28336
2.11203
4.10259
0.887234
0.518888
4.10259
2.11203
5.79183
1.12501
5.79183
2.11203
0.821834
0.995459
0.887234
4.31142
0.813198
0.740318
6.70936
0.726999
6.34344
1.23977
1.1877
0.887234
1.32764
0.887234
0.56347
0.887234
0.692397
0.750358
0.56347
0.887234
1.35097
0.915802
0.887234
1.15003
1.12051
0.887234
0.887234
1.63263
4.33374
4.24646
4.10892
3.35825
2.19495
2.36893
1.34924
0.567481
0.828808
1.32468
0.740318
3.12885
1.39452
2.8066
7.7465
0.453797
0.804261
7.7465
2.99426
1.17055
1.37718
0.886257
7.7465
0.421783
0.887234
3.85531
5.87115
3.7442
0.48649
1.72857
0.915802
2.99426
1.03412
0.518888
0.887234
0.672538
1.06775
1.04453
0.567481
1.11252
1.00862
0.738275
0.813198
0.977275
0.977275
0.887234
0.420375
7.7465
0.869014
1.12501
7.7465
7.7465
3.21507
3.47397
1.0386
0.382468
5.74705
7.7465
0.887234
0.887234
0.777476
0.420375
7.7465
0.887234
1.12501
0.887234
7.7465
1.14771
7.7465
7.7465
1.58489
0.887234
3.00418
7.7465
0.887234
3.7442
0.872261
4.32882
0.618995
3.15363
7.7465
1.49796
1.12501
7.7465
0.500872
1.32101
0.824108
0.435172
7.7465
0.370834
7.7465
7.7465
7.7465
2.09114
2.73959
1.02069
0.421783
0.981359
0.567481
3.91847
3.91847
5.12557
5.23176
5.16628
5.23176
7.31409
7.7465
0.802321
5.23176
0.499207
5.16628
2.85998
7.7465
2.09041
3.85531
1.3594
3.98522
0.887234
1.12501
1.1877
0.499207
3.85531
0.499207
1.07067
7.7465
0.525566
0.671191
0.887234
0.908942
0.985608
0.31397
1.0386
1.79509
5.74516
0.977275
0.740318
1.26994
7.84065
7.84065
3.96213
0.556814
2.66063
6.37222
0.983832
1.15322
1.44734
0.977275
0.887234
0.887234
0.946685
0.887234
0.799904
0.0124472
1.00862
0.887234
0.370834
0.500872
0.799904
0.799904
1.50845
0.499207
0.579848
5.94321
1.50845
1.05746
7.41506
0.873596
7.50171
0.887234
1.05591
1.07902
2.73959
3.96562
0.777476
7.50171
1.49939
1.06841
5.88001
1.12501
7.40958
7.40958
1.00969
0.688415
1.06205
1.11252
0.31397
0.615119
1.00862
1.3594
1.0386
3.49451
0.765832
0.765832
0.84844
1.0386
0.329419
2.57034
0.328889
0.499207
2.1325
1.12501
7.7465
1.90564
0.671191
1.02475
0.602783
7.7465
3.94066
7.7465
0.672538
1.12501
0.887234
0.887234
0.328889
1.03647
0.740318
1.32695
0.556814
0.0869906
5.43609
0.499445
5.92078
1.53356
0.887234
0.629453
1.37684
0.602783
0.722157
1.15003
0.9911
1.41325
0.40778
5.01385
5.3206
0.671191
1.1877
0.615769
5.3206
1.12501
1.03768
1.12501
0.382071
0.453797
1.12501
1.38431
1.38431
0.799904
0.0667332
0.887234
0.887234
1.3594
7.7465
0.887234
1.06775
1.07676
1.58489
7.7465
5.00243
7.7465
5.91795
1.12501
0.499207
0.525566
1.07676
5.00243
2.97801
1.39452
0.887234
0.777476
7.7465
7.7465
0.425735
0.915802
1.06205
7.7465
7.7465
0.738275
0.887234
0.887234
0.872261
6.7391
1.32101
0.567481
0.556814
7.7465
0.887234
0.887234
7.7465
1.51169
0.604201
0.887234
0.887234
1.06205
0.420375
1.3202
0.602783
0.887234
0.887234
7.7465
7.7465
7.7465
0.453775
7.7465
0.740318
1.12051
5.0282
1.12501
7.7465
0.499207
0.499207
7.7465
0.636431
0.84844
5.28839
5.72641
7.7465
5.8402
5.8402
1.0386
7.7465
7.7465
0.887234
0.887234
5.28839
0.499207
1.20061
5.22475
0.740318
0.740318
1.06205
6.10732
0.887234
0.887234
0.887234
1.12501
1.21275
0.424999
0.900922
1.21275
0.124772
0.636121
1.39569
0.824108
1.83473
0.915802
6.81463
1.4054
0.56347
0.863543
7.34137
0.863543
1.21275
0.263622
1.21275
1.48775
6.10732
5.12262
1.21275
5.12262
0.420375
0.887234
0.887234
0.525566
0.995459
5.78463
0.799904
0.799904
0.692397
1.16834
0.500872
0.887234
0.887234
0.804261
0.886257
2.00698
1.00862
1.50742
2.55954
0.738275
1.00969
0.692397
0.604201
1.03412
1.30788
1.04939
0.995459
0.308277
0.308277
2.19801
1.7822
1.15535
1.03768
0.821834
1.19437
0.370834
0.887234
0.887234
0.312097
1.03768
0.887234
2.70426
0.887234
0.887234
1.06775
3.1694
1.21275
0.887234
0.740318
1.32764
1.21275
1.07538
6.29097
2.13167
0.887234
1.21275
4.90795
1.21275
0.556814
1.22763
8.69902
5.12388
0.401273
1.00862
1.12501
0.870554
0.887234
0.401273
4.88521
0.308277
5.00425
0.887234
5.00425
5.00425
0.401273
5.91744
6.08645
5.86082
0.0840021
2.20113
0.821834
5.47679
1.77732
0.56347
0.821711
0.887234
0.499445
1.12501
6.45438
0.887234
5.56074
0.887234
0.151787
5.56074
0.499207
5.56074
1.12501
7.7465
1.12501
1.21275
5.75543
1.05591
0.887234
0.750358
5.84686
3.20837
1.58489
1.35669
5.70715
4.99453
7.7465
1.45769
0.96389
1.4801
5.93233
0.777476
7.64053
1.30108
2.64546
0.500872
0.500872
0.500872
0.887234
1.43635
3.91749
0.863543
1.25564
1.18373
0.56347
0.815224
7.64053
7.7465
1.32764
0.319425
1.53092
1.19226
1.42084
0.887234
0.604201
1.12501
1.78072
1.25732
1.88927
0.277857
0.887234
1.61086
1.04939
0.602783
0.977275
0.499445
0.701509
0.561314
0.567481
0.765832
0.740318
6.16775
1.37928
0.750358
0.153078
0.887234
5.56074
0.126745
0.499207
0.499207
0.308277
1.21915
0.887234
1.50845
0.887234
0.738275
0.887234
1.12501
0.151082
0.887234
0.579848
1.37946
0.802321
1.21915
1.59805
1.21915
0.887234
1.21915
0.499207
0.799904
1.57287
0.799904
0.995459
1.32764
0.452318
0.618076
0.765832
1.12501
0.887234
0.887234
0.802321
0.887234
0.887234
1.03412
5.37858
0.401273
0.887234
1.35669
0.991015
0.567481
0.815224
5.84686
1.11328
0.95002
0.802321
1.12501
0.537008
1.02069
0.452318
0.370834
1.12501
0.499207
0.629453
1.21275
1.12501
7.7465
0.887234
7.7465
0.887234
0.499207
0.815224
7.03141
5.84686
0.995459
1.12501
0.802321
0.499207
0.499207
1.21275
0.151082
7.7465
7.7465
7.7465
1.06841
7.7465
7.7465
7.7465
7.7465
7.7465
7.64053
7.7465
7.7465
7.7465
0.499207
0.740318
0.636431
7.7465
0.499207
0.887234
7.7465
0.887234
0.887234
7.7465
0.401273
0.574517
0.288733
0.499207
0.740318
0.805061
0.887234
1.15535
1.12501
0.887234
1.0386
0.799904
0.887234
0.612328
1.0386
0.288733
1.06841
1.3594
1.32764
1.02069
4.02066
2.27383
0.0580037
0.0888598
0.0888598
1.04602
5.51494
0.499207
0.499207
1.12501
1.00969
0.672538
1.54307
0.887234
1.80168
7.76114
1.58489
0.599023
0.887234
7.7465
0.499445
7.7465
7.7465
0.499207
0.96389
2.27404
4.00277
0.805061
0.525566
0.418565
0.0266142
0.887234
0.401273
0.499207
1.1171
0.887234
0.887234
1.7537
1.21275
0.887234
0.887234
0.887234
0.499207
1.27912
1.93387
0.499207
0.799904
0.00556311
0.499207
0.401273
0.499207
0.499207
7.7465
1.04453
0.887234
0.499207
0.887234
0.401273
0.887234
7.7465
0.887234
0.499207
1.30788
0.750358
0.915802
1.04939
1.15535
0.499207
1.02475
7.89473
0.887234
1.1171
0.887234
1.18954
0.401273
1.06841
1.38573
0.401273
1.20426
0.452318
1.02069
7.7465
7.7465
0.499207
7.7465
0.499207
0.887234
1.21275
1.54307
0.401273
0.887234
2.07563
7.7465
7.7465
0.887234
0.887234
0.887234
0.777476
0.401273
1.25732
0.692397
0.887234
1.12501
0.452318
0.887234
0.799904
1.12501
0.703192
1.12501
1.12501
1.12501
1.12501
1.12501
5.91321
0.887234
0.887234
0.615119
1.43015
0.773136
0.915802
0.0849283
0.801687
0.915802
0.085326
0.801687
0.915802
0.801687
0.915802
0.801687
3.35791
2.33598
1.5303
0.801687
0.499207
1.06841
0.887234
0.887234
1.16657
0.981446
0.537008
0.981446
1.12501
0.821711
1.12501
5.76858
0.435898
0.804261
4.58759
7.70672
0.493182
1.02475
0.121813
1.15003
0.985608
0.977275
1.34283
1.59171
0.887234
1.36821
0.981446
1.12501
1.22763
1.32351
1.11252
0.500872
1.12501
1.21275
0.887234
7.7465
0.602783
0.629453
0.815224
1.05591
0.981359
0.740318
1.25732
0.981446
0.703192
0.672538
0.672538
1.32315
0.425735
0.401273
0.887234
7.7465
0.887234
0.808682
7.7465
1.39305
1.21275
1.23346
0.887234
2.27838
0.740318
7.7465
1.12501
0.886257
0.887234
1.1171
7.50752
0.887234
1.02069
0.579848
1.58489
1.03412
1.21275
0.0158796
0.981359
6.98282
0.887234
0.828808
1.12501
4.46595
4.44925
7.48587
0.0750264
0.887234
0.298822
0.370834
7.48587
7.48587
0.499207
0.298822
1.21275
7.48587
1.35172
0.9911
1.02069
0.964132
1.1853
1.37534
2.09573
0.959245
7.48587
0.499207
0.887234
5.69876
1.21275
0.556814
0.201787
0.0750264
5.76393
0.221059
1.12805
1.02069
1.17228
0.887234
1.36821
0.0750264
1.02069
1.06775
0.887234
0.0750264
7.48587
1.05364
1.12501
1.58489
0.0750264
1.18954
1.11328
0.629453
1.12501
1.77732
0.723915
5.57874
1.00862
0.0750264
3.40816
0.0750264
0.765832
0.56347
1.30788
1.35172
1.30788
0.298822
0.499445
6.82797
1.43002
2.954
0.805061
1.07902
0.77071
0.518888
0.821711
0.887234
0.765832
0.887234
0.556814
0.887234
0.863543
1.08811
1.02475
0.96389
1.05364
6.81149
3.70223
0.740318
0.0750264
5.49103
0.740318
0.401273
0.887234
0.370834
1.16001
0.298822
0.401273
1.35172
0.886257
1.37684
0.401273
0.499207
0.765832
0.762511
6.72785
0.802321
0.863543
0.863543
0.95002
1.22321
4.20209
6.86458
0.737793
1.3594
0.887234
0.985608
0.231468
3.43051
0.401273
5.86565
3.02582
0.887234
0.887234
1.1171
6.72785
0.126506
0.887234
5.24077
6.86458
1.30788
1.5046
0.802321
1.11252
1.36821
0.312098
1.38817
1.46228
5.50665
2.97639
4.07639
0.629453
1.51169
0.629453
1.21915
1.00862
1.00862
0.164443
1.58489
1.1877
3.04056
1.4054
1.15535
0.9911
5.55216
5.55216
1.3594
0.499207
3.4506
2.08988
0.495307
5.55216
0.602783
0.765832
0.370834
0.887234
1.58489
6.72785
1.42171
7.42223
3.48837
0.802321
1.35172
0.401273
1.1877
5.43733
0.308277
1.12501
1.4054
0.887234
0.765832
1.12501
0.985608
0.452318
0.452318
0.887234
1.58489
1.30788
0.425735
0.298822
5.43733
0.887234
3.18425
6.85853
0.692397
1.12501
3.4096
0.824108
0.851036
1.23218
0.977275
0.887234
0.899458
1.23218
0.887234
0.887234
0.821711
0.995459
5.43733
1.20662
6.82047
0.887234
0.576709
1.35172
0.636174
0.887234
0.821834
0.946685
0.821834
0.821834
0.887234
0.671191
0.77071
0.567481
0.96389
0.96389
0.863543
0.863543
0.0885275
0.195902
0.831352
0.887234
0.887234
0.672122
0.0888598
0.915802
0.217413
0.376512
0.915802
1.45036
0.672122
0.166334
0.887234
0.794379
0.887234
1.00969
1.00969
0.750358
1.00969
0.750358
1.00969
1.00969
1.12501
0.308277
0.629453
0.887234
1.20429
0.56347
1.02705
0.56347
0.887234
0.887234
0.56347
0.56347
0.56347
0.887234
0.602783
1.12501
0.602783
0.602783
1.75959
1.41891
0.115463
0.887234
2.29698
1.70935
0.671191
3.17907
5.13799
5.33536
3.85856
1.38779
5.19601
1.06841
0.985608
5.19601
0.887234
5.08234
4.12296
6.58848
0.96389
0.887234
0.887234
1.71304
0.702818
0.702818
1.35637
1.35637
0.740318
1.49523
0.298822
0.500872
6.93468
0.887234
0.821461
5.3771
1.12501
5.57993
0.887234
0.579848
6.86458
1.32101
0.887234
0.750358
3.81062
1.30788
0.298822
2.31798
5.57993
0.887234
0.499207
0.499207
0.615119
5.57993
1.36609
5.57993
1.4054
1.56063
7.08436
5.69439
0.908942
0.0667332
1.12501
6.94785
0.11589
1.02475
0.887234
3.87466
6.94785
3.76062
6.94785
0.499207
5.36755
0.298822
1.36609
1.58489
0.638209
1.91853
1.32764
0.636431
0.887234
2.31798
3.51835
0.821461
1.49104
1.26994
0.887234
3.34005
1.50845
0.499207
7.7465
0.887234
0.755893
0.499207
0.871006
1.00862
1.00862
3.98346
0.672122
0.804261
1.00969
0.556814
0.995459
0.802321
0.615119
1.06775
2.1068
0.425735
1.00969
0.453769
1.14771
2.65617
7.64941
0.887234
0.908942
0.276081
1.12501
1.06775
0.815224
1.58489
0.799904
0.887234
1.17228
0.887234
0.671191
1.5046
1.35557
0.887234
0.887234
1.18954
0.672122
0.887234
0.722157
6.26236
1.58489
6.42413
2.11947
0.887234
1.3594
2.50322
0.805061
0.887234
0.692397
0.418917
0.567481
0.777476
0.834575
1.25732
0.740318
2.04925
3.17102
1.23691
2.32564
1.15003
0.821711
0.499207
0.740318
1.3594
3.17102
0.887234
0.288733
2.04925
3.05261
3.05261
2.04925
0.887234
1.17228
7.0748
3.17102
2.06034
1.07902
0.0593285
7.0748
2.04925
0.672538
0.765832
0.499445
3.17102
1.4873
3.17102
3.17102
3.17102
3.17102
0.777476
3.17102
6.02254
1.32764
3.17102
2.61484
0.84844
0.615119
0.370834
1.32101
0.743982
0.872901
0.339892
2.91045
1.07067
1.72843
0.738378
1.50845
1.50845
0.84844
1.25732
1.50845
1.0386
0.452318
1.4054
0.887234
1.39833
0.887234
4.98166
1.37696
1.05364
0.834575
0.525566
1.07902
1.42534
1.63022
1.20061
2.9336
2.11984
1.42534
2.22972
1.17228
1.44627
2.9336
0.887234
2.07492
2.07492
1.47461
2.07492
0.985608
1.11451
0.420375
2.07492
0.887234
1.58489
0.805061
0.887234
1.8298
0.401273
1.63022
1.02475
1.50044
2.07492
0.671191
2.07492
2.07492
0.296185
0.750358
0.834575
2.07492
0.308277
2.07492
2.22972
0.579848
2.07492
1.18954
2.07492
0.798299
0.887234
0.671191
0.731976
1.02475
0.738275
0.615119
1.12501
0.615769
2.07492
2.07492
0.1446
0.815224
1.17228
2.22972
2.22972
1.60136
2.22972
0.596168
2.22972
0.95002
2.07492
1.12501
0.887234
2.07492
1.33562
1.65409
0.602783
0.52848
1.12466
0.750358
0.867221
0.887234
1.54307
0.799904
1.03768
1.59735
0.703192
0.703192
0.269024
0.821711
0.464988
0.887234
0.828808
0.574517
0.272717
0.703192
0.703192
0.518888
0.96389
0.721424
0.887234
0.887234
0.887234
0.887234
0.602783
1.30001
1.7372
0.1446
1.58489
0.0593285
2.07492
1.63022
1.70557
1.03768
1.44627
1.44627
0.207239
0.740318
0.740318
2.1325
2.07492
2.27968
1.11514
0.821461
0.799904
1.30133
1.54599
2.83911
0.887234
2.07492
0.0748136
2.07492
2.15763
2.15763
0.915802
0.166334
1.44262
0.692397
1.44627
1.44627
1.91368
2.00946
0.887234
0.169196
1.07676
1.0386
0.288733
2.15763
0.887234
2.07492
0.750358
2.15763
2.15763
1.32764
1.5046
0.636528
1.06841
0.887234
1.06841
0.452318
0.805061
0.981359
0.887234
0.525566
1.4054
0.887234
0.863543
0.887234
0.420375
0.946685
0.692397
1.12501
0.579848
0.499445
0.887234
0.56347
0.887234
2.15763
2.15763
2.15763
0.740318
0.636431
2.32305
1.11328
1.03412
1.32083
0.500872
0.716209
0.0334765
0.497949
1.45206
0.765832
0.189764
0.887234
1.44627
4.88036
1.44627
2.07492
2.49234
2.15763
0.84844
2.07492
1.61171
2.15763
2.15763
2.15763
0.499445
1.44627
2.15763
2.07492
1.12501
0.977275
2.00399
0.765832
1.44627
0.887234
0.887234
1.44627
1.07676
1.44627
2.21104
2.15763
2.15763
1.44627
2.07492
0.887234
0.821461
2.22972
0.435898
1.24294
1.06841
1.06841
1.12501
0.567481
1.02069
1.44627
1.44627
1.44627
0.435898
0.740318
0.166334
1.6774
0.977275
1.61599
1.44627
0.567481
0.863543
1.12501
1.44627
1.39734
2.09619
1.17228
1.17228
1.02475
1.58489
1.11328
1.7372
0.767113
1.44627
2.15763
0.887234
0.409083
0.0429026
0.082421
0.713859
1.45769
0.802321
0.794379
0.256054
0.794379
0.794379
1.05364
0.821711
1.15535
1.44627
1.44627
3.34736
2.18877
1.63022
3.67933
1.31136
0.288733
1.12501
0.887234
1.42806
1.44627
1.44627
3.69766
0.391041
1.60136
2.52311
0.376775
0.288733
1.9054
1.69921
1.47461
1.12501
3.63819
3.63819
0.887234
1.89357
1.17228
2.32248
1.51602
1.4054
0.821711
1.42534
0.499445
6.47787
1.12501
0.728283
0.834575
0.269024
7.78605
1.20061
0.887234
6.05048
0.96389
0.396367
0.629453
0.750358
0.602783
1.12501
1.00862
0.328259
0.887234
0.887234
0.420375
7.01956
0.821711
7.7465
7.65766
0.887234
2.40709
6.9523
0.604201
1.37928
0.887234
3.60048
0.418917
0.20982
1.45072
0.947124
0.750358
1.74462
3.38244
0.671191
7.78095
7.95145
0.579848
6.56099
0.435898
2.00674
6.56099
6.56099
1.11514
6.56099
6.56099
0.499207
0.378651
3.60048
1.47461
1.02475
7.61854
7.61854
1.76912
1.0386
0.567481
0.740318
1.03768
1.76912
0.887234
0.618076
0.887234
3.1349
0.499445
0.531699
0.378651
0.887234
0.750358
0.821834
3.48355
0.821711
0.499207
2.29198
6.42631
3.39193
6.32035
3.39193
6.32035
0.0808779
3.50224
3.91764
1.72341
0.805061
1.41557
7.86563
1.05591
0.750358
7.33532
2.55786
1.35172
1.35172
0.701957
6.42631
7.53121
0.887234
0.824108
0.765832
0.95002
1.46652
0.84844
0.604201
0.991015
6.51482
0.423008
3.49157
1.3594
0.887234
1.12501
1.11514
0.604201
1.18954
1.32101
2.95003
0.977275
1.14248
0.145449
0.815224
0.863543
0.915802
3.3363
0.145449
0.24826
0.567481
0.740318
1.50873
1.45072
0.995459
1.54662
0.887234
0.692397
1.05591
7.39128
1.02475
1.4054
0.815224
0.887234
1.32764
0.887234
6.03287
0.887234
0.370834
0.887234
0.798299
1.06775
0.887234
0.182564
0.166334
1.24302
0.0460765
0.887234
0.977275
3.39298
3.39298
1.59058
1.74462
1.74462
3.39298
0.604201
0.887234
1.30788
0.887234
7.39128
1.66449
0.821711
0.424271
0.302845
0.887234
0.887234
0.77071
1.59058
1.59058
0.887234
0.308277
1.45953
0.872261
1.53248
1.04453
0.192841
0.767113
1.59058
1.59058
1.59058
0.328889
2.43789
1.35172
1.59058
0.887234
0.518888
1.5031
0.887234
1.5031
1.77732
1.0386
0.618076
1.07067
1.3594
0.268109
1.5031
0.500872
1.1089
1.5031
0.887234
0.0460765
0.767113
1.00862
0.887234
1.5031
1.5031
0.871006
0.740318
0.802321
1.5031
1.5031
1.5031
1.3594
0.672122
1.06841
1.5031
1.5031
1.11514
1.5031
0.567481
1.12501
1.5031
0.887234
1.5031
0.765832
1.45072
3.76069
1.46991
1.26994
0.991015
0.308277
0.887234
0.927526
1.02069
1.3594
1.3594
1.3594
1.3594
1.3594
1.5031
1.5031
1.12501
7.5218
1.19093
0.984853
0.887234
1.52943
1.05591
2.10363
1.20061
2.07807
0.231468
0.452318
0.452318
0.887234
0.887234
2.04794
1.30788
1.50399
0.107273
0.370834
0.569396
1.30398
0.0997244
1.05591
1.05591
1.34299
0.887234
0.612328
0.1572
1.5046
0.536968
1.5176
3.83672
1.07902
0.927526
7.7465
0.887234
1.3594
1.3594
1.74462
7.5218
1.3594
0.0642325
1.5031
0.887234
1.5031
0.927526
7.7465
0.435898
0.84844
0.927526
1.3594
0.927526
1.3594
0.927526
1.3594
1.77732
0.679737
1.03412
0.927526
0.887234
0.887234
1.3594
1.3594
0.793907
1.5031
1.5031
0.927526
2.23183
4.01354
1.28939
0.163311
0.887234
1.57706
1.56567
1.3436
1.30128
0.927526
7.61586
1.07067
1.3594
1.0802
1.3594
0.0886459
0.887234
1.99395
1.71353
0.52545
0.042665
0.495283
1.13888
1.13888
1.25732
0.794379
0.370834
0.362228
0.915802
0.887234
1.15535
0.376512
0.177328
0.887234
1.15003
1.15003
1.15003
0.738275
0.886257
0.672538
0.672538
0.672538
0.887234
0.672538
0.672538
0.672538
0.672538
0.887234
0.525566
1.74462
0.288733
1.11328
0.622108
0.887234
1.76684
0.269024
1.28487
1.5031
0.703192
1.32101
0.863543
1.5031
1.25732
4.00361
0.887234
1.5031
0.815224
5.84734
0.750358
1.5031
0.917806
5.84734
0.740318
0.750358
6.10417
5.84734
1.5031
4.30565
7.6045
0.887234
6.33582
0.671191
5.84734
0.887234
5.84734
0.63775
1.08672
0.821834
7.5218
5.84734
1.3187
7.5218
0.750358
7.5218
4.30565
0.199681
7.5218
0.750358
1.5046
1.5031
7.7465
1.3594
0.815224
1.72389
1.5031
3.41239
5.74759
1.12501
0.887234
1.25732
5.84276
0.740318
1.74462
0.777476
0.636431
0.808476
7.5218
4.16563
0.400384
0.821711
0.687042
0.166334
0.750358
7.60983
0.0608626
7.49454
0.740318
0.887234
0.166334
7.49454
0.781559
0.740318
0.166334
1.06775
0.738275
0.887234
0.887234
0.887234
1.63248
0.887234
0.692397
0.728283
1.74462
7.7465
0.805061
0.166334
0.567481
1.50845
1.72389
0.579848
0.166334
0.738275
0.740318
0.370834
1.4054
4.03608
1.06775
1.09558
1.12501
0.166334
0.166334
7.41186
0.887234
1.16758
1.07067
7.5218
0.834575
0.765832
0.0128032
0.740318
1.72389
0.887234
0.887234
0.629453
1.20061
1.54023
0.603142
3.61562
1.2332
1.05364
0.740318
2.73383
0.740318
1.16453
0.887234
0.777476
6.18851
1.01893
0.887234
0.887234
1.35401
2.49438
1.21915
0.887234
1.5046
1.5046
1.5046
1.5046
2.56368
1.5046
0.63775
1.33277
0.981359
1.18954
1.5046
1.02069
1.30059
1.5046
0.733215
0.785898
0.834575
0.738275
1.5046
1.03768
1.48916
2.08399
0.821461
1.19925
0.887234
0.887234
2.85972
0.637634
1.66403
1.54023
1.68596
0.898588
0.672538
1.18954
1.12501
0.750358
1.34809
0.750358
0.969359
2.78033
1.5046
1.34809
1.59958
3.43031
0.969359
0.969359
0.55243
1.1175
3.03033
1.25732
0.887234
0.969359
0.95002
1.38192
2.91277
1.4086
0.499445
1.4086
1.38192
1.38192
0.671191
2.5066
1.64414
1.4086
0.887234
1.14771
1.23248
1.64414
1.04453
1.20809
3.58346
1.5487
0.887234
0.887234
0.615119
1.38192
0.828808
0.783371
1.48582
1.11328
1.30133
0.95002
2.14653
0.740318
1.50845
1.41825
0.887234
1.64776
0.295349
0.887234
0.464117
0.722157
0.887234
2.26658
0.887234
0.887234
1.16723
0.985608
0.618076
1.61599
2.14087
0.741311
1.97762
1.08775
0.767113
1.15064
0.556814
0.56347
1.46895
0.525566
0.887234
1.5046
1.34809
0.733215
0.733215
0.841754
0.63775
0.733215
1.5046
0.733215
3.27716
0.579848
0.115709
1.4086
0.177328
2.89642
1.23594
1.4086
0.481478
0.984066
0.802321
0.887234
0.481478
0.672538
0.722157
1.4086
1.5046
0.63775
0.0384622
1.48916
3.03909
3.03909
0.538329
0.887234
1.562
0.481478
0.63775
0.579848
1.13066
2.11431
0.887234
0.499445
0.887234
1.06775
0.63775
0.567481
0.0915786
1.64481
0.802321
0.887234
3.49004
1.02069
1.02069
1.12501
0.887234
0.821834
0.288733
0.556814
0.672122
0.887234
0.567481
2.16934
1.1877
1.85865
1.55688
0.805061
0.805061
1.93935
1.49388
0.887234
0.692397
2.80618
1.60971
0.281607
0.887234
0.629453
1.15829
3.87337
3.24976
1.13066
1.5046
0.871006
1.13066
0.887234
0.799904
0.63775
3.45214
2.73645
1.13066
0.887234
1.13066
2.73645
1.4086
1.12501
1.36932
0.887234
0.703192
0.703192
0.277758
0.804261
1.15081
1.38922
4.12813
1.13066
2.64245
1.08539
0.294144
1.64355
0.794985
1.92281
0.887234
1.74462
0.834878
2.23982
1.5046
0.179959
1.83248
0.887234
0.887234
0.449909
3.6926
1.10724
3.6926
0.908968
1.03412
1.10724
0.908968
0.575309
3.6926
3.28083
1.5046
1.41263
3.6926
1.5046
1.06764
3.56694
3.278
1.5046
1.24585
1.5046
3.56694
3.278
3.278
3.01489
0.722157
0.722157
3.56694
1.03122
0.946685
0.50286
3.5403
1.03122
3.56694
1.5046
1.18954
0.887234
1.96882
1.74462
1.5046
1.5046
1.74462
1.5046
3.56694
0.946685
1.5213
3.278
1.5046
0.0534523
1.5046
3.5403
7.50863
0.9911
1.03122
0.887234
3.56694
1.11328
0.231973
1.74462
3.41683
1.58489
1.5046
1.03122
0.525566
3.278
1.15535
1.5046
1.87629
1.5046
3.25299
1.04453
1.5213
1.5046
0.56347
1.39452
1.5213
1.5046
1.5046
0.9911
3.278
3.56694
0.200049
1.73029
0.915802
0.750358
1.5046
1.5046
1.5046
0.50286
0.251408
0.551291
1.50901
3.56694
1.5213
1.03122
1.18097
0.928589
1.74462
3.56694
1.30529
3.56694
3.56694
3.56694
0.102733
1.5046
3.56694
0.887234
0.887234
0.493571
0.887234
1.58489
1.37783
1.62979
0.799904
1.216
0.338391
0.370834
0.860416
0.860416
0.860416
0.332786
1.95614
0.194103
1.51169
0.863543
0.863543
1.5046
0.887234
3.10352
2.72158
3.82944
1.97539
3.56694
3.56694
3.34946
0.887234
0.887234
1.07902
0.551291
2.74631
1.00862
0.887234
0.802321
1.03122
1.05591
1.74462
3.56694
3.56694
1.03122
1.74462
1.03122
0.946685
3.56694
0.551291
1.78188
3.34946
1.78188
3.56694
1.15535
0.551291
1.78188
1.03122
0.887234
0.887234
3.5403
1.03122
1.74462
1.03122
0.926345
0.65026
0.716568
1.58492
1.08651
1.56417
0.121906
0.808542
0.808542
1.03122
3.27698
3.56694
1.25732
1.5046
0.551291
3.66055
0.802321
0.887234
0.887234
1.07676
3.33309
0.672538
1.03412
0.692397
1.12501
3.50537
0.887234
0.887234
3.58379
0.347916
0.274542
3.62337
0.765832
0.828808
0.887234
1.74462
3.50537
3.60218
1.78188
1.01312
0.873596
3.60218
1.18954
3.60218
1.78188
1.78188
1.11328
0.872261
0.946685
0.887234
0.740318
3.57835
3.86913
1.72562
1.12154
1.12964
1.78188
3.89284
0.871006
0.309368
0.692397
1.5046
0.615119
0.887234
0.0463262
0.96389
0.96389
0.84844
1.04453
0.887234
0.525566
2.09178
0.499445
0.84844
0.672538
1.06335
0.84844
0.887234
0.604201
0.804261
0.804261
0.887234
0.777476
0.863543
0.804261
0.711225
0.995459
0.995459
0.887234
1.18954
0.84844
1.37048
0.887234
0.886257
1.78188
0.370834
1.69945
0.977275
0.398024
1.69945
0.887234
0.343694
0.567481
1.10511
0.479514
0.887234
1.26208
0.308277
0.977275
0.96389
0.801335
1.82065
0.479514
4.8184
1.82065
0.376512
0.525566
1.28189
1.06841
0.799904
1.20602
1.22548
1.82065
1.20602
0.777476
0.347916
1.45072
1.10511
1.5046
0.738275
1.20602
0.722157
0.871006
1.74462
0.886257
1.32315
0.887234
1.20602
1.24582
1.77213
0.834575
2.13342
0.269024
1.20602
1.51169
1.12933
0.887234
1.62399
1.52484
1.52484
1.74462
2.18511
0.915802
0.887234
0.915802
2.12
1.5046
0.0547043
1.52484
1.41728
1.74462
1.79304
1.41728
0.420375
2.18511
0.288733
1.41728
1.10551
1.41728
1.74462
1.41728
1.49456
0.897041
1.15535
1.52484
0.575309
0.227873
1.72041
0.102733
0.102733
0.887234
0.805061
1.18796
1.71525
1.71525
4.9958
0.738275
0.499445
1.71525
0.50286
1.5046
0.518888
0.887234
0.887234
0.915802
0.887234
0.887234
0.491186
0.887234
1.39811
1.32315
0.672122
0.102733
0.802321
0.551291
1.74462
0.666665
1.5046
0.200049
0.887234
0.887234
0.728283
0.887234
0.872261
0.887234
0.887234
0.805061
0.703192
0.102733
0.102733
1.05591
0.887234
0.887234
0.887234
1.64264
0.887234
1.14771
0.887234
0.499207
0.887234
1.58517
2.16344
2.23156
1.15535
1.9089
1.71525
1.71356
2.54812
1.52484
0.834448
0.102733
1.71356
1.06841
2.54812
0.935787
0.635603
0.887234
0.596321
1.91619
1.28258
1.71356
0.887234
1.5046
0.871006
1.98791
0.168478
0.324214
0.641619
1.18954
0.677278
0.525566
0.821711
0.711225
0.9911
0.887234
0.824108
1.14704
0.740318
1.54756
0.824108
1.64948
0.887234
1.32101
0.740318
0.677278
1.15535
0.554399
1.74462
2.57203
1.1877
1.54756
0.887234
0.63775
1.12964
0.977275
0.551291
0.810863
1.38437
2.28977
0.887234
1.74462
0.511523
4.20249
0.96389
4.40809
1.60235
1.5046
1.37744
0.915802
1.37744
1.37744
0.887234
1.45072
1.37744
1.37744
1.55352
1.55352
0.604201
1.55352
1.55352
1.50929
1.55352
1.55352
0.94791
1.33434
1.24948
1.33434
0.873596
1.15007
1.32913
1.55352
1.55352
1.55352
1.5046
0.887234
1.11328
0.928589
7.53025
1.05678
1.55352
1.43382
1.55352
1.55352
0.499207
1.55352
1.26994
1.55352
1.55352
7.62984
0.824108
0.906588
1.54834
1.12501
1.55352
1.12501
0.821834
1.77105
1.55352
0.740318
0.677278
0.677278
0.887234
0.0183741
0.873596
1.55352
1.15535
1.74462
1.55352
2.04053
1.05364
1.12501
0.750358
0.750358
1.55352
2.04053
1.55352
1.74462
1.79516
1.3594
1.74462
1.80857
1.19596
1.45072
0.96389
1.12501
0.660689
1.54545
1.55352
0.978374
7.7465
0.671191
1.55352
0.579848
0.887234
1.55352
1.00862
0.296362
0.441278
1.24582
2.15334
0.518997
1.25732
1.14771
3.04413
1.55352
0.0169788
0.887234
1.55352
1.55352
1.07902
1.55352
1.37209
1.45072
0.9911
2.2113
1.50258
1.5046
0.370834
0.873596
0.116287
0.241119
0.540977
0.77071
1.26994
1.6246
1.33879
1.45072
1.45091
1.45091
1.55352
1.74462
0.887234
1.45091
1.55352
1.55352
1.78987
3.83998
1.55352
0.777476
1.55352
1.55352
0.887234
2.26824
1.55352
1.55352
1.55352
0.386498
2.62007
0.765832
0.946685
1.56063
1.86955
0.794379
0.887234
0.886257
0.0671659
0.887234
0.887234
1.35172
1.5046
1.03768
1.12501
0.887234
1.12501
0.28977
0.767113
0.799904
0.887234
0.184734
1.35172
0.56347
0.887234
0.802321
0.750358
1.11328
1.12501
0.887234
0.887234
0.799904
1.65462
0.887234
0.887234
0.887234
1.07902
0.887234
0.887234
0.887234
1.26208
0.677278
0.821834
1.74462
1.4783
0.576426
0.576426
0.274542
0.576426
0.677278
0.767113
0.217413
0.677278
0.677278
0.274542
1.06775
0.887234
1.19596
2.04789
1.39089
1.5046
1.26583
0.977275
2.04053
2.04053
5.10494
1.01211
1.93082
0.677278
0.551291
1.5046
0.168478
0.84844
0.887234
0.821834
0.740318
0.251408
0.505431
0.821461
0.677278
0.525566
1.74462
0.887234
1.74462
1.74462
1.86955
1.5046
1.32764
0.327114
0.612328
1.55352
3.93286
0.677278
1.68113
0.887234
1.74462
0.821711
1.68113
0.886257
0.551291
1.12501
1.55352
1.4783
1.71795
0.887234
0.551291
1.68113
1.55352
1.74462
0.551291
0.887234
0.887234
0.887234
1.07538
0.621906
0.887234
0.887234
0.886257
0.824108
0.171009
0.801687
1.12501
0.887234
0.677278
2.0239
0.88
2.0239
0.231468
2.0239
0.821834
1.914
0.604201
0.602783
1.74462
2.0239
0.887234
2.0239
0.551291
0.567481
2.0239
0.887234
2.16597
1.12501
0.805061
0.981359
1.06775
0.452318
1.15535
0.567481
0.567481
0.887234
0.452318
1.73198
1.12501
0.805061
1.914
0.551291
1.914
0.556814
1.71544
0.551291
1.56063
0.677278
0.551291
0.551291
0.251777
0.525566
0.303855
1.914
2.01341
0.0544459
0.672122
0.740318
0.887234
0.887234
0.0185955
1.24582
0.991015
1.15535
1.90206
2.0239
1.0386
0.887234
0.629453
0.677278
0.887234
1.51169
0.551291
1.15535
0.551291
1.63157
3.14272
0.551291
0.551291
0.551291
1.46101
2.54254
2.27141
1.14592
1.67292
0.585165
0.551291
1.19718
0.330602
1.06775
0.13334
1.06775
0.20344
0.20344
0.789189
0.96389
0.0463262
1.0386
1.58489
1.58489
1.05591
2.68309
0.308277
0.887234
0.274816
0.274816
1.07067
0.703192
0.0662057
0.0662057
0.0662057
0.0402956
0.344836
0.629453
0.0878393
1.12501
0.672538
0.887234
2.52323
0.376107
3.07184
0.887234
0.551291
1.62584
0.677278
0.212618
1.46101
1.26342
1.3594
0.551291
1.32534
1.14771
0.740318
0.677278
0.660689
0.887234
1.32764
0.506106
2.1555
1.12501
2.87745
2.35057
0.750358
1.0742
0.729952
2.35057
0.231468
0.887234
1.74462
1.06314
1.39185
1.81831
1.5046
1.81831
0.767113
1.92205
0.138729
0.199681
1.74462
0.805061
2.39885
0.171559
1.4783
1.30788
0.946685
1.25732
0.740318
1.4783
1.5046
1.26802
0.0608626
0.915802
1.53989
1.35172
1.13393
0.609718
1.06841
0.824832
0.887234
0.525566
1.12501
0.535951
0.554399
0.887234
1.4783
0.434933
0.904883
1.51169
2.02667
1.12501
1.5046
0.887234
1.26802
0.887234
0.887234
0.241236
1.15003
0.0982873
0.802321
0.368989
0.874125
1.32764
1.13393
1.4783
0.887234
1.12501
0.887234
1.30788
1.2081
0.65484
1.23462
1.32101
1.53989
1.53989
1.4783
0.370834
1.93995
1.25732
1.93836
0.602783
0.168478
0.604201
1.49345
1.70603
1.4783
0.615119
0.518888
3.63234
0.873596
1.13393
0.609718
1.13393
1.26802
0.904883
1.5046
0.887234
0.991015
0.995459
1.13393
7.7465
1.4783
0.609718
1.12501
0.77071
1.49456
1.07676
0.609718
0.808476
0.681775
1.06314
0.512636
0.887234
0.633026
2.18956
0.0912202
0.887234
0.887234
0.609718
0.871006
0.615119
1.26802
0.384019
1.216
0.249919
1.45072
0.777476
0.612328
1.05364
0.025656
1.26802
0.887234
1.74462
0.403135
0.9911
1.06335
1.07676
0.991015
1.05364
0.500872
0.609718
0.384019
1.06775
0.725589
1.5046
0.612328
0.794379
1.4783
0.384019
1.45072
0.719084
0.765832
2.18956
1.02069
1.5046
0.384019
1.24966
0.815224
0.880803
0.722157
1.47694
1.67294
0.750358
1.49659
0.551291
0.887234
1.5046
0.977275
1.4783
1.0386
1.26802
0.166334
0.0183741
0.887234
0.0912202
1.12501
0.887234
0.887234
0.384019
0.711225
1.26802
0.740318
0.672122
0.887234
0.887234
0.985608
1.8019
0.609718
1.16758
0.609718
1.5046
1.21915
0.777476
1.13393
2.2087
2.38719
1.74462
1.07067
0.519359
0.609718
0.609718
2.57325
2.38719
0.641363
2.2087
0.609718
2.57325
0.811874
2.2087
2.64567
0.604201
2.38719
0.499445
0.887234
1.89267
1.98566
0.500872
0.692397
0.609718
2.57325
1.03412
2.64567
1.4783
1.4783
0.719084
1.30119
0.850791
0.604201
1.74462
0.824108
1.13393
2.64567
0.609718
1.74462
1.4783
0.887234
0.609718
0.871006
0.609718
0.887234
1.26802
2.65774
0.821834
2.38719
2.38719
0.609718
1.13393
0.887234
1.74462
0.609718
4.22058
1.12501
0.824108
0.50286
1.12501
1.26802
0.384019
0.612328
1.15003
1.13393
1.13393
1.4783
1.11328
1.06841
2.18956
0.887234
0.802321
0.609718
2.18956
0.824832
0.794379
0.597046
1.99872
1.7839
1.6349
1.7839
1.12501
1.12501
0.798299
0.977275
0.887234
2.57325
0.871006
1.4783
0.609718
1.06314
1.37044
1.10724
1.32764
0.625892
0.609718
0.609718
0.567481
0.84844
0.887234
0.871006
0.821711
1.68538
0.452318
1.71511
1.98198
1.02737
0.740318
2.97961
1.50929
1.11962
0.798299
2.59679
0.722157
1.06314
1.74462
0.805061
1.07067
3.09921
1.12157
2.36928
0.738275
0.887234
0.499445
2.36928
1.18954
1.74462
0.692397
1.74462
0.977275
0.703192
2.36928
1.50845
1.0386
0.711225
0.672538
0.636431
0.231915
2.65206
0.118938
0.625892
0.761481
0.69096
1.35172
1.74462
2.8879
0.821461
0.025656
1.0572
0.612328
1.12501
1.12501
1.21104
0.821711
0.887234
0.887234
0.636431
1.26994
0.887234
0.828808
0.828808
0.887234
1.12501
0.802321
1.07676
1.18954
0.612328
0.612328
1.03768
1.03768
1.03768
0.887234
0.672538
1.15003
0.887234
1.19718
0.887234
0.672122
1.25732
0.985608
1.64755
1.64755
1.25732
0.887234
1.08942
1.84904
0.561314
0.0675172
2.65484
0.887234
0.615119
1.968
1.42266
1.74462
0.671191
1.02475
3.10655
1.52679
1.6132
0.887234
3.21359
0.327114
1.10006
0.728013
0.506106
0.818886
0.640746
0.303855
2.25825
1.54316
0.1796
1.61121
2.41515
1.0271
0.887234
1.34383
1.5046
1.74462
0.887234
0.525566
0.612328
1.11328
1.07902
0.499207
1.04939
0.887234
1.34383
1.90289
1.50845
0.887234
0.887234
0.887234
0.96389
0.887234
0.887234
0.887234
1.12501
0.288733
0.0625424
1.01211
0.600489
1.5046
7.7465
0.740318
1.74462
0.499207
0.384019
1.5046
2.46169
2.9751
1.34383
2.46169
1.12501
2.89109
0.728283
0.802321
2.46169
1.21553
2.1492
0.794379
1.216
0.420375
1.02475
0.214582
0.767113
1.3398
1.3398
1.58489
0.574443
0.886257
2.80327
0.420375
0.114752
1.03412
1.04939
1.51169
0.672337
0.887234
1.3081
0.981359
0.740318
0.815224
1.84116
1.96891
0.315434
0.977275
0.977275
1.03768
0.210633
1.12501
1.73663
1.35172
1.5046
0.525566
0.525566
1.34383
1.34383
1.45072
2.9751
0.518118
1.18954
0.231468
0.525566
0.0915786
0.0915786
0.384019
0.887234
0.821711
0.420375
1.0271
0.301596
0.997553
0.234135
0.327114
2.9751
1.74462
1.74462
0.887234
0.985608
0.96389
0.821711
0.384019
2.9751
0.887234
0.821711
0.384019
0.0548719
1.23753
1.34383
7.7465
0.841558
0.177791
0.384019
0.604201
2.09035
0.525566
1.12501
0.378413
1.06775
0.604201
1.1877
0.887234
2.09035
0.604201
0.887234
7.88723
0.915802
0.887234
0.991015
0.821461
0.0888598
0.384019
1.0271
0.660689
2.09035
7.7465
1.06314
0.525566
1.11382
0.327114
1.34383
0.887234
1.34383
0.887234
0.615119
1.05591
7.7465
1.60065
1.07716
7.67326
0.802321
0.740318
7.67326
1.34383
1.34383
1.45072
7.7465
0.527438
1.45072
1.34383
0.0183741
1.34383
7.67326
0.887234
0.887234
7.75912
1.10006
0.887234
1.32101
1.03412
0.805061
0.518888
0.887234
1.0386
1.06775
0.946685
0.887234
0.9911
0.499207
0.525566
7.02661
1.15003
5.95922
1.58489
0.533464
1.04939
1.0386
1.17957
1.74462
0.711225
0.887234
1.74462
0.692397
6.97359
1.74462
0.711225
0.887234
1.54185
0.887234
0.887234
7.7465
0.887234
1.0271
0.748446
0.234135
0.915802
0.887234
1.74462
0.615119
0.612328
7.10797
0.384019
0.946685
0.452318
0.887234
0.525566
0.887234
0.887234
0.887234
1.12501
0.615119
1.32101
0.985608
6.97359
0.887234
0.946685
0.711225
1.5046
1.02069
0.527438
0.452318
0.604201
0.499445
0.84844
0.604201
0.873596
0.750358
0.873596
1.05782
1.13146
1.75613
1.04453
0.863543
0.863543
0.378959
1.17957
0.9436
0.524572
0.887234
0.915802
1.12501
2.51553
0.27074
1.74462
0.808476
1.74462
0.96389
0.887234
0.355895
0.750358
0.604201
0.692397
0.96389
1.12501
0.612328
1.74462
0.452318
8.02735
1.74462
1.11382
7.7465
8.02735
0.887234
0.765832
8.02735
1.36193
0.231468
0.479514
0.527438
7.7465
0.915802
1.74462
0.525566
1.12501
0.0747071
0.801687
2.66379
1.10511
0.722157
1.74462
0.370834
0.0288179
0.339821
7.89478
1.26994
1.70388
0.802321
2.34397
0.231468
0.579848
1.31767
0.802321
0.802321
0.602783
2.01871
0.612328
8.02735
0.887234
0.862626
0.0288179
0.728283
0.703612
0.288295
0.844172
1.07067
0.672122
0.525566
0.525566
0.525566
0.525566
0.525566
0.525566
1.00862
0.868965
0.873596
2.94529
0.507815
0.887234
0.78551
2.94617
0.370834
3.52873
2.61864
2.53788
0.927529
0.0349932
0.887234
0.607794
2.67693
3.18037
0.370834
0.0888598
0.824108
0.583085
3.80297
0.887234
0.370834
0.887234
0.887234
0.0349932
5.26643
0.873596
1.216
1.12501
0.500872
0.703192
0.887234
1.25732
8.02735
0.371284
0.887234
1.21915
0.887234
0.452318
7.89478
1.74462
0.997553
1.74462
1.74462
2.35668
0.801207
0.887234
8.02735
1.16758
1.74462
0.56347
8.02735
0.802321
0.799904
0.711225
8.02735
8.02735
1.18954
8.02735
0.79341
7.7465
0.887234
0.615119
1.50845
0.500872
1.74462
0.9436
7.7465
7.89478
0.915802
0.0288179
0.525566
1.6208
1.12501
0.81814
7.8823
0.499445
0.579848
8.02735
7.10797
1.45317
1.32764
0.887234
0.672122
1.30788
1.18052
0.00646447
7.58204
0.808476
3.79469
0.887234
1.15535
0.703192
0.525566
0.887234
0.887234
1.74462
0.887234
0.0288179
0.155944
0.794379
0.863543
0.499207
1.80954
1.7921
1.74462
0.629453
0.159835
0.703192
7.7465
0.828808
0.887234
0.887234
0.887234
0.612328
7.7465
1.12501
1.18954
1.03945
1.74462
1.04188
0.887234
0.56347
1.03945
0.96389
0.0288179
7.7465
7.7465
1.18052
0.887234
0.88769
1.22011
7.7465
1.3283
0.872261
0.804261
1.28203
0.660689
2.94385
1.04188
0.81814
1.03945
1.02475
0.0288179
7.7465
1.74462
0.201925
8.02735
0.887234
0.995459
0.887234
0.887234
0.887234
0.815303
0.711225
0.219526
0.362295
5.64033
0.602783
0.821711
0.500872
1.02069
1.35401
0.672538
0.995459
0.887234
1.11328
0.292236
0.887234
0.887234
7.7465
8.02735
1.74462
0.95002
0.887234
0.887234
0.56347
0.6278
2.0021
0.828808
0.912983
1.74462
0.671191
0.703192
1.18052
0.0288179
0.887234
1.04188
0.887234
5.81508
0.815224
0.0288179
1.18052
1.28203
8.08173
0.887234
0.288733
1.4051
7.1932
0.887234
6.79256
1.38437
1.4054
1.06775
7.7465
1.6208
0.738275
1.06775
0.738275
0.805061
0.802321
0.740318
7.7465
1.74462
1.18052
0.153416
0.0288179
1.5046
7.7465
0.518888
0.977275
1.18052
0.887234
0.887234
0.13462
7.7465
0.114752
0.887234
2.57837
0.370834
8.02735
1.74462
1.51169
0.750358
1.5046
1.74462
1.04188
7.7465
1.6208
0.887234
1.006
1.18954
0.887234
1.07067
0.615119
0.887234
8.02735
0.977275
1.04188
0.0288179
1.18954
0.887234
7.7465
1.11328
1.15535
0.794379
1.3594
1.74462
0.887234
0.0288179
0.692397
0.0288179
0.887234
0.915802
0.177791
1.4054
1.51169
0.887234
0.808476
7.90775
1.74462
0.828808
0.828808
0.887234
0.499207
0.612328
1.45023
0.887234
0.887234
1.32764
1.02475
0.51722
0.575935
0.191469
8.02735
7.7465
7.7465
0.401273
0.370834
8.02735
1.0271
1.74462
0.138729
1.74462
7.7465
0.887234
0.985608
0.692397
1.04939
8.02735
0.506106
0.750358
0.166334
7.7465
8.02735
1.25732
8.02735
8.02735
1.74462
0.798299
0.355895
1.06775
0.887234
0.985608
8.02735
0.401273
1.05591
1.04939
0.9911
1.50845
0.887234
0.750358
1.12501
0.828808
0.692397
0.629453
0.9911
0.636431
0.750358
0.518888
1.4054
0.9911
0.887234
0.269024
0.802321
0.887234
0.308277
1.48929
0.074544
8.02735
0.887234
1.74462
0.887234
1.61599
8.02735
1.50845
0.887234
0.887234
1.04188
0.0288179
0.138729
0.808476
0.887234
0.871006
0.887234
7.10797
0.525566
8.02735
0.0288179
2.85091
1.3659
1.0271
0.765832
8.02735
1.11328
1.07067
1.50845
0.887234
7.7465
1.50929
1.28043
8.02735
8.02735
1.25732
1.5046
0.985608
8.02735
0.985608
7.89768
7.7465
1.99773
1.74462
1.12501
1.3594
0.615119
7.7465
7.7465
7.0673
2.57837
0.821461
8.02735
7.7465
0.740318
8.02735
0.27074
0.355895
7.7465
7.7465
1.34383
8.07212
8.02735
0.828808
1.11328
1.11328
8.02735
8.02735
8.02735
0.740318
0.872261
0.887234
5.98655
7.1177
1.78731
0.887234
2.97314
2.85091
7.7465
0.459178
3.08393
7.0673
0.887234
7.0673
2.97314
0.821711
1.03945
1.18052
2.28257
1.12501
3.11098
1.32764
2.97314
2.57837
7.7465
2.80933
2.97314
1.32315
1.30788
1.06775
0.915802
0.801207
0.801207
2.57837
2.97314
0.219526
1.32764
1.0386
1.40825
1.78824
7.62516
0.231468
0.30767
6.86704
0.556814
1.06335
0.887234
2.97314
2.97314
1.04939
7.61566
1.03945
2.97314
0.1796
0.370834
2.97314
1.5046
1.06335
0.801207
0.327114
2.97314
2.97314
0.453797
0.499207
0.499207
0.434964
0.887234
0.887234
0.887234
1.28956
0.887234
2.85782
2.42317
2.56287
0.504451
2.97314
1.58179
2.97314
2.88975
2.97314
3.23278
2.9155
1.81971
2.41541
2.35008
2.00909
1.12501
0.887234
1.98886
1.12501
2.97314
2.97314
0.828808
2.97314
0.0547043
2.97314
2.97314
0.612328
0.821461
2.97314
2.97314
2.97314
0.767113
2.97314
2.03022
2.09669
2.1573
2.97314
1.74462
0.615119
0.887234
1.04453
1.32764
7.10797
2.97314
2.97314
2.97314
0.0288179
0.549793
2.97314
3.09885
2.97314
0.997553
0.96389
1.00969
1.16758
7.7465
0.234135
0.452318
0.887234
0.887234
0.915802
0.304181
1.46144
7.87906
1.6208
0.327114
1.50929
2.84257
0.563517
2.73359
1.25732
7.7465
7.7465
7.7465
1.51169
0.750358
0.499207
0.801207
2.97314
0.351124
7.87906
0.68485
0.740318
0.401273
0.0288179
8.02735
1.05591
0.633026
0.401273
0.401273
0.887234
7.7465
8.02735
2.97314
8.02735
0.950279
0.308277
7.88723
7.7465
8.02735
8.02735
7.27363
0.804261
8.02735
0.985608
0.672122
8.02735
0.873596
0.672538
1.0386
7.27363
0.887234
0.863543
1.03768
7.7465
7.27363
0.887234
0.525566
1.50526
8.02735
8.02735
8.02735
0.0288179
7.27363
1.16287
7.87906
8.02735
0.672122
1.06775
1.74462
1.74462
0.672122
8.02735
0.883134
1.74462
7.7465
0.692397
0.887234
8.02735
1.74462
0.887234
8.02735
1.03412
2.57837
7.7465
8.02735
8.02735
8.02735
0.950279
1.15535
0.887234
1.52651
1.76771
2.66239
1.51055
0.985608
7.7465
1.32764
1.28203
1.45072
1.74462
2.57837
7.73528
1.74462
0.0288179
2.57837
1.03945
7.39654
0.727628
0.887234
8.02735
0.767113
0.802321
0.824875
0.728283
0.887234
0.9911
1.03945
0.0915786
1.74462
1.10225
7.39654
0.873596
1.50526
0.95002
0.887234
2.94385
0.824875
0.231468
1.06775
0.297313
0.421806
1.11328
0.887234
7.39654
0.96389
1.74462
0.887234
1.58489
1.38898
1.74462
7.39654
0.794379
0.615119
0.887234
1.02475
0.887234
0.327114
0.887234
0.985608
1.12501
0.740318
0.950279
1.74462
1.32101
0.886919
2.06723
3.32034
0.711225
1.03945
0.887234
1.02069
0.799904
1.47565
1.16758
3.20346
0.518888
0.615119
0.915802
1.74462
0.420375
0.629453
0.525566
1.25732
0.615119
0.794379
1.30788
0.767113
0.802321
0.567481
1.20876
0.950279
0.799904
0.887234
0.672538
0.887234
0.95002
0.452318
0.370834
0.327114
0.0288179
1.74462
1.74462
0.212618
0.711225
0.887234
6.1228
1.06775
2.44045
0.805061
0.805061
0.887234
1.21915
1.77988
0.0288179
0.887234
1.0386
0.824875
1.47565
0.887234
3.20346
1.11975
1.38898
0.977275
0.821711
1.12501
1.10225
0.950279
1.10225
0.950279
1.12501
0.887234
0.950279
1.12501
2.44045
0.930565
0.887234
0.863543
0.615119
3.20346
0.821834
1.47565
0.950279
0.0288179
1.19876
2.44045
0.9911
0.887234
1.10225
0.887234
1.03945
0.950279
1.11328
1.00969
0.401273
0.801207
1.74462
1.47565
0.370834
0.887234
0.308277
1.06841
0.95002
1.86138
0.887234
0.777476
0.567481
0.887234
0.887234
0.887234
1.0271
0.711225
1.99229
0.873596
1.74462
2.44045
0.767113
1.11975
1.0988
0.887234
0.498697
0.734663
1.32101
0.533025
1.48438
0.828808
1.95398
1.07676
0.525566
0.767113
0.887234
0.950279
0.950279
0.801207
1.48438
0.401273
0.401273
1.95398
1.04484
0.525566
1.18954
0.887234
1.25732
1.53524
1.47663
0.227475
1.74462
0.887234
0.887234
0.262811
0.70163
1.00711
0.928589
2.18038
0.119407
1.45072
2.57395
2.89822
2.93755
1.95398
1.12501
0.887234
0.991015
0.887234
0.750358
3.20346
1.95398
1.77179
0.00397829
0.872261
1.99793
0.9911
1.03412
1.25732
1.06775
1.79634
1.4054
1.67219
0.41634
1.02069
0.711225
0.887234
0.983265
0.887234
0.801207
1.95398
0.985608
0.887234
1.12501
1.35172
0.887234
1.05364
0.604201
1.25732
1.21915
1.95398
1.14771
1.05591
0.887234
2.25287
1.06775
0.740318
0.801207
1.95398
1.12501
1.95398
1.74462
0.332218
1.95398
1.12501
1.02475
1.06335
1.18954
0.777476
1.26994
0.420375
0.798299
0.213758
0.991015
0.567481
1.74299
0.828808
1.14602
1.21915
1.83696
1.02475
1.74462
1.12501
1.05364
0.114752
0.378065
0.376512
0.499445
1.95398
0.618076
0.815224
1.05591
1.95398
0.288733
0.887234
1.95398
1.95398
1.95398
0.355979
0.304181
0.983265
0.887234
1.95398
0.168478
0.887234
0.81416
1.95398
0.500872
1.18954
1.74462
0.728283
0.606237
0.801207
1.06775
0.821711
0.799904
1.83701
0.828808
1.06335
0.9911
0.887234
1.32764
0.370834
0.579848
0.887234
0.765832
0.370834
1.1877
0.981359
0.887234
1.12501
0.692397
1.00862
0.711225
1.06775
0.9911
0.740318
0.794379
0.821834
1.95398
0.711225
0.0288179
1.20887
0.177791
0.801207
0.887234
2.15726
0.84844
0.288733
1.12501
1.32315
1.68743
0.604201
1.32315
1.68743
0.0226248
1.47062
1.55785
1.06335
1.75776
1.75776
1.21728
1.64678
1.75776
0.887234
1.12501
1.50929
0.660689
0.887234
0.887234
1.50845
1.14771
1.77063
1.75776
1.75776
1.75776
0.579848
0.960306
1.02069
0.887234
0.0226248
0.56746
1.23104
1.07595
1.07595
1.06841
1.75776
0.579848
0.887234
1.07595
1.06775
1.23104
1.01312
1.01312
1.54307
1.00862
1.14051
1.03768
1.14051
1.12501
1.60735
1.32101
1.75139
1.60735
0.977275
0.815224
1.452
2.11238
2.88788
3.34564
1.06841
0.887234
1.60735
3.26796
0.887234
0.420375
0.518888
0.518888
0.95002
1.26923
0.351201
1.21915
0.52454
1.60735
1.32764
0.518888
0.887234
0.887234
0.96389
0.887234
0.887234
1.05678
0.219167
0.499207
0.604201
0.887234
1.15535
0.887234
0.887234
0.452318
1.3594
2.92433
3.36171
0.887234
1.12501
1.3157
0.366203
0.168478
1.98272
1.62776
1.06841
1.16758
1.1877
1.06775
0.887234
0.985608
0.794379
0.612328
1.25732
1.21115
0.0463262
1.84836
1.84836
1.50536
1.07902
1.69286
0.887234
1.07902
1.15535
0.0701296
0.865394
0.865394
0.865394
0.865394
0.821834
1.67272
0.887234
1.15535
0.887234
1.60735
0.612328
2.10561
3.56996
0.887234
0.887234
0.602783
7.7465
1.05117
0.499445
3.56996
1.60735
0.995459
0.887234
0.915802
0.915802
0.740318
0.115103
3.86329
0.821834
3.53342
0.567481
3.56996
0.618076
3.45742
2.9337
0.672538
1.5046
2.70173
0.177328
0.991015
0.685678
0.873596
0.703192
2.88955
0.308277
0.887234
0.672538
0.915802
0.500872
0.799227
0.985608
0.0688043
7.7465
7.7465
3.1592
1.01312
0.767113
0.740318
0.556814
0.887234
0.887234
0.401273
0.871006
1.04453
0.834575
2.51701
0.750358
1.74462
0.887234
1.07067
1.18954
0.799904
0.740318
3.05912
1.07902
0.367058
0.334934
0.365007
0.872261
0.574443
1.07902
0.977275
1.74462
3.60516
0.311032
2.34955
0.873596
3.3126
0.887234
0.887234
0.887234
1.20091
0.95002
0.887234
1.46094
0.767113
0.603375
1.46013
0.802321
1.74462
0.482683
0.750358
2.75461
0.56347
0.887234
0.887234
0.887234
1.15535
0.887234
0.805061
2.94063
0.482683
1.06841
0.887234
1.12501
0.421333
0.887234
2.81421
1.46094
1.14771
2.87144
2.32722
0.765832
0.887234
1.46013
1.46094
0.579848
0.175411
2.77462
0.915802
0.421333
1.4488
0.525566
7.7465
0.740318
3.07757
1.15535
0.946685
1.48291
0.887234
0.886257
0.672122
0.887234
1.50526
1.57284
1.8019
1.05591
0.821834
1.46094
0.918155
0.151554
1.06841
1.77088
1.06841
1.12501
0.148956
0.887234
0.567481
1.30036
1.02069
0.887234
0.434863
1.37606
0.56347
0.79369
0.805061
0.873596
0.56347
1.15003
0.887234
0.887234
0.887234
0.995459
0.579848
0.579848
0.887234
0.17472
0.567481
1.32101
1.05591
0.612328
1.32101
1.50845
0.887234
0.482683
1.50526
0.886257
1.30036
0.327114
0.736373
2.36178
2.36993
0.482683
0.168478
1.12501
0.887234
1.11328
0.750358
2.64285
0.421333
0.986432
0.452318
1.53516
0.740318
0.672538
1.1877
1.06775
0.863543
1.95466
0.740318
0.148956
0.887234
1.00969
0.794379
0.887234
0.567481
0.612328
0.887234
1.95466
1.76626
1.74183
1.74183
1.00969
1.21915
2.80651
0.887234
1.49251
1.14422
2.54721
0.804261
0.740318
1.07676
7.7465
2.14016
2.14016
2.90213
2.65246
1.25732
1.07902
0.887234
2.90213
2.90213
2.65246
1.74183
1.35172
2.90213
0.96389
2.12187
2.18121
2.90213
1.23094
0.915802
0.321214
1.08666
1.16124
0.750358
1.49251
3.11565
1.74183
1.35172
1.35172
0.739916
2.65246
2.90213
0.802321
2.65246
0.765832
2.65246
2.78181
0.887234
0.991015
1.4192
0.672538
1.06841
0.376512
1.59293
1.1945
0.887234
1.33252
0.614287
2.50839
0.148956
1.26994
1.9706
0.873596
1.49248
0.568727
1.74183
1.00969
0.9911
0.629453
0.618076
0.817208
1.74183
1.74183
0.887234
1.30036
1.14771
1.30036
0.887234
1.52282
0.0563081
1.74183
1.26994
2.15547
1.52955
0.9911
1.15535
0.750358
1.55958
0.887234
1.55958
1.14771
1.18075
0.887234
0.567481
0.117487
0.672122
0.915851
1.02475
0.692397
1.02475
0.672122
0.672122
1.88302
0.887234
1.32101
1.35401
1.32101
1.02475
1.02475
2.5311
0.740318
1.06314
1.74183
7.7465
0.56347
1.74183
0.148956
1.74183
0.887234
1.12501
0.148956
1.74183
1.74183
1.3594
0.580942
1.58395
0.933658
0.726125
0.615119
1.4574
0.9911
1.04939
1.02069
0.225239
0.887234
0.887234
0.446926
0.499445
0.887234
0.525566
1.34283
1.06775
1.06841
1.30036
0.452318
0.642748
0.672538
1.79292
1.12501
0.629453
1.51169
1.52955
0.863543
1.08882
7.7465
0.863543
1.26994
0.618076
0.915802
0.887234
0.767113
1.25732
1.00969
0.887234
1.19876
0.9911
0.887234
0.706971
1.06775
1.08835
1.28165
1.12501
0.926258
1.03412
1.14422
1.52955
1.49251
0.887234
1.37363
0.917676
1.14771
1.00349
1.06364
0.95002
0.863543
0.288733
1.37363
1.28437
1.02069
0.824108
1.37363
0.794379
1.33185
0.96389
1.37771
0.887234
0.887234
1.17858
0.148956
1.74183
0.821711
0.148956
0.0753577
1.30036
0.801687
1.21915
0.887234
0.672538
0.288733
0.00209596
0.567481
1.30788
3.23682
1.81485
0.887234
0.452318
0.750358
1.32315
1.34863
0.887234
1.25732
1.12501
1.30036
1.71421
1.20289
1.68275
1.47326
0.887234
0.887234
0.887234
0.887234
0.808476
0.148956
0.801687
0.887234
1.74183
0.711225
0.711225
0.80602
0.500872
0.887234
0.989592
0.915802
1.38431
0.626373
0.636243
0.0986815
0.424786
0.798299
0.735081
2.00153
1.74653
1.35172
0.148956
1.74183
1.12501
1.75615
0.148956
0.977275
0.499207
0.799904
0.3345
0.887234
1.4192
0.887234
0.887234
0.887234
0.453775
0.452318
0.452318
0.452318
0.802321
0.802321
0.802321
0.420166
6.91086
0.887234
6.96524
1.01312
2.16638
1.61192
1.25732
0.499207
0.887234
1.15535
1.15535
1.34953
0.750358
0.708907
0.114752
0.887234
0.9911
1.00969
0.887234
1.32101
0.802321
0.887234
0.98661
0.567481
0.438863
1.2775
0.595183
0.421333
1.28437
1.52117
3.37956
0.148956
0.305144
0.148956
0.148956
0.499207
1.12501
0.685678
1.28437
1.06335
0.148956
1.69477
0.887234
0.148956
1.03768
0.887234
0.148956
0.148956
0.148956
0.80602
1.23036
1.38506
0.325226
0.492767
0.887234
0.740318
0.915802
0.672538
2.28254
0.821711
0.251706
0.602783
1.30788
0.594581
1.12501
6.93873
1.49006
1.3594
1.90808
0.887234
1.68275
1.16758
0.327114
0.148956
7.7465
1.30036
1.12501
1.07067
0.96389
0.148956
0.887234
1.62498
0.323101
1.74183
0.148956
1.14771
0.362295
0.148956
1.30036
0.871006
0.887234
0.96389
0.370834
1.10511
1.0932
0.116898
1.07756
0.841236
0.821711
1.19501
1.7934
0.887234
0.438863
1.03412
1.25732
1.43452
0.148956
2.55195
0.750358
0.282699
0.0753577
1.35172
1.35172
1.35172
0.148956
1.32101
1.54309
1.58395
0.328889
0.601021
1.12718
0.887234
1.74183
1.47062
0.148956
0.703192
1.4054
1.4054
0.370834
1.03412
0.65126
0.728283
0.728283
1.15535
0.148956
0.148956
0.801687
0.604201
0.148956
0.711225
0.887234
0.740318
1.68275
0.887234
1.74183
1.68275
0.692397
0.148956
1.02069
1.30036
1.25732
0.148956
0.887234
0.148956
1.74183
0.148956
1.25732
0.384563
1.28043
1.68275
0.235
1.68275
2.26622
1.68275
1.20425
1.28437
1.21104
1.68275
1.8019
1.47326
1.19501
0.0753577
0.525566
0.148956
0.887234
0.777476
0.500872
0.421333
0.802321
0.887234
2.12173
0.95002
1.14422
0.148651
0.148651
0.148956
2.12173
0.148956
0.977275
0.452773
0.887234
0.692397
1.74183
0.873596
0.148956
1.74462
0.518888
0.148956
0.80602
0.148956
1.99166
0.804261
0.56483
1.52117
0.327114
2.12173
1.28437
1.4054
1.74183
0.232436
0.232436
0.232436
1.74183
0.159283
0.740318
0.159283
0.019233
1.74183
0.887234
1.47326
1.0386
0.887234
0.602783
1.07756
0.672538
1.47326
0.148956
1.35172
0.565839
2.88843
1.0802
1.26994
0.802321
0.350822
2.69938
0.887234
0.887234
1.18954
0.442578
0.00776232
0.401273
0.887234
0.401273
0.808476
0.610259
1.93995
1.68805
0.767113
0.887234
0.327114
2.04153
0.821711
1.29925
0.615119
0.805061
1.11328
1.16758
1.86972
0.887234
0.672122
0.327114
0.401273
0.887234
0.647713
0.401273
0.0563081
0.377736
1.18954
0.887234
0.887234
1.6117
0.887234
0.95002
0.887234
0.401273
0.565839
0.887234
1.21915
0.618076
1.74462
2.95364
0.615119
0.9911
1.30036
0.887234
0.887234
0.928589
0.887234
1.03412
1.00969
0.604201
0.887234
0.767113
1.3594
0.604201
0.401273
1.26994
1.4054
0.801573
1.2413
0.777476
0.887234
1.74462
0.887234
1.69949
0.887234
0.887234
0.350835
0.887234
1.0386
1.32101
0.845527
0.525566
1.86613
1.12501
0.33629
0.288733
0.887234
1.12501
0.672538
0.671191
1.50845
0.765832
1.04939
0.821711
0.887234
1.2775
0.887234
1.07067
2.22192
0.887234
1.26371
0.647713
0.565839
0.452318
0.420375
1.5046
0.750358
0.750358
0.750358
0.308277
1.47451
1.12501
0.629453
1.07902
0.821711
0.56347
1.35172
0.567481
1.74462
0.602783
1.07902
0.311032
1.11328
0.565839
0.887234
0.981359
2.31961
1.60065
0.604201
0.672122
0.703192
7.61566
0.9911
1.05364
0.887234
0.672122
0.887234
1.12501
0.887234
0.887234
0.887234
0.863543
0.602783
0.565839
0.602783
0.887234
0.981359
0.0213415
0.805061
1.74462
0.740318
1.06841
1.74462
0.887234
0.672122
1.12501
0.565839
0.553219
0.777476
1.19501
1.72622
0.977275
0.401273
0.0753577
0.722157
0.452318
0.887234
0.991015
0.138705
1.58489
1.15535
0.56347
0.385699
0.887234
1.2775
1.12501
0.703192
0.8376
1.12501
0.887234
1.25732
1.19876
0.887234
0.518888
0.56347
0.123607
1.74462
0.794379
0.602783
0.506106
1.15981
0.740318
1.25732
1.82151
0.401273
0.565839
0.808476
1.47451
0.794379
1.25732
1.12501
0.401273
0.401273
0.750358
0.401273
0.401273
2.22192
0.887234
1.12501
1.55958
0.887234
1.81644
1.07676
0.671191
1.0386
1.95112
0.738275
0.118938
1.03768
0.703192
1.21915
0.801687
0.92296
0.887234
0.887234
0.565839
0.887234
0.750358
0.0793835
0.876534
2.22965
1.5883
0.765832
0.995459
0.77071
0.765832
0.96389
0.612328
3.41509
0.51013
1.50845
0.887234
0.045452
1.35215
0.538329
0.982146
0.401273
1.07902
0.939404
2.00181
0.556814
1.06314
0.845527
1.12501
1.15003
0.683825
1.5046
1.52117
0.0165111
1.50845
0.518888
0.518888
3.14343
0.389528
0.722157
0.872261
0.9911
0.685678
0.274542
0.872261
1.25732
0.499207
0.55062
1.15535
1.69169
0.181075
0.430357
0.808476
0.887234
1.00862
0.887234
1.20859
1.15535
0.421333
0.539058
4.36624
0.887234
0.977275
0.887234
0.612328
1.12501
3.14343
1.2775
1.5046
0.506106
1.30036
3.0799
1.03959
1.18954
1.25732
0.214354
0.0023528
3.1543
2.31961
1.58489
0.0901715
0.694634
0.887234
0.27375
0.0512175
0.722157
0.722157
2.51747
3.60917
0.887234
1.4054
0.985608
1.15535
1.15535
0.0276753
0.887234
0.83772
1.18954
0.401273
1.12501
0.604201
1.38506
0.887234
0.887234
0.887234
0.887234
0.845527
0.824108
0.615119
1.07902
0.887234
1.01554
0.991015
0.685678
0.887234
0.401273
1.25732
1.37771
0.96389
0.328889
0.612328
1.50526
0.887234
0.381379
4.92416
0.672122
1.37039
1.64457
0.187327
0.373839
0.887234
0.9911
1.86511
1.49562
1.19925
1.12501
1.1877
0.887234
1.55958
0.457338
0.887234
0.24672
0.977275
1.83097
1.66265
3.31618
7.7375
1.31544
0.887234
0.338695
0.798299
0.915802
1.19501
0.915802
0.671191
0.672122
1.08005
0.499207
0.887234
0.887234
0.738275
0.887234
0.886257
0.802321
1.51169
0.292714
5.89388
0.672122
0.401273
1.06595
1.74462
0.863543
1.74462
0.463261
1.12501
0.117041
1.79125
0.658102
0.887234
0.887234
0.804261
0.595624
0.887234
0.366361
0.824108
0.401273
0.887234
0.863543
0.0691637
1.06841
0.0764877
0.452318
0.672538
0.887234
0.189972
1.32764
0.977275
0.499207
0.556814
0.886257
0.711225
0.843467
0.80609
2.56965
1.74462
0.887234
0.242046
0.452318
0.887234
0.887234
1.25732
0.817208
1.06841
0.499445
0.616714
0.338695
0.672122
1.74462
3.01772
1.88471
0.176597
0.176597
0.530648
1.21458
0.871006
0.887234
0.887234
1.19501
0.984853
0.887234
0.887234
1.5046
0.368613
0.401273
0.734373
0.59702
0.59702
0.873596
0.887234
0.918155
0.401273
1.06775
0.845076
1.25732
0.499207
0.370834
0.821834
0.845076
2.56971
0.0793835
0.845076
0.753461
0.995459
0.887234
0.338695
0.887234
0.845076
1.12501
0.805061
0.815224
0.871006
1.32101
4.10026
0.798299
1.14422
0.616714
0.417336
1.47551
0.401273
0.845076
0.518888
0.887234
0.287163
1.19201
0.187327
0.0688043
0.0688043
0.887234
3.75846
0.887234
0.887234
0.767113
2.0679
2.12152
0.887234
3.3135
1.04939
1.22754
1.53893
0.114752
1.15535
0.801687
0.515646
7.32236
5.30053
3.96742
1.58897
0.767113
0.887234
1.30788
2.30574
0.401273
0.499207
0.887234
1.50267
0.995459
0.290805
0.452318
0.887234
0.922188
1.16758
0.168478
0.308277
0.887234
1.06775
0.231468
1.30788
1.12501
0.872261
0.887234
0.887234
0.292714
1.21104
1.46473
0.887234
0.794379
0.802321
1.11328
0.887234
0.275259
0.777476
1.25732
0.977275
0.499207
1.15003
2.28722
1.74462
5.24665
0.401273
4.51532
0.521618
1.8019
0.887234
1.15535
0.293103
0.887234
1.05591
0.887234
1.11328
1.5046
0.425735
4.34994
4.51532
0.804261
0.887234
0.740318
4.34589
1.07676
1.03768
1.4054
1.51169
0.750358
1.05364
1.1877
1.12501
1.00969
1.3594
0.801687
0.612328
1.07067
0.126507
1.03412
0.872261
1.35172
1.05591
0.887234
1.15535
1.74462
0.887234
0.887234
3.97083
0.985608
0.0935745
0.887234
0.500872
3.97083
3.97083
3.97083
0.196036
1.79156
0.740318
3.97083
0.887234
1.49768
0.709932
1.33652
2.70395
1.59534
1.32101
0.401273
3.97083
0.887234
0.887234
0.518888
1.06733
0.887234
0.740318
0.499445
0.401273
0.887234
0.139251
1.25732
0.615119
3.86234
3.90223
0.821834
0.887234
1.74462
0.728672
1.06299
1.06299
1.33081
0.887234
0.401273
1.12413
0.56347
0.995828
0.96389
0.886358
0.96389
1.06299
0.605559
0.475784
1.29283
1.93995
0.629453
1.93995
4.24236
0.896438
0.798299
0.887234
0.887234
0.750358
1.06733
0.777476
0.887234
1.44048
3.33485
0.401273
1.06733
1.78548
1.06733
1.0386
1.06733
4.24236
0.887234
0.799904
0.915802
0.703192
0.887234
1.05591
3.48736
0.703192
2.65163
0.750358
2.23002
1.67917
0.828808
0.187327
0.187327
0.267091
0.327114
5.56704
3.32603
3.73712
1.51169
0.552648
0.621836
1.5046
0.292714
0.50564
0.629453
0.887234
1.06733
0.887234
0.799904
0.711225
0.887234
0.872261
1.74462
4.24236
0.863543
0.75991
0.887234
1.54307
0.703192
0.872261
1.10958
0.0746491
0.181804
0.981359
0.181804
1.2775
1.03412
0.984306
4.35434
1.00862
0.16976
4.24236
4.24236
1.22671
4.24236
0.401273
4.35434
4.24236
0.804261
0.497586
1.50845
4.35434
0.499207
0.499207
0.977275
1.12501
0.671191
1.15322
0.671191
0.740318
1.06733
0.887234
0.750358
1.16758
0.922583
0.672538
0.672538
0.887234
0.401273
4.00459
0.887234
0.401273
0.00509351
1.3594
7.7465
1.8019
0.991015
0.750358
4.30327
7.7465
2.05727
0.612328
0.863543
0.422703
4.04533
1.14771
0.750358
1.51169
0.499207
1.32315
0.292714
0.887234
2.05727
0.975464
0.915802
4.13732
3.87553
0.401273
1.06775
1.30788
0.887234
2.92255
0.740318
0.750358
0.401273
0.887234
0.401273
0.887234
0.604201
4.13732
0.525566
