0.443014
0.573115
0.470198
0.662694
0.015329
0.133483
2.43913e-05
0.238171
0.436878
0.706474
0.947082
0.728756
0.321678
0.400635
0.171971
0.175733
0.205562
1.97384e-10
3.74226e-07
0.281589
0.176466
0.419611
0.110008
0.130063
0.395163
5.36857e-11
0.233187
0.130063
0.233187
0.273976
0.130063
0.458535
0.696876
0.13145
0.554233
2.30384e-06
3.99935e-10
6.57291e-10
0.211325
0.211325
0.211325
0.460347
0.0387285
0.691091
0.231101
0.483654
0.973421
0.168213
0.00361968
0.00494657
0.141393
0.886853
0.256258
0.0585125
0.0585125
0.312645
0.54571
0.54571
0.456202
0.00547734
0.00696818
0.124753
0.0833376
0.374953
6.65498e-06
0.757871
0.319513
0.513487
0.00995352
0.513487
0.00336568
0.00580995
0.538476
0.538476
0.0973755
0.000332598
0.411384
0.387839
0.387839
0.426975
4.91158e-09
0.374953
0.285334
1.34427e-11
0.212472
1.20029e-06
0.598303
0.959351
0.666072
1.57601e-07
0.301981
0.593115
0.645308
0.0137511
0.299816
2.7386e-10
0.000107855
0.279276
0.374953
0.245063
0.0113334
5.08134e-10
0.32912
0.1106
0.145867
0.0814597
2.96255e-05
0.0824876
5.84743e-05
3.40528e-05
3.92664e-05
9.84839e-05
1.66143e-05
8.69557e-12
7.14086e-07
0.0344935
2.38124e-09
0.710761
0.0160777
0.54571
2.45366e-06
0.660012
0.000649824
0.0596159
2.49106e-07
0.0328809
0.0810505
0.192194
0.00208746
1.43564e-13
0.0646123
0.0538189
0.00686721
2.70386e-09
0.411241
0.437207
0.000585508
0.000363945
0.460347
0.00119528
0.951469
0.395471
2.13178e-08
0.327116
0.0151063
0.0350056
0.260585
1.26671e-13
0.260585
1.74175e-05
3.34928e-07
0.0121405
9.35274e-06
0.573115
4.74753e-08
0.303067
0.000160736
0.562017
0.637059
2.19902e-12
0.0102619
0.000211083
0.234951
0.953171
0.501241
0.168142
0.460347
0.757871
0.000144416
0.505024
0.166034
0.167391
0.0297318
0.024719
3.17485e-05
0.180529
0.000772201
0.440879
0.184951
0.296238
0.689198
7.8981e-05
0.0214484
0.342102
0.292049
0.0483552
0.172316
0.411384
0.762074
0.00146148
1.04513e-12
0.0974652
1.11316e-05
0.230429
0.230429
0.924901
0.234226
0.768648
0.677896
0.11299
0.000192366
0.570388
0.185787
3.49549e-09
0.00357984
0.374953
0.00825937
0.00121454
0.411384
0.063826
0.335101
6.68321e-07
0.0573229
0.00107273
0.663634
0.29101
3.22889e-10
1.91229e-08
1.83863e-06
0.234951
0.686471
0.0285295
3.25188e-11
0.776038
0.00235749
1.60378e-12
5.32866e-15
2.50694e-15
0.11811
0.693822
0.671522
0.221334
3.47822e-09
0.189614
0.239311
0.321678
0.130613
0.633742
0.149177
0.929193
0.933063
0.260585
0.260585
0.145915
0.0391976
2.27489e-14
0.502763
0.39756
0.501751
0.179079
0.000643591
0.0218565
0.00143148
0.239449
0.536525
0.963311
0.0821152
0.269086
0.313155
0.00892847
0.24181
0.374953
0.421246
0.184295
0.184295
0.816951
0.617466
0.234226
0.00148844
0.576862
0.000134641
0.147677
0.374953
0.0638413
0.374953
0.117036
0.000268463
0.242354
0.357697
0.410237
0.173491
5.62351e-05
9.0505e-05
1.84435e-05
0.174279
0.59919
0.00453793
0.328433
0.0122056
0.449336
0.285733
0.222794
0.001145
0.00298186
0.374953
6.61074e-07
0.230429
0.10797
0.000301499
0.313155
0.000693979
0.000928224
0.443776
1.788e-05
0.444975
0.155425
0.967348
0.411241
0.00111447
0.0584389
0.353102
0.324803
0.280824
0.374953
0.324326
0.000502294
0.000616581
0.114283
0.00498108
0.18631
0.572257
0.119559
0.132428
0.132428
0.824627
0.720627
0.335101
0.00135363
0.110233
8.30217e-06
0.697634
0.411171
0.260585
0.247946
0.964748
0.00586669
4.86136e-05
0.423767
0.145801
0.000406768
0.450206
0.930527
0.000898622
0.374953
0.265587
0.091556
0.374953
0.00483344
0.488688
0.000117183
0.335101
0.039728
0.147467
0.154719
0.544628
0.00369773
0.299419
0.187189
0.330166
0.210537
0.0486459
0.16552
0.655083
0.757871
0.296238
0.234202
0.374953
0.293222
0.351445
0.241083
0.374953
0.0810505
0.481936
0.00242898
0.000169288
0.000296546
0.603839
6.92504e-05
0.374953
0.260585
0.173614
0.328433
0.374953
0.352197
0.00804216
5.0054e-06
2.01196e-05
0.374953
0.0010483
0.00485193
0.488688
0.000361099
0.374953
4.39865e-05
7.65071e-05
0.374953
0.0143405
0.00099393
0.00345188
0.0900654
0.00175583
0.121753
0.00158337
0.0104755
0.285334
0.00137423
0.488589
0.374953
0.374953
0.374953
0.0451416
0.470198
0.674211
0.374953
0.0134629
0.0782184
0.0435944
0.417513
0.28339
0.28339
0.476945
0.833106
0.321637
0.721088
0.264723
0.0473672
0.424697
0.476945
0.424697
0.522164
0.0259172
0.0168993
0.0349353
0.215374
0.532407
0.0908069
0.237557
0.177677
0.443776
0.166264
0.0223135
0.242977
0.0329398
0.319513
0.000157496
0.993918
0.328433
0.137087
0.066092
0.294
0.294
0.422367
0.294
0.000135109
0.203431
0.59919
0.271923
0.460347
0.130805
0.374953
0.146013
0.441004
0.139048
0.00312303
0.122105
0.296238
0.0107441
0.757871
0.67269
0.411384
0.260585
0.181758
0.710761
0.710761
0.319495
0.0034333
0.287625
0.343799
0.751529
0.433258
0.983752
0.00709574
0.00386111
0.109369
0.578557
0.0927649
0.221731
0.307402
0.460347
0.168565
0.0648312
0.688219
0.0565501
0.374953
0.374953
0.715217
0.000143717
0.126219
0.260585
0.280579
0.041928
0.68778
0.104977
0.411171
0.513116
0.321678
0.56777
0.710761
0.28432
0.81622
0.394886
0.285334
0.374953
0.281589
0.281589
0.281589
0.529052
0.459107
0.287625
0.772786
0.154811
0.343799
0.319513
0.285334
0.285334
0.374953
0.374953
0.250131
0.59919
0.184295
0.324326
0.423767
0.423767
0.501241
0.714003
0.321678
0.356604
0.460347
0.285635
0.429756
0.899142
0.0905943
0.0107377
0.374953
0.328433
0.868533
0.889184
0.374953
0.21283
0.10364
0.0270209
0.222787
0.185787
1.37332e-06
0.59919
0.00569004
0.374953
0.00218001
3.82688e-08
1.21205e-05
0.000176441
0.771998
0.429594
0.411241
0.54653
0.289678
0.033551
0.190915
0.0850504
6.33271e-07
0.11217
0.95323
0.818843
0.259371
0.816951
0.305479
0.614894
0.0466626
0.411241
0.125837
0.247946
0.313155
0.0322672
0.436878
0.374953
0.244474
0.294
0.305479
0.50993
0.409878
0.834844
0.374953
0.752352
0.55608
0.0420425
0.283783
0.374953
0.152244
0.501241
0.194689
0.476945
0.530771
0.374953
0.374953
0.968262
0.0344577
0.412758
0.30108
0.127805
0.691908
0.0287596
0.976354
0.713179
0.440879
0.175633
0.0349487
6.40985e-06
0.513337
0.260073
0.00596187
0.374953
0.260585
0.173714
0.156839
0.0376079
0.0151392
0.564209
0.436952
0.374953
0.136699
0.243075
0.172654
0.948127
0.421246
0.0402586
0.000486891
0.0144027
0.421246
0.208639
0.186497
0.374953
0.374953
0.384332
0.26274
0.0546111
0.81622
0.374953
0.00583092
0.179326
0.374953
0.0206346
0.374953
0.0590257
0.647085
0.000529984
0.0379271
2.63698e-06
2.50199e-06
1.7016e-07
0.299419
0.59919
0.335101
9.76924e-05
0.11299
0.616461
0.374953
0.374953
0.0675971
0.326416
0.526146
0.225879
0.374953
0.374953
0.529052
0.617634
0.196776
0.143948
0.573115
0.374953
0.103448
0.411241
0.202989
0.343804
0.225879
0.205545
0.0240525
0.935717
0.374953
0.374953
0.336839
0.460057
0.866207
0.11024
0.424697
0.00402494
0.000791785
0.736654
0.501241
0.501241
0.490217
0.100945
0.411241
0.573115
0.107834
0.121116
0.249534
0.411241
0.0914676
0.411241
0.411241
0.368838
0.374953
0.374953
0.374953
0.836836
0.374953
0.126157
0.260585
0.948204
0.855146
0.863992
0.196776
0.374953
0.866207
0.0279058
0.0633722
0.192314
0.0345745
0.225879
0.373471
0.0376552
0.374953
0.374953
0.00640142
0.374953
0.0469706
0.0367574
0.772989
0.132428
0.670301
0.407213
0.374953
0.589279
0.374953
0.595627
0.314073
0.374953
0.321637
0.670301
0.254074
0.670301
0.175733
0.670301
0.670301
0.858585
0.443553
0.470198
0.179326
0.418046
0.374953
0.794549
0.374953
0.374953
0.222787
0.222787
0.0250193
0.0325288
0.0426499
0.222787
0.418414
0.113459
0.46644
0.082932
0.082932
0.0606279
0.0151004
0.672512
0.374953
0.80848
0.968489
0.80848
0.722967
0.731193
0.484423
0.710761
0.222787
0.670301
0.135951
0.285334
0.208639
0.111974
0.722967
0.374953
0.0657455
0.670301
0.729412
0.26512
0.115968
0.667607
0.80848
0.670301
0.222787
0.135951
0.222787
0.374953
0.00195821
0.378251
0.0198469
0.00910538
0.0616206
0.556488
0.313155
0.374953
0.706585
0.313155
0.299419
0.41174
0.374953
0.374953
0.313155
0.176466
0.115673
0.30108
0.135951
0.794051
0.304459
0.577654
0.183252
0.374953
0.649975
0.121119
0.359677
0.260585
0.18748
0.384001
0.701823
0.0701888
0.0375388
0.00232739
0.342102
0.142669
0.222787
0.866207
0.637085
0.374953
0.148616
0.374953
0.783117
0.861354
0.204108
0.204108
0.342102
0.65104
0.65104
0.188529
0.374953
0.374953
0.299419
0.502099
0.502099
0.343799
0.299419
0.30108
0.17343
0.343799
0.65104
0.710761
0.305479
0.305479
0.313155
0.295626
0.00514776
0.348377
0.501241
8.23721e-05
0.319513
0.423467
0.0993217
0.374953
0.412089
0.267532
0.640623
0.217803
0.374953
0.374953
0.374953
0.717444
0.132428
0.534254
0.282203
0.000123961
0.00966531
0.443014
0.443014
1.06759e-05
0.313155
0.382338
0.134624
0.867218
0.013044
0.0621745
0.488688
1.94529e-06
0.453039
0.282203
0.374953
0.414944
7.22055e-14
4.36895e-15
0.423767
0.374953
0.256608
0.0158489
0.294
0.950363
7.98862e-14
7.57104e-14
0.389478
0.374953
2.62339e-14
0.16319
0.550876
0.570388
0.374953
0.100586
5.42725e-12
0.540321
0.868291
0.268843
0.79022
0.335101
0.460347
0.312645
7.1148e-14
0.313155
0.617634
1.36879e-10
5.73679e-10
0.0775873
2.29041e-06
1.10565e-12
0.374953
0.335101
9.44603e-15
0.206631
9.44603e-15
0.234226
0.326416
0.65104
5.50167e-12
0.186861
0.383751
0.423767
0.536525
0.573115
0.374953
5.64009e-14
9.25105e-12
0.374953
2.25114e-10
0.997242
0.374953
5.19657e-13
0.374953
1.88376e-11
1.74267e-12
0.105035
1.95496e-09
2.62339e-14
0.546653
0.374953
0.285635
7.21834e-15
2.16664e-14
0.260585
0.374953
0.563143
7.59855e-14
0.260585
0.34606
5.9286e-14
0.411171
1.4028e-13
0.374953
9.03243e-16
0.260585
2.70111e-15
0.418817
0.418817
0.418817
0.190915
1.86669e-14
0.12834
1.07665e-13
0.453039
9.44603e-15
0.374953
1.77734e-14
0.536525
0.335101
0.122813
2.3177e-12
0.374953
0.260585
0.184295
6.29857e-10
2.01034e-14
0.757871
9.44603e-15
0.603839
3.67235e-15
0.374953
0.285334
0.265587
0.185787
3.67235e-15
1.08172e-15
0.374953
0.260585
0.421246
0.312645
0.17402
1.92646e-13
0.11299
1.95334e-14
9.44603e-15
9.44603e-15
0.247946
0.524496
0.674211
0.374953
1.95334e-14
0.260585
0.374953
0.374953
2.62339e-14
0.234951
0.374953
0.374953
1.74422e-13
2.87647e-14
0.374953
0.453039
0.374953
0.234226
7.10722e-14
1.82058e-13
9.44603e-15
0.382338
8.33974e-14
0.179079
2.12096e-14
1.50299e-15
6.58749e-14
0.947051
4.36895e-15
1.10284e-14
0.532595
0.608678
0.459107
1.62582e-13
0.617634
0.374953
3.52471e-12
7.09361e-13
1.14221e-12
0.65104
0.294
5.33584e-15
0.312645
0.422734
0.260585
0.374953
2.53152e-12
1.08722e-09
2.39571e-10
0.134216
1.70762e-10
0.29101
0.570388
0.374953
0.939564
0.374953
0.307402
3.59355e-15
0.234226
0.603839
0.674211
0.422367
0.411384
0.16319
0.789677
2.60311e-12
0.374953
8.29485e-12
0.488688
0.606466
2.09071e-14
2.39953e-12
0.247946
0.374953
0.247946
0.426975
0.343799
3.40157e-14
1.6348e-13
0.374953
0.247946
0.536525
0.809042
0.573115
0.176466
0.190915
5.41333e-15
9.84647e-12
2.4586e-14
1.82768e-13
7.85923e-13
6.59073e-14
0.374953
0.374953
2.61663e-14
0.375479
0.242977
0.422367
0.422367
0.000516334
0.00112744
0.159904
0.159904
0.345729
0.374953
0.971955
0.459107
0.459107
0.502099
0.341348
0.374953
0.0725738
0.948328
0.132232
0.0458786
0.0152269
0.414899
0.374953
0.374953
0.803825
1.73429e-06
0.619202
0.127702
0.420784
0.0194202
0.289767
0.129077
0.208639
0.531216
0.374953
0.374953
0.731193
0.374953
0.500159
0.500159
0.577654
0.116209
0.0418856
0.00149169
0.165828
0.878337
0.132428
0.026559
0.00518825
0.374953
0.374953
0.913677
0.281345
0.00117297
8.77955e-05
0.852402
0.772204
0.640928
0.0328597
0.260585
0.0551921
0.0184855
0.59919
0.125464
0.0237625
0.12544
0.737735
0.616461
0.857904
0.0968788
0.502099
0.328319
0.311842
0.00142395
0.420567
0.0253132
0.658684
4.85934e-05
0.11299
0.285334
0.00328713
0.807096
0.227629
0.260585
0.65104
0.250131
0.250131
0.470198
0.149828
0.281589
0.961093
0.961093
0.35977
0.104524
0.757871
0.35977
0.234951
0.609993
0.411384
0.629342
0.971871
0.260585
0.321678
0.905617
0.132428
0.0468419
0.757871
0.374953
0.726823
0.726823
0.570388
0.260585
0.260585
0.222787
0.532845
0.374953
0.411766
0.344185
0.921704
0.299419
0.107959
0.0915206
0.0960159
0.268843
0.59919
9.09856e-05
1.30412e-12
0.476945
1.86436e-07
0.866412
0.0366824
0.597762
0.232333
1.37965e-07
0.374953
0.17289
0.00880499
0.772786
0.597105
0.792025
0.727513
0.524496
0.414944
0.374953
0.816951
0.711203
0.444254
0.181341
0.422367
0.470198
0.344344
0.260585
0.414944
0.560939
0.443776
0.095654
0.410237
0.321678
0.846374
0.0511377
0.776234
0.374953
0.30108
0.413341
0.573115
0.610382
0.562017
0.457842
0.734087
0.80356
0.333433
0.0840466
0.469457
0.411171
0.260585
0.260585
0.443014
0.038001
0.0899662
0.00308709
0.0892059
0.51943
0.507227
0.374953
0.17402
0.000483834
0.0505074
0.0624088
0.319513
0.260585
0.0285819
0.14199
0.421927
1.07094e-10
0.176466
0.00648499
0.710761
0.46644
0.501506
0.501506
0.00754704
0.122813
0.0987948
0.436878
0.432707
0.952927
0.315623
0.130613
0.382338
0.321678
0.287719
0.0784772
0.962107
0.501506
0.374953
0.0784772
0.423767
0.999249
0.422734
0.527547
0.319513
0.35977
0.699828
0.908642
0.374953
0.986827
4.38792e-07
0.239372
0.492701
0.823021
0.175733
0.17402
0.0393918
0.28432
0.130613
0.257291
0.111083
2.01273e-10
0.236272
0.374953
0.873046
0.394824
0.107681
0.180908
0.224571
0.208639
0.460347
0.11299
0.382338
0.353102
0.220909
0.387839
0.374953
0.629133
0.443776
0.374953
0.0957245
0.0608253
4.22997e-06
5.6062e-05
0.524496
0.105429
0.25025
0.136902
0.234226
0.168293
0.374953
0.296238
0.65104
0.65104
0.387839
0.374953
0.204108
0.374953
0.562017
0.422734
0.501241
0.374953
0.424697
0.374953
0.299419
0.305479
0.305479
0.64103
0.579306
0.387839
0.159904
0.374953
5.41193e-09
0.0438807
0.0214654
1.56535e-14
0.443014
0.416146
0.343799
0.265587
0.470198
0.35977
0.262333
0.374953
0.414944
0.570388
0.478781
0.35977
0.910396
0.374953
0.443172
0.0784772
0.396193
0.556435
0.742512
1.94452e-05
0.409878
0.17402
0.374953
0.198333
0.374953
0.208639
0.374953
0.374953
0.184295
0.260585
0.755363
0.155959
0.0001029
0.0584504
0.186497
0.858502
0.186497
0.186497
0.186497
0.186497
0.186497
0.757871
0.540321
0.65104
0.617634
0.374953
0.374953
0.374953
0.374953
0.986827
0.540321
0.402017
0.190915
0.374953
0.481936
0.481936
0.421246
0.110875
0.321678
0.321678
0.260585
0.374953
0.374953
0.374953
0.308092
0.319513
0.396193
0.396193
0.396193
0.374953
0.424697
0.324326
0.0702181
0.324326
0.146296
0.324326
0.111905
0.242977
0.732121
0.00221624
0.374953
0.374953
0.644303
0.218312
0.772786
0.9198
0.722267
0.374953
0.0407855
0.0876748
0.260585
0.501506
0.186497
0.42026
0.247946
0.521984
0.383066
0.374953
0.426975
0.260585
0.374953
0.374953
0.292953
0.81663
0.374953
0.374953
0.260585
0.375479
0.208887
0.374953
0.152683
0.476945
0.0517073
0.929337
0.000206121
0.000635521
0.260585
0.443014
0.299419
0.281589
0.440879
0.159904
0.35977
0.35977
0.414377
0.250131
0.529052
0.338939
0.53419
0.501241
0.929591
0.459107
3.77786e-11
0.486446
0.816865
0.278481
0.278481
0.947551
0.374953
0.902672
0.420784
0.150234
0.00297457
0.000874436
0.374953
0.30108
0.234951
0.960038
0.159904
0.21215
0.54571
0.573115
0.981246
0.335101
0.208639
0.383066
0.0571994
0.374953
0.0321916
0.335101
0.311299
0.275145
0.260388
0.289643
0.0694023
0.254074
0.524496
0.374953
0.887751
0.202958
0.125733
0.324326
0.603839
0.353102
0.660526
0.252401
0.252401
0.153243
0.524496
0.159904
0.159904
0.314689
0.314689
0.00138243
1.32572e-07
0.265587
0.331028
0.458338
0.260585
0.52788
0.154278
0.382338
0.208639
0.000195238
0.374953
0.570388
0.233093
0.233093
0.335101
0.418817
0.202125
0.374953
3.02743e-07
0.411171
0.374953
0.536815
0.374953
0.118692
0.29899
0.878503
0.332979
0.546653
0.180317
0.17343
0.108347
0.721953
0.811649
0.374953
0.374953
0.588682
0.375479
0.665988
0.411363
0.260585
0.0269063
5.44277e-08
0.934034
0.374953
0.288668
0.133605
0.787912
0.65104
0.328433
0.186497
0.468087
0.335101
0.570388
0.374953
0.374953
0.208639
0.470198
0.31244
0.312996
0.758789
0.374953
0.0146924
0.0425812
0.30108
0.374953
1.15145e-12
0.000569245
0.573115
0.182254
0.884772
0.29899
0.176466
0.374953
0.0893864
0.0919461
0.387839
0.305551
0.813494
0.000203139
0.329919
0.443776
0.28432
0.113118
0.116539
0.946021
0.0133655
6.1826e-12
0.0198736
0.470198
0.470198
0.331877
0.940166
0.924097
0.000489501
0.212136
0.222787
0.374953
0.000128845
0.0116887
0.209271
0.0354848
0.00193318
0.80356
5.22707e-05
0.959026
0.00316724
0.470198
0.374953
0.710761
0.130613
0.440879
0.930574
0.616461
0.481936
0.710761
0.562017
0.537853
0.596159
0.0653651
0.260585
0.157112
0.866207
0.374953
0.665613
0.460347
0.290735
0.342102
0.501241
0.287625
0.287625
0.577654
0.17402
0.0658074
0.0813503
0.0688244
0.258882
0.0238584
0.0127806
0.374953
0.0167815
0.612367
0.493108
0.00239523
0.230621
0.402188
0.149911
0.374953
9.24479e-14
0.929193
0.30108
0.30108
0.0903984
0.44705
0.0218142
0.0327153
0.315623
0.60475
0.374953
0.639904
0.193796
0.00222799
0.453039
0.0263601
0.260585
0.424369
4.07712e-14
0.585415
0.335066
1.83034e-14
0.585415
1.58436e-11
1.77254e-14
0.299419
0.569892
1.17321e-09
0.000447992
0.214327
0.0241928
0.426975
0.0711333
0.190915
0.000698008
0.360359
0.672447
0.914761
0.374953
0.245228
0.292049
2.41576e-06
1.97629e-08
0.117563
1.83034e-14
0.285334
0.285334
8.5036e-14
0.617634
0.332612
0.132449
0.42491
0.335066
6.98197e-15
0.617208
0.481936
0.481936
0.374953
0.674211
0.374953
0.854636
0.501506
0.201467
0.374953
0.501506
0.851225
0.319513
0.319513
0.728841
0.319513
0.221007
0.139015
0.11299
0.335101
0.11299
0.11299
0.00861486
0.470198
0.256088
0.383066
0.256088
0.374953
0.96095
0.745776
0.424697
0.313155
0.0616401
0.29899
0.29899
1.89624e-06
0.696722
0.307402
0.307402
0.0479439
0.0611269
0.443776
0.411171
0.000588063
0.246512
0.374953
0.411171
0.411171
0.374953
0.411171
0.411171
0.116728
0.411171
0.369697
0.374953
0.211362
0.239962
0.26911
0.26911
0.374953
0.374953
0.374953
0.374953
0.374953
0.179079
0.155772
0.268763
0.411171
0.284256
0.460347
0.497807
0.832913
0.148969
0.475261
0.787912
0.577416
0.0617061
0.336855
0.260585
0.706537
0.706537
0.260585
0.979082
0.979082
0.772786
0.86096
0.29899
0.374953
0.185787
0.374953
0.0936949
0.374953
0.383066
0.35792
0.112735
0.265587
0.265587
0.265587
0.343953
0.265587
0.18145
0.374953
0.374953
0.374953
0.374953
0.374953
0.374953
0.374953
0.772786
6.84651e-08
0.437061
0.772786
0.424697
0.772786
0.772786
0.772786
0.772786
0.260585
0.866207
0.374953
0.625261
0.374953
0.307402
0.307402
0.374953
0.374953
0.374953
0.374953
0.65104
0.65104
0.700175
0.11299
0.0235838
0.374953
0.257291
0.28432
0.374953
0.854636
0.854636
0.299419
0.270837
0.111959
0.562017
0.28432
0.341568
0.341568
0.374953
0.571835
0.898267
0.453039
0.443776
0.538476
0.538476
0.42367
0.374953
0.73216
0.0791259
0.382338
0.757871
0.292049
6.44704e-11
1.2282e-13
0.272798
0.35703
0.297853
0.292049
0.411241
0.0889708
0.200761
0.260585
0.313944
0.374953
0.252545
0.538476
0.0916392
0.23697
0.374953
0.232452
0.0982953
0.239959
0.238155
0.374953
0.115826
0.234951
0.374953
0.0654182
0.0654182
0.374953
0.374953
0.374953
0.374953
6.67735e-12
0.374953
0.11299
0.29101
0.11299
0.00968244
0.383066
0.215656
6.97078e-07
0.951122
0.374953
1.50673e-07
0.515424
0.710761
0.460347
0.422367
0.757871
0.260585
0.260585
0.260585
0.287625
0.287625
0.185787
0.540321
0.387839
0.319513
0.234226
1.7666e-09
0.241083
0.929193
0.492701
0.241083
0.443014
0.186497
0.186497
0.443014
0.443014
0.729147
0.501506
0.710761
0.236336
0.208639
0.374953
0.184295
0.184295
0.76099
0.374953
0.488688
0.184295
0.0646654
0.666398
0.00878808
0.249432
0.370455
0.603839
0.260585
0.540321
0.772786
0.132428
0.781879
0.374953
0.706572
0.583551
0.212472
0.374953
0.472624
0.703159
0.0416192
0.185787
0.625033
0.260585
0.880301
0.374953
0.208639
0.287625
0.374953
0.81294
0.54571
1.21554e-07
0.260585
0.421246
0.147808
7.26166e-12
0.696722
0.0770111
0.65104
0.570388
0.299419
0.933307
0.189036
0.0427714
0.319513
0.190915
0.437215
0.341166
5.23395e-14
0.611583
0.131439
2.66109e-11
0.132428
0.374953
0.481936
0.370469
0.665328
0.665328
0.481936
1.23508e-08
0.00261036
7.60799e-09
1.54357e-06
0.131439
0.358646
1.36645e-11
0.460347
0.290386
0.358464
0.931372
0.000726188
0.00160959
0.79363
2.74065e-06
0.710761
0.324326
0.870853
0.854636
0.0803388
0.204108
0.260585
0.460347
0.414944
0.414944
0.307402
0.208639
0.35977
0.374283
0.15229
0.710761
0.374953
0.159904
0.902997
0.28432
0.402378
0.854636
0.203659
0.130613
0.0520426
0.193759
0.28432
0.436878
0.00758279
0.11299
0.616461
0.460391
0.0814979
0.316169
0.0467549
0.0810202
0.0851103
0.245545
0.424845
0.374953
0.319513
0.938745
0.453039
0.394824
0.386537
0.299419
0.11299
0.186619
2.7056e-15
0.420784
6.18647e-12
0.54571
0.852123
0.0312783
0.443776
0.319513
0.374953
0.411241
0.208639
0.328433
0.319513
0.319513
0.227262
0.186497
0.109962
0.13408
0.374953
0.101925
0.208639
8.17975e-15
0.374953
0.0285284
2.64093e-14
0.374953
0.186497
0.595469
0.710791
0.935285
0.422734
3.40157e-14
0.411241
0.854636
0.121455
1.31301e-11
0.553178
6.15474e-08
0.65104
0.319513
0.082334
0.529052
1.42983e-13
0.878132
0.139838
0.476945
0.374953
0.102563
0.65104
0.342102
0.251086
0.411241
0.0331282
0.854636
0.190915
0.488688
0.905325
0.374953
2.11419e-12
0.374953
0.0665972
0.294
0.374953
0.374953
0.374953
0.159904
0.0230887
0.0165631
0.411171
0.662694
0.502099
0.0441423
0.35977
0.250131
0.659548
0.222625
0.374953
0.157642
0.157642
0.374953
0.347572
0.922462
0.922462
0.922462
0.420784
0.374953
0.453039
7.42575e-05
7.09473e-05
0.115491
0.420382
0.374953
0.30108
1.84217e-15
0.0107147
0.566118
0.0541656
0.175064
0.175064
3.16748e-12
0.239959
0.180689
0.374953
0.374953
0.470198
0.0162922
0.185787
0.470198
0.501241
2.57772e-06
0.260585
1.83034e-14
0.04333
0.204108
0.230429
0.260585
0.130613
0.23316
0.0621681
0.30108
9.44603e-15
0.0523909
0.382338
0.30108
0.0570688
0.383066
0.185787
0.122813
9.44603e-15
0.374953
0.387839
0.854636
0.299419
0.125233
0.321637
0.854636
0.319513
0.374953
1.05835e-14
0.23218
0.374953
0.305479
0.374953
0.374953
0.512824
0.436878
0.260585
0.501241
0.48853
0.160921
0.282874
0.558195
0.479621
0.328468
0.328468
0.383066
0.178885
0.854636
0.854636
0.374953
0.319513
0.11299
0.674211
0.0846117
0.23814
0.190915
0.674211
0.710761
9.44603e-15
0.083997
0.401832
0.77696
0.872336
0.28432
0.374953
0.650039
0.17402
0.443014
0.307402
0.299419
0.207395
0.260585
0.318045
0.453039
1.83034e-14
0.0859576
0.200215
0.453039
0.130613
0.122813
0.258815
0.540321
0.710761
0.292049
0.159904
4.79113e-14
0.374953
0.374953
0.260585
0.374953
0.411241
0.328433
0.116799
0.195453
0.251086
0.292049
0.11299
0.204108
0.82839
0.000309205
0.488688
0.488688
0.285334
0.118692
0.00880526
0.260585
0.268574
0.453039
3.01612e-15
0.0992449
4.22843e-10
0.481936
1.053e-13
0.613084
0.00904451
0.000111075
1.58742e-10
0.420784
0.131439
1.04929e-10
0.28432
0.374953
0.0749666
4.0968e-12
2.16105e-15
0.186497
0.570388
0.292049
0.292049
0.470198
0.470198
0.374953
0.425801
2.0117e-09
0.892459
0.830559
0.65104
0.215493
0.285334
0.049299
0.296238
0.342102
0.795503
0.374953
0.437783
0.179079
0.601579
0.326142
0.11299
0.28432
0.443014
0.123693
0.854636
0.319513
0.411384
0.707701
0.470521
0.11299
0.501506
0.0376008
0.131439
0.319513
0.374953
0.374953
0.816951
0.374953
6.93273e-15
9.44603e-15
0.414944
0.183826
0.0108106
0.443776
2.18182e-09
6.43777e-07
0.000981422
0.396042
0.860519
0.232092
0.447722
0.423767
0.947051
0.319513
0.970653
0.906595
0.301981
0.379898
0.426975
0.459107
0.628201
0.40259
0.138075
0.086706
0.577654
0.130613
0.501241
0.159904
0.208639
0.699464
0.374953
0.321637
0.204108
0.453039
0.420382
0.342102
0.374953
0.0497242
0.501241
0.374953
0.0336096
0.443776
0.381586
0.414944
0.321637
0.374953
0.614414
0.893057
0.22998
0.0875342
0.0193646
0.13465
0.213227
0.225879
0.440879
0.233189
6.66322e-12
3.19911e-06
0.374953
0.546653
0.151335
0.207893
0.148726
0.0398219
0.121966
0.0684198
0.0357836
0.0595355
0.0853573
0.781052
0.281589
0.0846802
0.150315
0.411241
1.86686e-08
0.501241
0.501241
0.137094
0.00243439
0.436626
0.625096
0.0149357
0.98443
0.0797005
0.143851
0.319513
0.297657
0.0601487
0.131439
0.568495
0.285334
9.44603e-15
0.0673457
0.29101
0.418487
3.68051e-15
0.0980725
0.171247
0.482169
2.65933e-14
0.11299
0.443014
0.374953
0.00451544
0.374953
0.10233
0.374953
0.0430958
0.0195464
0.00958925
0.0130118
0.132428
0.208639
0.034742
1.49809e-05
0.767588
0.524496
0.328433
0.528336
0.186619
0.0741837
0.35977
0.0749644
0.374953
0.374953
0.374953
0.374953
0.546653
0.470198
0.135332
0.373272
0.594558
0.132428
0.835332
0.136086
0.425241
0.556701
8.22809e-06
0.878337
0.374953
0.374953
0.816951
0.562017
0.93144
0.538476
0.538476
1.7833e-05
0.102827
0.29101
0.132428
0.053243
0.459107
0.423767
0.11299
0.573115
0.146943
0.374953
0.54571
0.183252
0.159904
0.305479
0.274121
0.374953
0.374953
0.374953
0.683553
0.335324
0.570388
2.62445e-13
0.757871
0.374953
0.757871
9.44603e-15
0.343799
0.00111892
0.313155
0.260585
0.962577
0.234131
0.135564
0.374953
0.374953
0.281589
1.34267e-05
0.271804
0.423767
0.335101
0.335101
0.335101
0.0794215
0.265099
5.33257e-11
0.132428
0.285334
0.000211841
0.179112
0.335101
0.30108
0.30108
0.757871
0.0039375
0.0247433
0.11299
0.128691
0.0226563
0.546653
0.126496
0.443014
0.0533892
0.0576995
0.778829
0.402188
0.374953
0.374953
0.343799
0.281589
0.570388
9.44603e-15
0.374953
9.44603e-15
0.0289432
0.374953
0.374953
0.374953
0.0304719
2.05847e-09
0.411384
0.11299
0.181089
2.62836e-06
0.00982719
0.152527
0.152527
0.0147488
0.668002
0.91441
0.757871
0.374953
0.622544
0.0442237
0.0160467
0.720367
0.0487822
0.443014
0.529052
0.27892
0.529052
0.122813
0.374953
0.000472229
0.374953
0.0303764
0.102909
0.0295935
0.208639
0.374953
0.204166
0.374953
0.0661676
0.210849
0.0361912
0.29899
0.733019
0.896073
6.06283e-05
0.0981094
0.374953
0.609595
0.524496
0.459107
0.459107
0.924297
0.524496
0.00433904
2.27184e-12
0.481936
0.481936
0.265587
0.265587
0.752357
0.0442624
0.866207
0.822148
0.719132
0.260585
0.773277
0.859251
0.453039
0.513167
0.453039
0.17617
0.166245
0.933163
0.0243704
0.0228772
0.260585
0.0922222
0.704366
0.912749
0.265587
0.265587
0.785391
0.79688
0.160574
0.0996827
0.212472
0.00111077
0.018093
0.00110673
0.96719
0.660636
0.248819
0.248819
0.225879
0.0166091
1.33014e-07
3.45068e-11
0.374953
0.00266684
0.00183434
0.000152267
0.374953
0.180078
0.194505
0.23287
1.04057e-05
0.142159
0.382338
0.374953
0.0896657
0.111076
0.171247
0.296238
0.48815
0.159904
0.229755
1.12703e-11
0.148326
0.16282
0.237029
0.139117
0.313894
0.260585
0.502099
0.502099
0.502099
0.502099
0.96305
0.374953
0.0485291
0.287216
0.772786
4.40807e-07
2.71596e-07
0.136794
0.0454117
0.242977
0.470198
0.470198
0.186918
4.65505e-05
0.147744
0.000152768
1.13456e-05
0.014814
5.02904e-05
0.470198
0.0440061
0.0112543
0.378554
0.806531
0.335101
0.806531
0.0740635
0.374953
1.14246e-05
1.49983e-05
0.247946
4.88671e-07
0.113596
0.184513
0.830282
0.00428141
4.59897e-05
0.057612
0.265587
0.0189987
4.7744e-13
0.757871
3.12726e-06
0.00123824
0.583835
0.0607616
0.459356
0.00130981
0.00382224
0.00055351
0.0013728
0.000371479
0.904162
0.129341
0.426975
0.0111445
0.0565674
1.99936e-05
0.262818
0.230429
0.0651767
0.0189209
0.100057
0.207424
0.0429961
0.0478521
0.085802
0.651304
0.369055
0.369055
0.279568
0.524803
0.797797
0.48313
0.422367
0.116879
0.313381
0.299825
0.411384
0.445362
0.305777
0.312645
0.0536084
0.144676
0.242163
0.00556731
0.443014
0.443014
0.481936
0.00937527
0.0496961
4.04339e-09
3.17558e-12
6.47859e-12
0.158517
0.176466
0.207098
7.2542e-08
8.56873e-07
0.000310212
0.0282978
0.00100011
0.0133318
0.129611
0.0351729
0.736172
0.132428
0.374953
0.326416
0.76468
0.534476
0.418817
0.418817
0.374953
0.13999
0.0908871
0.268843
0.396193
0.396193
0.501506
0.10824
0.501506
0.501506
0.387839
0.387839
0.0414502
0.159904
0.159904
0.409878
0.409878
0.0584097
0.374953
0.540321
0.355296
0.220793
0.260585
0.260585
9.70975e-12
7.47041e-13
8.93617e-09
3.15965e-06
0.00101116
0.933729
0.614718
0.387563
0.0826016
0.342102
0.265587
3.14664e-07
1.36768e-06
0.847366
3.78756e-07
0.421246
0.426975
4.29386e-13
0.104152
3.56286e-13
0.374953
0.294
1.21711e-07
0.132428
1.62164e-07
0.131439
0.000227394
0.17402
0.000227394
0.374953
0.11299
0.000135024
0.440879
0.000135024
0.000135024
0.374953
0.000227394
0.00049043
0.598712
0.186497
0.355627
0.00049043
0.307402
0.120938
0.374953
0.786041
0.132428
0.538476
0.039131
0.481936
0.000227394
0.00049043
0.355627
0.342102
0.11299
0.00049043
0.00253864
0.171247
0.975515
0.132428
0.000170761
0.674211
0.132428
0.307402
0.420784
0.374953
0.351023
0.00118904
0.577654
0.374953
0.28432
0.0398468
0.000371196
0.00118904
0.132428
0.84173
0.292049
0.221628
0.111237
0.132428
0.453039
0.180608
0.260585
0.17402
0.35977
0.00185373
0.00133672
0.501241
0.319487
0.319487
0.11299
0.319487
0.319487
0.00374932
0.000371196
0.374953
0.420784
0.319487
0.463052
0.940448
0.319487
0.439437
0.546653
0.374953
0.501241
0.54571
0.0669826
0.0664928
0.299419
0.315985
0.374953
0.374953
0.407213
0.185787
0.132428
0.467202
0.299419
0.312645
0.383066
0.0728882
0.374953
0.570388
0.00050231
0.374953
0.374953
0.903928
0.374953
0.476945
0.374953
0.321678
1.2979e-07
0.287625
0.280579
0.040519
0.0020772
0.374953
0.459107
0.184295
0.00159921
0.132428
0.424697
0.35977
6.23276e-05
0.0641429
0.326416
9.44603e-15
0.265587
0.260585
0.00839498
0.237523
0.374953
0.927207
0.538047
0.11299
0.260585
5.92929e-05
0.260585
0.29899
0.536525
0.65104
0.59919
0.00333421
0.686501
0.039314
0.474196
0.00192664
5.67096e-11
0.459107
0.460347
0.65104
0.313155
0.424697
0.287625
0.502099
0.00477557
0.313155
0.167085
0.488688
0.342102
0.00427232
0.459107
0.00171161
0.374953
0.222787
0.260585
1.76459e-14
0.299419
0.00427232
0.465418
0.184295
1.76459e-14
0.429137
0.260585
0.00526788
0.00249068
0.538047
0.00439956
9.44603e-15
0.888799
0.000636568
0.538047
0.17402
0.617634
0.000581489
0.0354921
0.0917725
0.00194576
0.00194576
0.260585
0.616461
0.305479
0.882525
0.374953
0.000581489
0.453039
0.222787
0.720196
0.888799
0.374953
0.888799
0.281589
0.35977
0.132428
0.978485
0.888799
1.76459e-14
0.00130715
0.000581489
1.2435e-10
0.888799
2.97824e-11
0.285334
0.720196
4.15803e-11
0.374953
0.720196
0.112735
0.00130715
0.000870536
0.133373
1.76459e-14
0.11299
9.44603e-15
0.11299
0.411384
0.292049
1.2435e-10
1.2435e-10
1.76459e-14
0.131439
0.238171
0.285635
0.888799
0.453039
0.000412778
0.307402
0.000412778
0.422367
7.34205e-11
0.617466
1.76459e-14
0.888799
0.285635
0.000412778
0.888799
0.255169
0.995592
0.720196
0.374953
0.596089
0.328433
0.374953
7.34205e-11
0.374953
0.720196
0.374953
0.000963845
0.805548
2.90598e-11
0.335101
2.97824e-11
2.90598e-11
0.238171
0.876132
0.260585
0.11299
0.285635
0.546653
0.720196
0.720196
0.17402
0.305479
0.0513118
0.17402
0.312645
2.85096e-05
2.85096e-05
0.383066
0.0242488
0.918267
0.383066
0.35977
1.30866e-05
0.0195464
0.715431
0.84173
0.052689
0.536525
0.846562
0.416105
0.279853
0.17402
9.44603e-15
0.866207
2.43389e-05
2.43389e-05
0.319513
0.387839
9.12299e-12
0.374953
0.285635
0.77696
0.16701
0.439437
0.488688
0.488688
0.501241
0.374953
4.48215e-15
0.132428
0.000242778
4.48215e-15
4.48215e-15
0.481936
0.204108
4.48215e-15
0.374953
0.374953
0.374953
0.29899
0.374953
0.260585
5.2023e-08
0.30108
1.63212e-10
0.570388
0.720196
4.48215e-15
2.12656e-12
0.343804
0.260585
0.374953
9.23971e-15
4.48215e-15
4.48215e-15
0.423767
4.48215e-15
0.285334
0.285635
0.910235
0.476945
0.84173
0.132428
4.09151e-12
9.44603e-15
0.617466
0.460347
9.44603e-15
9.44603e-15
0.234226
0.720196
0.374953
0.29899
9.44603e-15
9.44603e-15
0.481936
0.418817
0.186497
0.217383
9.76574e-12
0.374953
0.374953
9.44603e-15
0.693017
0.374953
0.227629
0.190915
0.0895758
0.0229054
0.0222226
0.000671672
0.024316
0.163161
0.374953
0.374953
2.23493e-14
2.23493e-14
0.374953
0.0578198
0.453039
0.245764
0.522472
0.245545
0.0160602
0.374953
0.012227
0.415043
0.147448
0.133123
0.151862
0.84173
9.44603e-15
0.720196
0.374953
0.333759
0.625596
0.329724
0.222787
0.69265
0.00011277
0.17402
0.720196
0.0139308
0.720196
9.44603e-15
9.44603e-15
4.09151e-12
0.00026383
0.84173
0.720196
0.285635
0.978485
0.730477
0.603839
0.720196
0.374953
0.374953
0.481936
0.374953
9.44603e-15
0.11299
0.374953
0.374953
0.102899
2.35447e-12
9.44603e-15
0.00039589
9.44603e-15
0.00026383
0.536525
0.0332424
0.577654
0.301981
0.3418
0.84173
0.781052
0.35977
9.44603e-15
0.374953
0.17402
9.44603e-15
1.18597e-07
0.374953
0.417352
0.17402
9.44603e-15
0.720196
0.260585
9.44603e-15
9.44603e-15
0.84173
0.84173
0.423767
0.396193
0.000288533
9.71703e-09
0.882525
0.418817
0.00741422
0.00490625
0.131439
0.0101741
0.674049
0.950274
0.294
0.000858567
0.257717
0.374953
0.294
0.00329108
0.794978
0.241083
0.443014
0.294
0.201773
0.124298
0.260585
0.379955
0.296238
0.299419
0.535976
0.746588
0.313155
0.426219
0.260585
0.888572
0.205028
0.570388
0.209102
0.318991
0.14722
0.0654131
0.547156
0.607739
0.617634
0.262818
0.260585
0.978114
0.488072
0.285635
0.285635
0.110999
0.248311
0.374953
1.06797e-05
0.449446
0.17402
0.260585
0.617466
0.3418
0.242977
9.44603e-15
0.190915
0.159904
0.222787
0.265587
0.617634
0.720196
5.13719e-14
0.84173
0.538476
0.210125
2.92585e-06
0.772786
0.251086
0.649975
0.374953
0.84173
0.265587
0.374953
0.0741837
0.201426
0.69265
0.69265
0.000132101
0.204108
0.84173
0.374953
0.262742
0.260585
0.374953
0.777402
0.969319
0.177094
0.296238
2.95896e-14
0.45505
0.374953
0.17402
0.264486
0.359376
0.899331
0.414457
0.720196
0.899331
0.420784
0.617634
0.251086
0.159904
0.176466
0.420784
0.319513
0.720196
0.374953
0.374953
0.65104
0.0731463
0.418817
1.06895e-14
0.416105
0.374953
0.439484
6.3305e-11
0.459107
0.0124087
0.194798
0.29101
9.44603e-15
0.422734
0.204108
0.279853
0.000210173
0.570388
0.186497
0.374953
0.84173
0.234951
0.603839
0.374953
0.374953
3.42232e-13
0.342102
0.132428
0.720196
0.422367
0.436878
0.501506
0.46644
0.481936
0.374953
2.42684e-14
0.374953
0.247946
0.131439
0.423767
0.374953
0.374953
0.414944
0.17402
0.65104
0.414944
0.414944
0.30108
0.326416
0.000164781
0.07471
0.453039
0.407213
0.617466
0.501241
0.260585
0.882525
0.233135
0.343799
0.882525
0.11299
0.603839
0.270923
0.335101
0.443776
0.577654
9.44603e-15
9.44603e-15
0.529052
0.710761
0.502099
0.405462
0.550432
0.414944
0.105509
0.35977
9.44603e-15
0.411241
0.270923
0.00455694
0.0565795
0.248819
0.603839
0.755158
0.678731
0.260585
0.294
0.720196
0.501241
2.05365e-13
0.260585
0.17402
0.374953
0.117113
2.37609e-05
0.0711343
0.296238
0.287625
9.44603e-15
0.17402
0.882525
0.17402
0.00176035
0.501241
9.44603e-15
0.787912
0.17402
0.459107
0.581777
0.459107
0.374953
0.0450899
0.59919
0.285334
0.194798
9.44603e-15
0.524496
0.720196
9.44603e-15
9.44603e-15
0.35977
0.17402
9.44603e-15
0.84173
0.100759
0.105509
0.84173
0.395251
9.44603e-15
9.44603e-15
0.17402
0.113763
0.60159
0.17402
0.84173
2.93309e-14
2.93309e-14
0.577654
0.17343
0.324326
0.270923
0.17402
0.17402
0.27105
0.17402
9.44603e-15
0.319513
0.374953
0.420784
0.260585
9.44603e-15
0.190915
0.112735
0.720196
0.17402
0.220203
0.374953
0.337185
9.44603e-15
9.44603e-15
0.260585
0.488688
0.132428
0.116561
0.720196
9.44603e-15
0.0399087
0.374953
0.374953
9.44603e-15
9.44603e-15
0.421988
5.29883e-05
0.186497
0.374953
0.17402
0.374953
0.270923
0.951469
0.374953
0.374953
0.453039
9.44603e-15
2.05365e-13
0.562017
0.856497
0.664823
0.755158
2.05365e-13
0.17402
0.131439
0.260585
0.270923
0.755158
0.170118
0.141791
9.44603e-15
0.416105
0.374953
0.285635
0.866834
9.44603e-15
0.188247
0.617634
0.285334
0.720196
9.44603e-15
9.44603e-15
0.538047
0.778244
0.65104
0.17402
0.0398468
2.45503e-14
0.260585
0.305479
0.443776
0.17402
0.17402
0.501506
0.343799
0.343799
0.374953
0.546653
0.374953
0.11299
2.15131e-12
0.617421
0.17402
0.185787
0.234951
0.29899
0.30108
0.570388
0.399572
0.374953
0.407213
0.382338
0.674211
0.374953
0.326416
0.407213
0.453039
0.374953
0.374953
0.29899
0.374953
1.70712e-13
0.270923
0.502099
0.453039
0.227629
4.48215e-15
0.374953
0.488688
0.374953
0.131439
0.481936
0.710761
0.374953
0.17402
0.17402
0.324326
9.44603e-15
0.265587
9.44603e-15
0.741839
0.755158
0.387839
0.369204
0.0433035
0.319513
0.321637
0.374953
0.459107
0.374953
9.44603e-15
0.0399087
0.260585
0.35977
0.46644
0.720196
0.17402
0.374953
0.538476
0.326638
0.374953
0.577654
0.292049
0.281589
0.374953
0.529052
0.374953
0.374953
0.281589
1.35864e-10
3.64412e-09
1.80217e-09
0.118612
0.255844
0.411171
0.374953
0.00919997
0.0729101
0.313155
0.0867829
0.0111275
0.182335
1.11385e-14
0.679031
0.194798
0.720196
0.570388
0.755158
0.765076
1.08385e-05
0.374953
0.130613
0.757871
2.45503e-14
0.414944
9.44603e-15
9.44603e-15
0.453039
0.17402
0.17402
0.17402
2.45503e-14
9.44603e-15
0.940448
9.44603e-15
0.383066
0.964658
0.84173
0.412876
0.769938
0.187752
0.720196
0.319513
0.242238
0.459107
0.524496
0.0654678
4.8043e-12
0.234226
6.18993e-15
0.374953
0.964658
3.2546e-10
0.324326
4.10614e-14
0.000357662
0.409878
0.17402
0.320158
0.501506
0.538476
0.374953
0.279853
0.529052
0.374953
0.720196
0.265587
0.279853
0.279853
0.150921
0.374953
0.279853
0.11299
1.7628e-13
2.45503e-14
0.319513
0.159904
0.724603
0.212472
0.178161
0.774424
0.374953
0.536525
0.460347
0.328433
0.374953
0.766954
0.374953
0.374953
0.136199
0.28432
0.993753
0.993753
0.418817
0.374953
0.993753
0.546653
0.993753
0.993753
0.374953
0.374953
0.230622
0.993753
0.374953
0.993753
0.374953
0.292049
0.265913
0.411241
0.374953
0.65104
0.265913
0.342102
0.0303402
0.84173
0.328433
0.374953
0.29101
0.403957
3.80166e-06
0.116597
1.53933e-07
0.260585
0.640049
0.374953
0.0361375
0.549157
0.17402
0.79098
1.58308e-05
0.387839
9.44603e-15
0.374953
0.342102
0.59919
9.44603e-15
0.577654
0.772786
2.68132e-05
0.00338615
0.312645
4.45054e-14
0.234502
0.453785
9.44603e-15
0.0299758
0.434101
0.43573
2.39239e-13
0.292049
0.0346838
0.000137808
0.762146
0.35977
0.374953
0.265587
0.546653
0.374953
0.0346838
0.341306
0.374953
1.32439e-08
0.374953
0.74224
9.44603e-15
0.710761
1.10276e-08
0.459107
0.700024
0.374953
0.407213
0.0405474
1.10276e-08
9.44603e-15
6.96255e-09
9.44603e-15
0.510346
0.22075
0.326416
0.037002
0.59919
0.59919
0.190407
0.0242678
0.247946
0.411171
0.136199
0.260585
0.453039
0.374953
3.50469e-11
2.45664e-05
0.0346838
0.285635
6.96255e-09
9.44603e-15
0.481936
0.0224092
0.0346838
4.08559e-05
0.374953
0.603839
4.08559e-05
0.0346838
6.96255e-09
0.260585
6.96255e-09
0.0346838
0.411171
0.319513
0.374953
1.62206e-05
0.416105
0.459107
1.95475e-11
0.467226
2.2469e-10
0.21506
0.234951
0.374953
0.184295
0.374953
0.573115
0.374953
0.488688
0.453039
0.573115
0.374953
0.176705
0.35977
0.374953
0.250131
0.262496
0.374953
0.374953
0.102547
1.46597e-05
2.17174e-05
3.97511e-05
0.000784384
0.0281673
0.0178395
0.17726
0.570388
0.407213
0.185276
0.459107
0.00175494
0.163161
0.00500681
9.44603e-15
0.649975
0.421246
9.44603e-15
0.0027511
0.241781
0.168458
0.375479
9.44603e-15
0.673183
0.374953
0.000115581
4.32775e-09
0.00018097
0.62662
0.0838866
0.35977
0.0027511
0.30108
0.603839
0.374953
0.501241
0.285635
0.296238
0.570388
0.265913
0.313155
0.460347
0.416105
0.328433
0.328433
0.374953
0.674211
9.44603e-15
0.384839
0.260585
9.44603e-15
9.44603e-15
0.00130412
0.000512827
0.29899
0.702115
9.08156e-09
9.44603e-15
0.374953
0.374953
0.436878
0.674211
9.44603e-15
0.374953
0.260585
0.374953
9.44603e-15
0.251086
9.44603e-15
9.44603e-15
0.11299
0.374953
0.00266294
9.44603e-15
0.374953
0.00018097
0.383066
1.4991e-05
0.53592
0.00161254
9.44603e-15
0.134144
0.260585
9.44603e-15
0.616461
0.186497
0.409878
0.663438
9.44603e-15
0.710761
9.44603e-15
9.44603e-15
9.44603e-15
0.0365155
0.00615155
0.307402
0.673183
0.326416
0.570388
8.91146e-05
8.91146e-05
2.96642e-07
1.67907e-07
2.38801e-07
1.67907e-07
2.59128e-13
9.44603e-15
0.422367
1.67907e-07
0.617634
2.38801e-07
0.00423669
9.44603e-15
0.0365806
0.000115581
0.17402
6.74187e-05
0.374953
0.260585
0.234951
0.617634
0.000115581
0.617634
0.28432
9.44603e-15
0.59919
0.502099
0.374953
0.363381
0.324326
0.753544
0.29899
0.07264
9.1834e-09
0.328433
0.459107
0.204108
4.48215e-15
4.48215e-15
7.4285e-05
0.577654
0.00779948
1.86314e-10
0.325198
0.248819
0.1478
0.328433
0.374953
0.374953
0.343799
0.374953
0.423767
0.990069
0.313155
0.374953
0.710761
0.616461
0.423767
0.423767
0.131439
0.617634
0.562017
2.79488e-09
0.131439
0.290301
1.21571e-13
0.382338
6.29928e-14
0.374953
0.29101
0.280579
0.00615155
7.32068e-05
0.436878
6.29928e-14
0.133773
0.285334
4.1024e-09
0.260585
1.26704e-13
1.26704e-13
0.312645
0.491191
0.288212
0.265913
0.753544
0.538476
0.313155
0.17402
0.29899
0.000474927
0.443776
0.443776
0.396193
0.29899
0.741839
0.0101598
0.74224
0.617634
0.0329662
0.260585
9.44603e-15
0.0566969
0.502099
0.305479
0.546653
9.44603e-15
8.12582e-05
9.44603e-15
0.501241
0.260585
0.374953
0.374953
0.74224
0.299983
0.459107
0.184525
0.577654
0.930679
5.44638e-08
0.617466
3.20421e-09
0.125137
0.374953
0.529052
0.168561
0.546653
0.470198
0.250131
0.321637
0.157582
0.683435
5.33519e-07
1.03426e-07
0.502099
0.234951
0.538047
1.03426e-07
0.260585
0.299419
0.260585
0.702409
0.649975
0.260585
0.166264
0.166264
0.423767
0.946794
0.374953
0.374953
0.17402
9.44603e-15
0.374953
0.285635
0.281589
0.11299
9.44603e-15
5.66129e-07
9.44603e-15
3.2598e-09
0.260585
0.617634
0.59919
0.281589
5.66129e-07
0.00290129
0.163161
0.374953
0.436878
9.44603e-15
9.44603e-15
0.670301
0.35977
0.288212
9.44603e-15
9.44603e-15
0.460347
0.374953
0.374953
0.383066
1.59373e-11
0.186497
0.570388
0.577654
9.44603e-15
0.374953
0.374953
9.44603e-15
0.130613
0.54571
0.374953
0.374953
0.288212
0.674211
0.186768
0.546653
0.374953
0.374953
9.44603e-15
9.44603e-15
9.44603e-15
0.649991
9.44603e-15
0.459107
0.262496
4.95111e-07
0.260585
9.44603e-15
0.617634
0.617634
9.44603e-15
0.524496
0.396193
1.234e-07
1.0258e-08
9.44603e-15
5.21389e-09
5.21389e-09
0.29899
9.44603e-15
9.44603e-15
0.374953
0.374953
1.234e-07
0.617634
0.229901
1.74387e-07
0.459107
0.459107
0.288212
1.01319e-09
0.374953
0.374953
0.374953
0.260585
0.225224
0.670837
0.36763
0.225224
0.900704
0.524697
0.162809
0.409878
0.066546
0.35977
9.45076e-12
0.159904
0.573115
0.387839
2.11413e-13
0.387839
0.225224
0.792071
0.225224
0.136816
1.01319e-09
3.01324e-07
0.225224
3.01324e-07
0.674211
0.374953
0.374953
0.59919
0.319513
7.26723e-09
0.423767
0.423767
0.488688
0.242669
0.616461
0.374953
0.374953
0.421246
0.375479
0.0447521
0.313155
0.131703
0.010481
0.460347
0.312645
0.488688
0.54571
0.30108
0.190915
0.294
0.319513
0.757871
0.757871
0.0279482
0.0747159
0.247946
0.299419
0.411171
0.232333
0.710761
0.374953
0.374953
0.754967
0.299419
0.374953
0.00684571
0.374953
0.374953
0.285635
0.00152752
0.225224
0.374953
0.459107
0.184295
0.225224
0.282203
3.15494e-10
0.0330337
0.374953
0.225224
9.20353e-07
0.225224
0.577654
0.219585
3.34758e-18
2.99304e-07
0.688219
0.313155
0.260585
0.383998
0.374953
0.688219
1.03318e-06
0.757871
5.60808e-07
0.374953
5.60808e-07
5.60808e-07
0.688219
3.26983e-09
1.15445e-09
4.60582e-09
0.933055
0.0277266
0.411171
4.33108e-08
0.0755157
0.573115
0.411241
0.374953
0.617466
0.260585
1.08664e-10
0.374953
2.68634e-08
0.374953
0.879355
2.68634e-08
0.617634
2.68634e-08
0.260585
9.44603e-15
0.260585
0.225224
8.6419e-09
0.29101
0.374953
0.453039
5.00936e-09
0.00133488
0.11299
0.174881
1.14883e-08
5.89804e-07
9.44603e-15
0.144926
0.335101
0.138847
2.98672e-09
0.436878
2.16329e-14
0.193231
0.00815804
0.616461
0.616461
0.616461
0.374953
0.150903
8.94741e-05
0.387839
0.209247
0.236518
0.573115
0.414944
2.16329e-14
9.44603e-15
0.184295
0.749404
0.125788
0.23316
0.155365
0.374953
0.54571
0.260585
0.0749587
0.208639
0.0588555
0.781122
0.374953
0.107211
0.294
0.546653
0.328433
0.617466
0.482985
0.574584
0.570388
0.443776
0.459107
6.927e-10
0.167809
0.453039
0.878337
0.374953
2.68634e-08
0.899142
0.617634
0.617634
0.757871
0.222787
0.374953
0.131439
0.374953
0.460347
0.374953
0.260585
0.879911
0.374953
0.562017
0.167752
0.422367
0.222787
0.110031
0.222787
0.374953
0.222787
0.617634
0.423767
0.11575
0.423767
0.319513
0.184295
0.65104
0.536525
0.443776
0.260585
0.374953
0.374953
0.422367
0.374953
0.374953
0.30108
7.50758e-08
0.688219
0.374953
0.174881
0.321678
0.570388
0.414944
5.00936e-09
0.265587
0.342102
0.422367
0.260585
0.591262
0.307402
0.65104
0.710761
0.260585
0.617634
0.529052
0.225224
0.260585
9.44603e-15
0.374953
9.44603e-15
0.374953
0.617634
0.414944
2.04454e-12
5.00936e-09
0.319513
0.260585
0.422367
0.617634
0.617634
0.225224
0.879911
9.44603e-15
9.44603e-15
9.44603e-15
0.285334
9.44603e-15
9.44603e-15
9.44603e-15
9.44603e-15
9.44603e-15
2.16329e-14
9.44603e-15
9.44603e-15
9.44603e-15
0.617634
0.459107
0.524496
9.44603e-15
0.617634
0.374953
9.44603e-15
0.374953
0.374953
9.44603e-15
0.688219
0.565618
0.772786
0.617634
0.459107
0.420784
0.374953
0.247946
0.260585
0.374953
0.29899
0.423767
0.374953
0.540321
0.29899
0.772786
0.285334
0.17402
0.184295
0.307402
5.8036e-05
0.0229761
0.953746
0.929193
0.929193
0.295553
3.489e-08
0.617634
0.617634
0.260585
0.312645
0.501241
0.122813
0.374953
0.0715951
8.41718e-15
0.11299
0.549157
0.374953
9.44603e-15
0.617466
9.44603e-15
9.44603e-15
0.617634
0.335101
0.0229636
6.26056e-05
0.420784
0.59919
0.675534
0.978767
0.374953
0.688219
0.617634
0.26395
0.374953
0.374953
0.0794819
0.225224
0.374953
0.374953
0.374953
0.617634
0.200856
0.0531295
0.617634
0.423767
0.995561
0.617634
0.688219
0.617634
0.617634
9.44603e-15
0.296238
0.374953
0.617634
0.374953
0.688219
0.374953
9.44603e-15
0.374953
0.617634
0.190915
0.453039
0.35977
0.294
0.247946
0.617634
0.305479
2.90954e-15
0.374953
0.26395
0.374953
0.234226
0.688219
0.285334
0.165828
0.688219
0.228489
0.65104
0.307402
9.44603e-15
9.44603e-15
0.617634
9.44603e-15
0.617634
0.374953
0.225224
0.122813
0.688219
0.374953
0.0379279
9.44603e-15
9.44603e-15
0.374953
0.374953
0.374953
0.436878
0.688219
0.208639
0.488688
0.374953
0.260585
0.65104
0.374953
0.423767
0.260585
0.481936
0.260585
0.260585
0.260585
0.260585
0.260585
3.355e-09
0.374953
0.374953
0.538476
0.152674
0.439442
0.35977
0.932318
0.422734
0.35977
0.932002
0.422734
0.35977
0.422734
0.35977
0.422734
0.000785347
0.0194922
0.125942
0.422734
0.617634
0.285334
0.374953
0.374953
0.243385
0.326373
0.591262
0.326373
0.260585
0.411241
0.260585
7.99445e-09
0.662911
0.421246
4.48383e-06
1.29096e-14
0.621884
0.305479
0.903047
0.250131
0.324326
0.328433
0.179326
0.111451
0.374953
0.171247
0.326373
0.260585
0.219585
0.185666
0.265913
0.616461
0.260585
0.225224
0.374953
9.44603e-15
0.546653
0.529052
0.414944
0.29101
0.326416
0.459107
0.208639
0.326373
0.481936
0.501241
0.501241
0.185787
0.670301
0.688219
0.374953
9.44603e-15
0.374953
0.418698
9.44603e-15
0.163604
0.225224
0.217404
0.374953
0.0227042
0.459107
9.44603e-15
0.260585
0.375479
0.374953
0.26395
6.02572e-14
0.374953
0.307402
0.562017
0.11299
0.30108
0.225224
0.98733
0.326416
2.89304e-12
0.374953
0.407213
0.260585
7.97128e-06
8.61706e-06
7.10722e-14
0.940194
0.374953
0.765076
0.710761
7.10722e-14
7.10722e-14
0.617634
0.765076
0.225224
7.10722e-14
0.176466
0.321637
0.307402
0.33498
0.235899
0.169027
0.0361066
0.337436
7.10722e-14
0.617634
0.374953
1.20685e-08
0.225224
0.577654
0.840083
0.940194
8.21753e-09
0.825047
0.259301
0.307402
0.241083
0.374953
0.171247
0.940194
0.307402
0.285635
0.374953
0.940194
7.10722e-14
0.292049
0.260585
0.11299
0.940194
0.234226
0.265587
0.529052
0.260585
0.0755157
0.469118
2.42261e-08
0.313155
0.940194
0.000654037
0.940194
0.443776
0.573115
0.190915
0.176466
0.190915
0.765076
0.617466
8.61235e-12
0.15271
0.00313686
0.420784
0.280579
0.440879
0.603839
0.411241
0.374953
0.443776
0.374953
0.577654
0.374953
0.387839
0.276548
0.305479
0.335101
0.292049
9.6595e-12
0.000213717
0.459107
0.940194
3.99597e-08
0.459107
0.688219
0.374953
0.710761
0.246044
0.765076
0.688219
0.176466
0.375479
0.168561
0.688219
0.617634
0.443776
0.445755
1.7219e-11
0.422367
0.387839
0.387839
0.342102
0.221251
2.64457e-05
6.66876e-12
0.46064
0.17402
0.374953
0.324326
0.816951
0.000602446
0.688219
4.47373e-09
0.0024796
0.374953
0.374953
0.26395
1.7219e-11
0.899331
0.374953
1.59907e-07
6.66876e-12
0.190915
0.132428
0.422367
0.265913
0.171247
0.754966
0.165084
0.143664
3.65728e-08
0.00291667
4.57399e-05
0.529052
0.130613
0.529052
0.222787
0.313155
0.313155
0.869382
0.11299
0.234951
0.00236141
0.159904
0.247946
0.321637
2.82161e-08
2.82161e-08
0.17402
0.617634
0.000559351
0.0366288
0.620383
2.82161e-08
0.546653
0.443776
0.710761
0.374953
0.11299
1.7219e-11
0.155109
1.1516e-13
0.000485981
0.422367
0.176466
0.688219
0.234951
5.40846e-08
0.757871
0.260585
0.159904
0.374953
0.443776
0.260585
0.324326
0.65104
0.65104
0.374953
0.11299
0.190915
0.670301
0.765076
5.40846e-08
0.374953
0.00145131
6.95709e-12
0.488688
0.260585
0.000650581
0.409878
0.394749
0.217883
0.328433
0.374953
0.368409
0.217883
0.374953
0.374953
0.411241
0.319513
5.40846e-08
0.227579
9.07436e-12
0.374953
0.564136
0.176466
0.524663
0.374953
0.411171
0.343799
0.411171
0.411171
0.374953
0.502099
0.440879
0.570388
0.335101
0.335101
0.387839
0.387839
0.929457
0.844687
0.405775
0.374953
0.374953
0.501506
0.929193
0.35977
0.827886
0.706537
0.35977
0.146958
0.501506
0.867894
0.374953
0.426975
0.374953
0.312645
0.312645
0.453039
0.312645
0.453039
0.312645
0.312645
0.260585
0.757871
0.529052
0.374953
0.228476
0.573115
0.304397
0.573115
0.374953
0.374953
0.573115
0.573115
0.573115
0.374953
0.546653
0.260585
0.546653
0.546653
0.0784772
0.155925
0.908078
0.374953
0.0216197
0.0873857
0.502099
0.00147751
2.77693e-07
9.53576e-08
0.000114058
0.165202
2.03616e-07
0.285334
0.324326
2.03616e-07
0.374953
3.7282e-07
3.74041e-05
4.44361e-11
0.335101
0.374953
0.374953
0.086706
0.482169
0.482169
0.17498
0.17498
0.459107
0.134854
0.765076
0.616461
4.07151e-12
0.374953
0.411384
7.56937e-08
0.260585
2.40614e-08
0.374953
0.562017
6.66876e-12
0.186497
0.374953
0.453039
0.00013862
0.190915
0.765076
0.0204503
2.40614e-08
0.374953
0.617634
0.617634
0.538476
2.40614e-08
0.17191
2.40614e-08
0.159904
0.118612
1.39686e-12
1.23811e-08
0.363381
0.946794
0.260585
3.70884e-12
0.90774
0.305479
0.374953
0.000106774
3.70884e-12
0.000169494
3.70884e-12
0.617634
7.98123e-08
0.765076
0.17191
0.11299
0.523338
0.0550435
0.184295
0.524496
0.374953
0.0204503
0.000434246
0.411384
0.135951
0.204108
0.374953
0.000837642
0.131439
0.617634
9.44603e-15
0.374953
0.449714
0.617634
0.383751
0.313155
0.313155
6.79178e-05
0.501506
0.421246
0.312645
0.577654
0.319513
0.422367
0.538476
0.285635
0.0351349
0.670301
0.312645
0.649995
0.251086
0.0079033
2.01907e-14
0.374953
0.363381
0.782485
0.260585
0.285635
0.414944
0.11299
0.423767
0.374953
0.241083
0.374953
0.502099
0.132428
0.175237
0.374953
0.374953
0.234226
0.501506
0.374953
0.470198
3.79189e-10
0.11299
1.32629e-10
0.0340512
0.374953
0.17402
0.012307
0.420784
0.374953
0.488688
0.675277
0.570388
0.436878
0.403957
0.208639
0.459107
0.0404373
0.00151904
0.216119
0.0200379
0.250131
0.411241
0.617634
0.459107
0.17402
0.00151904
0.374953
0.772786
0.0404373
0.00226861
0.00226861
0.0404373
0.374953
0.241083
1.49669e-12
0.00151904
0.039366
0.280579
0.95269
1.49669e-12
0.0404373
0.501241
0.443776
0.617466
0.00151904
0.136937
0.00151904
0.00151904
0.00151904
0.00151904
0.436878
0.00151904
1.71706e-09
0.184295
0.00151904
0.00892695
0.396193
0.538476
0.710761
0.186497
0.456888
0.382717
0.733938
0.0036091
0.28432
0.0839118
0.460285
0.131439
0.131439
0.396193
0.208639
0.131439
0.29899
0.65104
0.159904
0.374953
0.162014
0.374953
6.30424e-07
0.168524
0.292049
0.403957
0.59919
0.280579
0.15406
0.103055
0.229901
0.00335055
0.0340197
0.15406
0.0257661
0.241083
0.148103
0.00335055
0.374953
0.037994
0.037994
0.140317
0.037994
0.324326
0.265058
0.674211
0.037994
0.374953
0.11299
0.420784
0.374953
0.0672794
0.688219
0.103055
0.305479
0.133501
0.037994
0.502099
0.037994
0.037994
0.767089
0.453039
0.403957
0.037994
0.757871
0.037994
0.0257661
0.562017
0.037994
0.234226
0.037994
0.424697
0.374953
0.502099
0.464183
0.305479
0.460347
0.538476
0.260585
0.538047
0.037994
0.037994
0.885027
0.414944
0.241083
0.0257661
0.0257661
0.109298
0.0257661
0.551063
0.0257661
0.342102
0.037994
0.260585
0.374953
0.037994
0.181672
0.0981094
0.546653
0.597166
0.260732
0.453039
0.385821
0.374953
0.122813
0.423767
0.299419
0.110187
0.481936
0.481936
0.787912
0.411241
0.64194
0.374953
0.407213
0.565618
0.78507
0.481936
0.481936
0.603839
0.335101
0.470649
0.374953
0.374953
0.374953
0.374953
0.546653
0.193597
0.0823516
0.885027
0.11299
0.95269
0.037994
0.103055
0.0880887
0.299419
0.148103
0.148103
0.835823
0.459107
0.459107
0.0329662
0.037994
0.0226264
0.264792
0.411384
0.423767
0.193147
0.122107
0.00452397
0.374953
0.037994
0.940363
0.037994
0.0309567
0.0309567
0.35977
0.867894
0.149127
0.488688
0.148103
0.148103
0.0556614
0.0444882
0.374953
0.865642
0.281589
0.29899
0.772786
0.0309567
0.374953
0.037994
0.453039
0.0309567
0.0309567
0.184295
0.132428
0.524432
0.285334
0.374953
0.285334
0.65104
0.420784
0.326416
0.374953
0.59919
0.159904
0.374953
0.387839
0.374953
0.674211
0.343799
0.488688
0.260585
0.562017
0.617466
0.374953
0.573115
0.374953
0.0309567
0.0309567
0.0309567
0.459107
0.524496
0.0201765
0.265587
0.30108
0.186557
0.616461
0.473862
0.973295
0.61852
0.146486
0.443776
0.849494
0.374953
0.148103
1.05895e-06
0.148103
0.037994
0.0126906
0.0309567
0.396193
0.037994
0.107025
0.0309567
0.0309567
0.0309567
0.617466
0.148103
0.0309567
0.037994
0.260585
0.328433
0.045071
0.443776
0.148103
0.374953
0.374953
0.148103
0.281589
0.148103
0.0270328
0.0309567
0.0309567
0.148103
0.037994
0.374953
0.411384
0.0257661
0.662911
0.21389
0.285334
0.285334
0.260585
0.570388
0.307402
0.148103
0.148103
0.148103
0.662911
0.459107
0.867894
0.0934643
0.328433
0.106097
0.148103
0.570388
0.387839
0.260585
0.148103
0.162311
0.0360655
0.241083
0.241083
0.305479
0.11299
0.265587
0.0823516
0.443014
0.148103
0.0309567
0.374953
0.682479
0.965779
0.934312
0.475315
0.144925
0.422367
0.426975
0.797909
0.426975
0.426975
0.292049
0.411241
0.247946
0.148103
0.148103
0.00081585
0.0286136
0.103055
0.000233845
0.189737
0.772786
0.260585
0.374953
0.153276
0.148103
0.148103
0.000217592
0.695767
0.109298
0.0116322
0.70634
0.772786
0.0567277
0.0892802
0.140317
0.260585
0.00027456
0.00027456
0.374953
0.0582822
0.241083
0.0202071
0.129514
0.159904
0.411241
0.15406
0.617466
9.30235e-11
0.260585
0.46644
0.403957
0.787912
6.91372e-15
0.229901
0.374953
1.44414e-09
0.335101
0.691834
0.529052
0.453039
0.546653
0.260585
0.313155
0.742716
0.374953
0.374953
0.674211
2.22563e-12
0.411241
9.44603e-15
1.89354e-14
0.374953
0.0160804
3.59368e-12
0.54571
0.167809
0.374953
0.000317635
0.675277
0.833809
0.146857
0.343575
0.453039
0.0810505
0.00071846
0.502099
7.19833e-15
1.84343e-15
0.562017
5.34516e-11
0.662911
0.0447779
5.34516e-11
5.34516e-11
0.264792
5.34516e-11
5.34516e-11
0.617634
0.704947
0.000317635
0.140317
0.305479
2.5657e-14
2.5657e-14
0.0768742
0.29899
0.570388
0.459107
0.299419
0.0768742
0.374953
0.536525
0.374953
0.0017191
0.617466
0.594934
0.704947
0.374953
0.453039
0.411171
0.000494808
0.411241
0.617634
0.0219068
1.30739e-10
0.000694023
2.60963e-10
0.000694023
2.60963e-10
0.935539
0.000461364
8.94197e-05
0.0848145
0.420784
0.156902
3.67235e-15
0.29101
0.453039
2.21187e-13
0.010532
0.176466
0.176466
0.482706
1.30739e-10
5.02733e-14
0.374953
0.409878
0.443776
0.342102
0.142505
0.396193
0.54571
0.321678
7.27791e-11
0.672289
0.00048019
0.17402
0.374953
0.260585
0.264792
0.54571
0.234226
0.186497
0.00317744
0.328433
0.253253
0.884356
0.414944
0.387839
0.35977
0.000849024
0.884356
0.803933
0.570388
0.459107
0.131369
0.146857
0.319513
0.121954
0.374953
0.488688
0.29101
1.45419e-13
0.305479
0.159904
0.414944
0.374953
0.184295
0.374953
1.61068e-09
0.374953
0.710761
0.374953
0.424697
0.285635
0.374953
0.85514
0.867894
0.213861
0.963249
0.374953
0.328433
0.000691364
0.000691364
0.111704
0.0810505
0.0810505
0.000691364
0.54571
0.374953
0.190915
0.374953
1.45419e-13
0.0960136
0.411241
0.671368
0.762008
0.374953
0.374953
0.440879
0.111704
0.111704
0.374953
0.757871
0.144419
0.383066
0.125403
0.296238
0.847083
0.443014
0.111704
0.111704
0.111704
0.74224
0.0147731
0.176466
0.111704
0.374953
0.603839
0.132814
0.374953
0.132814
0.0755154
0.29899
0.536525
0.28432
0.17402
0.788615
0.132814
0.616461
0.267474
0.132814
0.374953
0.963249
0.443014
0.313155
0.374953
0.132814
0.132814
0.383751
0.459107
0.422367
0.132814
0.132814
0.132814
0.17402
0.501506
0.285334
0.132814
0.132814
0.264792
0.132814
0.570388
0.260585
0.132814
0.374953
0.132814
0.443776
0.146857
0.000169446
0.141585
0.204108
0.321678
0.757871
0.374953
0.353654
0.307402
0.17402
0.17402
0.17402
0.17402
0.17402
0.132814
0.132814
0.260585
5.40271e-14
0.23368
0.324696
0.374953
0.126157
0.29101
0.035411
0.229901
0.0377033
0.816951
0.65104
0.65104
0.374953
0.374953
0.040566
0.190915
0.132585
0.914572
0.710761
0.569088
0.192242
0.920563
0.29101
0.29101
0.179275
0.374953
0.540321
0.875087
0.132428
0.59129
0.129114
0.000124687
0.280579
0.353654
9.44603e-15
0.374953
0.17402
0.17402
0.0810505
5.40271e-14
0.17402
0.948785
0.132814
0.374953
0.132814
0.353654
9.44603e-15
0.662911
0.396193
0.353654
0.17402
0.353654
0.17402
0.353654
0.17402
0.0755157
0.496671
0.30108
0.353654
0.374953
0.374953
0.17402
0.17402
0.427249
0.132814
0.132814
0.353654
0.0256264
5.98144e-05
0.197263
0.870273
0.374953
0.114781
0.117425
0.179079
0.193164
0.353654
2.61939e-14
0.28432
0.17402
0.280052
0.17402
0.929363
0.374953
0.0461572
0.0866148
0.59927
0.965969
0.6204
0.254753
0.254753
0.208639
0.426975
0.710761
0.717182
0.35977
0.374953
0.247946
0.706537
0.859251
0.374953
0.250131
0.250131
0.250131
0.460347
0.375479
0.501241
0.501241
0.501241
0.374953
0.501241
0.501241
0.501241
0.501241
0.374953
0.59919
0.0810505
0.772786
0.265587
0.533871
0.374953
0.0772544
0.787912
0.198838
0.132814
0.481936
0.186497
0.387839
0.132814
0.208639
6.23826e-05
0.374953
0.132814
0.414944
4.99507e-09
0.453039
0.132814
0.35872
4.99507e-09
0.459107
0.453039
1.03333e-09
4.99507e-09
0.132814
1.66493e-05
2.85997e-14
0.374953
2.36077e-10
0.502099
4.99507e-09
0.374953
4.99507e-09
0.523637
0.277159
0.411171
5.40271e-14
4.99507e-09
0.187269
5.40271e-14
0.453039
5.40271e-14
1.66493e-05
0.84173
5.40271e-14
0.453039
0.132428
0.132814
9.44603e-15
0.17402
0.414944
0.0847284
0.132814
0.000643954
9.0522e-09
0.260585
0.374953
0.208639
5.1344e-09
0.459107
0.0810505
0.436878
0.524496
0.418817
5.40271e-14
3.10488e-05
0.688874
0.411241
0.492056
0.867894
0.453039
2.74467e-14
0.951469
6.65303e-14
0.459107
0.374953
0.867894
6.65303e-14
0.434474
0.459107
0.867894
0.285635
0.460347
0.374953
0.374953
0.374953
0.102578
0.374953
0.488688
0.46644
0.0810505
9.44603e-15
0.420784
0.867894
0.570388
0.131439
0.0847284
0.562017
0.867894
0.460347
0.459107
0.710761
0.159904
5.43512e-05
0.285635
0.273263
0.260585
0.867894
0.867894
1.24545e-13
0.374953
0.242977
0.28432
5.40271e-14
0.403957
0.443776
0.989785
0.459107
0.0847284
0.374953
0.374953
0.529052
0.229901
0.123504
0.546414
0.000299627
0.217499
0.292049
0.459107
0.00626023
0.459107
0.24421
0.374953
0.436878
6.07354e-10
0.308237
0.374953
0.374953
0.175733
0.0126179
0.222787
0.374953
0.132428
0.132428
0.132428
0.132428
0.0103569
0.132428
0.523637
0.182607
0.326416
0.234226
0.132428
0.307402
0.1934
0.132428
0.463427
0.431927
0.403957
0.460347
0.132428
0.299419
0.136445
0.0371612
0.411384
0.230429
0.374953
0.374953
0.00424021
0.523712
0.0961068
0.123504
0.0918027
0.368872
0.501241
0.234226
0.260585
0.453039
0.17763
0.453039
0.332366
0.00543034
0.132428
0.17763
0.109691
0.000602899
0.332366
0.332366
0.580654
0.263781
0.00244287
0.208639
0.374953
0.332366
0.342102
0.166996
0.00358234
0.158953
0.617466
0.158953
0.166996
0.166996
0.502099
0.0121899
0.100146
0.158953
0.374953
0.251086
0.217769
0.100146
0.296238
0.227012
0.000339068
0.121455
0.374953
0.374953
0.538476
0.166996
0.407213
0.433409
0.137327
0.265587
0.193147
0.342102
0.0318308
0.459107
0.131439
0.156118
0.374953
0.0994024
0.767727
0.374953
0.642564
0.470198
0.374953
0.0234161
0.374953
0.374953
0.243119
0.324326
0.536525
0.106097
0.0322849
0.458505
0.0479712
0.276705
0.443014
0.249879
0.577654
0.573115
0.141845
0.59919
0.374953
0.132428
0.17763
0.463427
0.463427
0.399926
0.523637
0.463427
0.132428
0.463427
0.00104859
0.562017
0.907884
0.158953
0.859251
0.00377446
0.216479
0.158953
0.630177
0.325083
0.422367
0.374953
0.630177
0.501241
0.470198
0.158953
0.132428
0.523637
0.969319
0.136445
0.00237296
0.00237296
0.59035
0.374953
0.118288
0.630177
0.523637
0.562017
0.258197
0.0344892
0.374953
0.617466
0.374953
0.285635
0.523637
0.570388
0.927033
0.100009
0.422367
0.374953
0.000482949
0.307402
0.307402
0.260585
0.374953
0.411171
0.772786
0.577654
0.501506
0.374953
0.570388
0.0300568
0.234951
0.0630765
0.119499
0.420784
0.420784
0.0524587
0.135207
0.374953
0.488688
0.00501325
0.107461
0.778244
0.374953
0.529052
0.246746
0.000107339
0.00115504
0.258197
0.132428
0.383751
0.258197
0.374953
0.423767
0.523637
0.000556164
0.00621054
0.258197
0.374953
0.258197
0.00621054
0.158953
0.260585
0.170899
0.374953
0.481936
0.481936
0.781198
0.421246
0.249812
0.164766
3.65725e-05
0.258197
0.00823083
0.277747
0.768648
0.100268
0.426622
0.0545044
0.374953
0.0810505
0.403786
0.0251024
0.132428
0.857185
0.0668803
0.374953
0.374953
0.652776
0.000221974
0.268191
0.000221974
0.363367
0.30108
0.268191
0.363367
0.565082
0.000221974
0.00103501
0.132428
0.157764
0.000221974
0.132428
0.285683
0.000361173
0.00104547
0.132428
0.212819
0.132428
0.000361173
0.00104547
0.00104547
0.00257073
0.470198
0.470198
0.000361173
0.302435
0.343799
0.615063
0.00039967
0.302435
0.000361173
0.132428
0.234226
0.374953
0.0489737
0.0810505
0.132428
0.132428
0.0810505
0.132428
0.000361173
0.343799
0.128185
0.00104547
0.132428
0.957372
0.132428
0.00039967
5.97501e-14
0.321637
0.302435
0.374953
0.000361173
0.265587
0.816559
0.0810505
0.000633555
0.11299
0.132428
0.302435
0.59919
0.00104547
0.247946
0.132428
0.0606159
0.132428
0.00114196
0.296238
0.128185
0.132428
0.573115
0.163161
0.128185
0.132428
0.132428
0.321637
0.00104547
0.000361173
0.841442
0.0835791
0.35977
0.453039
0.132428
0.132428
0.132428
0.615063
0.801499
0.581434
0.131297
0.000361173
0.128185
0.302435
0.237614
0.353102
0.0810505
0.000361173
0.191793
0.000361173
0.000361173
0.000361173
0.918175
0.132428
0.000361173
0.374953
0.374953
0.621609
0.374953
0.11299
0.168254
0.103145
0.423767
0.223986
0.735069
0.710761
0.38956
0.38956
0.38956
0.739296
0.0504486
0.846095
0.130613
0.387839
0.387839
0.132428
0.374953
0.00191233
0.00649697
0.000128433
0.0482239
0.000361173
0.000361173
0.000809701
0.374953
0.374953
0.280579
0.581434
0.00602705
0.313155
0.374953
0.422367
0.302435
0.29101
0.0810505
0.000361173
0.000361173
0.302435
0.0810505
0.302435
0.343799
0.000361173
0.581434
0.0747686
0.000809701
0.0747686
0.000361173
0.247946
0.581434
0.0747686
0.302435
0.374953
0.374953
0.00039967
0.302435
0.0810505
0.302435
0.354267
0.515524
0.473641
0.112984
0.277255
0.117777
0.902973
0.418779
0.418779
0.302435
0.00104922
0.000361173
0.208639
0.132428
0.581434
0.000251677
0.422367
0.374953
0.374953
0.281589
0.000858876
0.501241
0.30108
0.488688
0.260585
0.000455966
0.374953
0.374953
0.000338639
0.727903
0.783668
0.000290793
0.443776
0.407213
0.374953
0.0810505
0.000455966
0.000315562
0.0747686
0.311005
0.382338
0.000315562
0.234226
0.000315562
0.0747686
0.0747686
0.265587
0.383066
0.343799
0.374953
0.459107
0.000345767
0.000109226
0.0844155
0.26206
0.258628
0.0747686
9.90787e-05
0.383751
0.757041
0.488688
0.132428
0.538476
0.374953
0.96305
0.335101
0.335101
0.396193
0.296238
0.374953
0.59919
0.0364586
0.617466
0.396193
0.501241
0.287625
0.396193
0.374953
0.54571
0.421246
0.421246
0.374953
0.436878
0.387839
0.421246
0.476945
0.319513
0.319513
0.374953
0.234226
0.396193
0.170539
0.374953
0.375479
0.0747686
0.710761
0.0892353
0.328433
0.690612
0.0892353
0.374953
0.731076
0.570388
0.26911
0.631573
0.374953
0.206919
0.757871
0.328433
0.335101
0.422937
0.0686604
0.631573
1.44716e-06
0.0686604
0.706537
0.59919
0.19988
0.285334
0.423767
0.227808
0.220395
0.0686604
0.227808
0.436878
0.727903
0.146857
0.26911
0.132428
0.460347
0.227808
0.470198
0.383751
0.0810505
0.375479
0.185787
0.374953
0.227808
0.21283
0.0763735
0.403957
0.0328902
0.787912
0.227808
0.130613
0.258761
0.374953
0.104378
0.127298
0.127298
0.0810505
0.028881
0.35977
0.374953
0.35977
0.0340061
0.132428
0.956374
0.127298
0.1564
0.0810505
0.0729671
0.1564
0.674211
0.028881
0.772786
0.1564
0.268937
0.1564
0.0810505
0.1564
0.13503
0.369697
0.247946
0.127298
0.565082
0.819745
0.0853573
0.918175
0.918175
0.374953
0.420784
0.23485
0.0862991
0.0862991
5.85928e-07
0.460347
0.617466
0.0862991
0.615063
0.132428
0.603839
0.374953
0.374953
0.35977
0.374953
0.374953
0.623295
0.374953
0.16208
0.185787
0.501506
0.918175
0.422367
0.581434
0.0810505
0.504986
0.132428
0.841442
0.374953
0.374953
0.46644
0.374953
0.383066
0.374953
0.374953
0.420784
0.481936
0.918175
0.918175
0.29101
0.374953
0.374953
0.374953
0.100458
0.374953
0.251086
0.374953
0.617634
0.374953
0.112927
0.0305073
0.0256443
0.247946
0.0562749
0.0862991
0.0866089
0.0108304
0.127298
0.404029
0.918175
0.0866089
0.285334
0.0108304
0.349383
0.525035
0.374953
0.550961
0.055341
0.19964
0.0866089
0.374953
0.132428
0.383751
0.0468222
0.866207
0.745776
0.521121
0.234226
0.498229
0.59919
0.411241
0.476945
0.321637
0.374953
0.409878
0.251365
0.459107
0.121729
0.409878
0.099049
0.374953
0.186497
0.459107
0.498229
0.247946
0.579306
0.0810505
0.0101105
0.234951
0.121729
0.374953
0.523637
0.258628
0.328433
0.581434
0.417445
0.166245
0.0220349
0.374953
0.0810505
0.608985
2.63995e-05
0.335101
1.04288e-05
0.109078
0.132428
0.168377
0.35977
0.168377
0.168377
0.374953
0.146857
0.168377
0.168377
0.1203
0.1203
0.54571
0.1203
0.1203
0.131225
0.1203
0.1203
0.343175
0.182091
0.211491
0.182091
0.382338
0.250113
0.183806
0.1203
0.1203
0.1203
0.132428
0.374953
0.265587
0.353102
5.0644e-14
0.290614
0.1203
0.151624
0.1203
0.1203
0.617634
0.1203
0.204108
0.1203
0.1203
2.35043e-14
0.409878
0.364625
0.121541
0.260585
0.1203
0.260585
0.411171
0.076552
0.1203
0.459107
0.498229
0.498229
0.374953
0.98534
0.382338
0.1203
0.247946
0.0810505
0.1203
0.0412975
0.292049
0.260585
0.453039
0.453039
0.1203
0.0412975
0.1203
0.0810505
0.0726275
0.17402
0.0810505
0.0705182
0.231712
0.146857
0.335101
0.260585
0.508812
0.122238
0.1203
0.327889
9.44603e-15
0.502099
0.1203
0.562017
0.374953
0.1203
0.313155
0.766954
0.659012
0.21283
0.031292
0.603763
0.208639
0.251086
0.00233356
0.1203
0.986453
0.374953
0.1203
0.1203
0.280579
0.1203
0.170035
0.146857
0.321637
0.0270151
0.132946
0.132428
0.710761
0.382338
0.907425
0.809463
0.588523
0.440879
0.204108
0.104248
0.18064
0.146857
0.146804
0.146804
0.1203
0.0810505
0.374953
0.146804
0.1203
0.1203
0.0734743
0.000123046
0.1203
0.436878
0.1203
0.1203
0.374953
0.0233143
0.1203
0.1203
0.1203
0.699128
0.0087911
0.443776
0.343799
0.118612
0.0615467
0.426975
0.374953
0.375479
0.94645
0.374953
0.374953
0.176466
0.132428
0.299419
0.260585
0.374953
0.260585
0.771992
0.443014
0.423767
0.374953
0.853438
0.176466
0.573115
0.374953
0.422367
0.453039
0.265587
0.260585
0.374953
0.374953
0.423767
0.098001
0.374953
0.374953
0.374953
0.280579
0.374953
0.374953
0.374953
0.206919
0.498229
0.411171
0.0810505
0.139327
0.564327
0.564327
0.783668
0.564327
0.498229
0.443014
0.827886
0.498229
0.498229
0.783668
0.285635
0.374953
0.231712
0.0405709
0.164258
0.132428
0.205575
0.328433
0.0412975
0.0412975
3.30896e-07
0.311483
0.0535053
0.498229
0.581434
0.132428
0.866207
0.396193
0.374953
0.411171
0.459107
0.801499
0.613256
0.411384
0.498229
0.59919
0.0810505
0.374953
0.0810505
0.0810505
0.0615467
0.132428
0.184295
0.743582
0.540321
0.1203
8.39394e-05
0.498229
0.0927385
0.374953
0.0810505
0.411241
0.0927385
0.375479
0.581434
0.260585
0.1203
0.139327
0.0858061
0.374953
0.581434
0.0927385
0.1203
0.0810505
0.581434
0.374953
0.374953
0.374953
0.282203
0.534004
0.374953
0.374953
0.375479
0.409878
0.864216
0.422734
0.260585
0.374953
0.498229
0.0429807
0.378859
0.0429807
0.816951
0.0429807
0.411171
0.0556196
0.54571
0.546653
0.0810505
0.0429807
0.374953
0.0429807
0.581434
0.570388
0.0429807
0.374953
0.0303135
0.260585
0.420784
0.326416
0.285635
0.65104
0.247946
0.570388
0.570388
0.374953
0.65104
0.083278
0.260585
0.420784
0.0556196
0.581434
0.0556196
0.577654
0.086264
0.581434
0.118612
0.498229
0.581434
0.581434
0.801213
0.59919
0.761238
0.0556196
0.0440713
0.95658
0.501506
0.459107
0.374953
0.374953
0.985164
0.21283
0.321678
0.247946
0.0571636
0.0429807
0.29899
0.374953
0.529052
0.498229
0.374953
0.130613
0.581434
0.247946
0.581434
0.102769
0.00167388
0.581434
0.581434
0.581434
0.144012
0.011005
0.0231219
0.251829
0.0943424
0.558437
0.581434
0.231235
0.740945
0.285635
0.893925
0.285635
0.838791
0.838791
0.430002
0.335101
0.96305
0.29899
0.11299
0.11299
0.29101
0.00729451
0.757871
0.374953
0.783458
0.783458
0.28432
0.481936
0.947214
0.947214
0.947214
0.967857
0.730218
0.529052
0.930004
0.260585
0.501241
0.374953
0.0116281
0.706837
0.00212746
0.374953
0.581434
0.103984
0.498229
0.831625
0.144012
0.206437
0.17402
0.581434
0.185057
0.251086
0.459107
0.498229
0.508812
0.374953
0.184295
0.612782
0.0311231
0.260585
0.004009
0.0187447
0.453039
0.282731
0.465419
0.0187447
0.816951
0.374953
0.0810505
0.287719
0.163968
0.0690166
0.132428
0.0690166
0.443014
0.0546001
0.889664
0.84173
0.0810505
0.420784
0.0164469
0.863785
0.139327
0.190915
0.343799
0.208639
0.459107
0.139327
0.132428
0.20479
0.951469
0.35977
0.123588
0.176466
0.256824
0.542049
0.285334
0.409467
0.374953
0.59919
0.260585
0.591992
0.579306
0.374953
0.139327
0.663611
0.365527
0.130613
0.0426957
0.260585
0.132428
0.374953
0.20479
0.374953
0.374953
0.809373
0.250131
0.921704
0.422367
0.712136
0.38205
0.184295
0.256824
0.139327
0.374953
0.260585
0.374953
0.190915
0.227009
0.512571
0.216971
0.186497
0.123588
0.123588
0.139327
0.710761
0.0523854
0.208639
0.0525792
0.546653
0.866207
0.54571
0.13532
0.088002
0.139327
0.538476
0.603839
0.000280867
0.382338
0.256824
0.542049
0.256824
0.20479
0.365527
0.132428
0.374953
0.321678
0.319513
0.256824
9.44603e-15
0.139327
0.542049
0.260585
0.440879
0.13503
0.281589
0.542049
0.418817
0.495381
0.287719
0.608206
0.374953
0.526716
0.0285563
0.927318
0.374953
0.374953
0.542049
0.383751
0.538476
0.20479
0.700964
0.223986
0.80265
0.146857
0.436878
0.540321
0.292049
0.979532
0.20479
0.374953
0.0810505
0.686849
0.321637
0.287625
0.281589
0.321678
0.292049
0.616461
0.542049
0.700964
0.285635
0.468091
0.132428
0.540321
0.426975
0.139327
0.700964
0.146857
0.472089
0.443776
0.0285563
0.307402
0.132428
0.700964
0.211425
0.414944
0.378425
0.470198
0.139691
0.0943391
0.453039
0.1345
0.581434
0.374953
0.132428
0.328433
0.139327
0.29899
0.20479
0.867894
0.98534
0.374953
0.927318
0.260585
0.374953
0.374953
0.700964
0.476945
0.20479
0.459107
0.501506
0.374953
0.374953
0.324326
0.0715608
0.542049
0.242977
0.542049
0.132428
0.222787
0.436878
0.256824
0.0271957
0.0169779
0.0810505
0.28432
0.60351
0.542049
0.542049
0.0100748
0.0169779
0.521287
0.0271957
0.542049
0.0100748
0.416864
0.0271957
0.00815288
0.54571
0.0169779
0.617466
0.374953
0.0584015
0.0470707
0.616461
0.488688
0.542049
0.0100748
0.30108
0.00815288
0.139327
0.139327
0.472089
0.193194
0.394885
0.54571
0.0810505
0.409878
0.256824
0.00815288
0.542049
0.0810505
0.139327
0.374953
0.542049
0.383751
0.542049
0.374953
0.20479
0.00786662
0.411171
0.0169779
0.0169779
0.542049
0.256824
0.374953
0.0810505
0.542049
2.43678e-05
0.260585
0.409878
0.615063
0.260585
0.20479
0.700964
0.540321
0.250131
0.256824
0.256824
0.139327
0.265587
0.285334
0.0285563
0.374953
0.422367
0.542049
0.0285563
0.409467
0.426975
0.550476
0.0456383
0.0744392
0.10207
0.0744392
0.260585
0.260585
0.424697
0.328433
0.374953
0.0100748
0.383751
0.139327
0.542049
0.287719
0.170551
0.268191
0.184295
0.531386
0.542049
0.542049
0.570388
0.396193
0.374953
0.383751
0.411241
0.0919162
0.65104
0.0863258
0.0474814
0.304246
0.459107
0.00288617
0.131225
0.262875
0.424697
0.00941
0.470198
0.287719
0.0810505
0.420784
0.28432
0.00194037
0.262047
0.0178227
0.460347
0.374953
0.617466
0.0178227
0.234226
0.0810505
0.488688
0.0810505
0.328433
0.481936
0.0178227
0.131439
0.29899
0.476945
0.501241
0.524496
0.816604
0.00800016
0.905325
0.531386
0.44637
0.489591
0.176466
0.0810505
0.00387819
0.411384
0.979532
0.290419
0.540321
0.260585
0.260585
0.225879
0.411241
0.374953
0.374953
0.524496
0.204108
0.374953
0.407213
0.407213
0.374953
0.260585
0.422367
0.281589
0.234226
0.540321
0.540321
0.299419
0.299419
0.299419
0.374953
0.501241
0.250131
0.374953
0.231235
0.374953
0.501506
0.208639
0.324326
0.0994457
0.0994457
0.208639
0.374953
0.27597
0.064452
0.574584
0.94617
0.00793451
0.374953
0.538476
0.0490682
0.154835
0.0810505
0.502099
0.305479
0.00189287
0.126814
0.1067
0.374953
0.00131086
0.743582
0.271307
0.466606
0.612782
0.412852
0.521688
0.761238
0.0239299
0.122791
0.857466
0.107133
0.0157287
0.304373
0.374953
0.179002
0.132428
0.0810505
0.374953
0.59919
0.540321
0.265587
0.280579
0.617634
0.294
0.374953
0.179002
0.0570553
0.131439
0.374953
0.374953
0.374953
0.335101
0.374953
0.374953
0.374953
0.260585
0.772786
0.950131
0.311483
0.54818
0.132428
9.44603e-15
0.459107
0.0810505
0.617634
0.700964
0.132428
0.0138284
0.00292897
0.179002
0.0138284
0.260585
0.00383906
0.46644
0.422367
0.0138284
0.224165
0.0316183
0.426975
0.223986
0.674211
0.305479
0.830093
0.443014
0.180311
0.180311
0.11299
0.565668
0.375479
0.00505878
0.674211
0.908642
0.30108
0.294
0.130613
0.501369
0.374953
0.190839
0.326416
0.459107
0.414944
0.0655981
0.0489633
0.752432
0.328433
0.328433
0.299419
0.833174
0.260585
0.0824517
0.176466
0.132428
0.59919
0.59919
0.179002
0.179002
0.146857
0.00292897
0.604376
0.234226
0.816951
0.59919
0.927033
0.927033
0.700964
0.374953
0.411241
0.674211
0.304373
0.76296
0.318496
0.81488
0.743582
0.00292897
0.0810505
0.0810505
0.374953
0.324326
0.335101
0.411241
0.700964
0.00292897
0.374953
0.411241
0.700964
0.956241
0.215891
0.179002
9.44603e-15
0.400035
0.858887
0.700964
0.54571
0.0365862
0.59919
0.260585
0.705124
0.285635
0.54571
0.234951
0.374953
0.0365862
0.54571
0.374953
3.08961e-15
0.35977
0.374953
0.321678
0.411384
0.929193
0.700964
0.304373
0.508812
0.0365862
9.44603e-15
0.287719
0.59919
0.265356
0.743582
0.179002
0.374953
0.179002
0.374953
0.538476
0.29101
9.44603e-15
0.109454
0.281409
1.67678e-14
0.422367
0.459107
1.67678e-14
0.179002
0.179002
0.146857
9.44603e-15
0.59789
0.146857
0.179002
0.98534
0.179002
1.67678e-14
0.374953
0.374953
8.55187e-15
0.271307
0.374953
0.186497
0.30108
0.420784
0.603839
0.374953
0.29899
0.285635
0.343799
0.374953
0.321637
0.617634
0.59919
2.11607e-12
0.250131
2.5344e-09
0.11299
0.593712
0.294
0.29899
0.238171
0.0810505
0.476945
0.374953
0.0810505
0.488688
3.08958e-12
0.0810505
0.476945
0.374953
0.123109
0.374953
0.374953
9.44603e-15
0.374953
0.304373
0.454191
0.81488
0.35977
0.374953
0.0810505
0.538476
0.540321
1.17761e-12
0.700964
0.343799
0.65104
0.374953
0.59919
0.374953
0.374953
0.374953
0.260585
0.538476
0.186497
0.324326
3.08958e-12
0.374953
0.343799
0.476945
0.132428
0.307402
0.59789
0.65104
0.54571
0.617466
0.396193
0.54571
0.382338
0.453039
0.382338
0.290136
0.257861
0.0790664
0.296238
0.387839
0.387839
0.704718
0.238171
0.345374
0.599881
0.374953
0.35977
0.260585
0.0118855
0.786591
0.0810505
0.418817
0.0810505
0.335101
0.374953
0.721919
0.453039
0.54571
0.488688
0.335101
0.260585
0.540321
0.0810505
0.65104
9.95989e-16
0.0810505
0.265356
9.44603e-15
9.95989e-16
0.374953
0.443776
9.95989e-16
0.17322
0.816951
0.631573
0.59789
9.44603e-15
0.35977
0.0810505
0.59919
0.260585
0.940448
0.422734
0.00772663
0.26911
0.470198
0.0810505
0.710761
0.97701
0.733991
2.90836e-15
0.204108
0.0884027
0.422367
0.0190799
0.816951
0.562017
0.187613
0.422367
0.422367
0.546653
0.0435172
0.540321
9.95989e-16
0.374953
0.388343
0.97701
0.46644
0.481674
0.773121
0.398573
0.28432
0.501506
0.59919
0.59919
0.59919
0.59919
0.59919
0.59919
0.313155
0.384866
0.382338
0.00322649
0.611583
0.374953
0.432155
0.00321735
0.710761
0.000417552
0.00882811
0.0111526
0.353652
0.972085
0.374953
0.543324
0.00742992
0.00147088
0.710761
0.929193
0.409878
0.559836
0.00014297
0.374953
0.710761
0.374953
0.374953
0.972085
1.39105e-07
0.382338
0.223986
0.260585
0.616461
0.481936
0.374953
0.208639
9.95989e-16
0.710426
0.374953
0.222787
0.374953
0.65104
2.90836e-15
0.0810505
0.318496
0.0810505
0.0810505
0.0184391
0.423012
0.374953
9.95989e-16
0.242977
0.0810505
0.573115
9.95989e-16
0.422367
0.423767
0.476945
9.95989e-16
9.95989e-16
0.234226
9.95989e-16
0.427539
9.44603e-15
0.374953
0.538476
0.131439
0.616461
0.0810505
0.345374
9.44603e-15
2.90836e-15
0.35977
0.97701
0.59919
0.105061
0.260585
0.413277
3.2141e-15
0.617466
0.562017
9.95989e-16
1.17761e-12
0.146178
0.184295
0.374953
0.501506
0.190915
0.237792
0.994842
3.40157e-14
0.418817
0.000147828
0.374953
0.247946
0.481936
0.59919
0.374953
0.374953
0.0810505
0.374953
0.97701
0.876077
0.426975
0.387839
0.617634
0.0703668
0.0731171
0.0810505
0.529052
0.873011
0.481936
9.44603e-15
0.407213
0.374953
0.374953
0.374953
0.540321
9.44603e-15
0.260585
0.234226
0.298595
0.0810505
0.297469
0.374953
0.573115
0.298595
0.335101
0.97701
9.44603e-15
9.44603e-15
0.237792
0.374953
0.374707
0.222424
9.44603e-15
0.18408
0.383066
0.421246
0.199834
0.508812
0.00324158
0.297469
0.413277
0.298595
0.305479
0.97701
9.44603e-15
0.0810505
0.839975
9.95989e-16
0.374953
0.319513
0.374953
0.374953
0.374953
0.414899
0.476945
0.826241
0.717132
1.69723e-08
0.546653
0.411241
0.616461
0.307402
0.175733
0.501241
0.319513
0.374953
0.265587
0.770106
0.374953
0.374953
9.44603e-15
9.95989e-16
0.0810505
0.342102
0.374953
0.374953
0.573115
0.530135
0.0452742
0.407213
0.361251
0.0810505
0.502099
0.481936
0.237792
0.97701
0.374953
0.297469
0.374953
6.06053e-09
0.414944
0.97701
0.237792
0.199834
6.38558e-16
0.374953
0.772786
0.15999
6.32919e-13
0.374953
1.10157e-11
0.166245
0.159904
0.285635
9.44603e-15
0.105061
0.460347
0.285635
0.460347
0.420784
0.422367
0.459107
9.44603e-15
0.0810505
0.237792
0.87807
0.97701
0.132428
9.44603e-15
0.603839
0.328433
0.237792
0.374953
0.374953
0.892912
9.44603e-15
0.908642
0.374953
0.00992685
0.710761
9.95989e-16
0.0810505
0.130613
0.453039
0.132428
0.0810505
0.297469
9.44603e-15
0.105061
0.374953
0.314414
0.234226
0.374953
0.28432
0.538476
0.374953
9.95989e-16
0.328433
0.297469
0.97701
0.234226
0.374953
9.44603e-15
0.265587
0.247946
0.426975
0.17402
0.0810505
0.374953
0.97701
0.488688
0.97701
0.374953
0.35977
0.858887
0.159904
0.130613
0.374953
0.418817
2.6209e-15
0.0810505
0.407213
0.407213
0.374953
0.617634
0.540321
0.146994
0.374953
0.374953
0.184295
0.305479
0.605002
0.564659
0.848158
9.95989e-16
9.44603e-15
9.44603e-15
0.688219
0.710761
9.95989e-16
0.304373
0.0810505
0.889664
0.0810505
9.44603e-15
0.374953
0.324326
0.488688
0.294
9.95989e-16
0.612782
0.453039
0.867894
9.44603e-15
9.95989e-16
0.208639
9.95989e-16
9.95989e-16
0.0810505
0.424697
0.721919
0.285635
0.374953
0.324326
9.95989e-16
0.688219
0.29101
0.294
0.321637
0.131439
0.374953
0.453039
0.260585
0.407213
0.488688
0.529052
0.321637
0.524496
0.453039
0.603839
0.159904
0.321637
0.374953
0.787912
0.422367
0.374953
0.757871
0.136412
0.940578
9.95989e-16
0.374953
0.0810505
0.374953
0.106097
9.95989e-16
0.131439
0.374953
0.374953
0.297469
0.97701
0.889664
0.418817
0.374953
0.383751
0.374953
1.17761e-12
0.59919
9.95989e-16
0.97701
0.00435948
0.171971
0.304373
0.443776
9.95989e-16
0.265587
0.28432
0.131439
0.374953
9.44603e-15
0.131225
0.200393
9.95989e-16
9.95989e-16
0.208639
0.132428
0.324326
9.95989e-16
0.324326
2.84148e-15
9.44603e-15
0.0457459
0.0810505
0.260585
0.17402
0.538476
9.44603e-15
9.44603e-15
1.57976e-12
0.00992685
0.411384
9.95989e-16
9.44603e-15
0.459107
9.95989e-16
0.786591
0.721919
9.44603e-15
9.44603e-15
0.179002
6.90899e-16
9.95989e-16
0.407213
0.265587
0.265587
9.95989e-16
9.95989e-16
9.95989e-16
0.459107
0.383066
0.374953
2.1434e-09
1.09745e-12
0.0738881
0.374953
0.00294768
0.00435948
9.44603e-15
0.646106
0.00204287
1.57976e-12
0.374953
1.57976e-12
0.00294768
0.411241
0.298595
0.237792
0.0224554
0.260585
0.00186466
0.184295
0.00294768
0.00992685
9.44603e-15
0.00496448
0.00294768
0.185787
0.190915
0.285635
0.35977
0.423012
0.423012
0.00992685
0.00294768
0.826241
0.184295
0.29899
0.159058
0.0737371
2.43739e-14
0.816951
0.758334
6.55461e-12
0.577654
0.287625
0.374953
0.00294768
0.00294768
0.294
2.62339e-14
0.298595
0.00294768
0.857466
0.710761
0.00294768
0.132428
0.287625
0.423012
0.743582
0.00294768
0.00294768
0.649975
0.617634
0.617634
0.663589
0.374953
0.374953
0.374953
0.197204
0.374953
0.00426565
0.0153856
0.0103811
0.613945
0.00294768
0.113697
0.00294768
0.00385549
0.00294768
0.00122593
0.00355117
0.0688038
0.0157173
0.0187693
0.0445273
0.260585
0.374953
0.0467167
0.260585
0.00294768
0.00294768
0.407213
0.00294768
0.956374
0.00294768
0.00294768
0.540321
0.411384
0.00294768
0.00294768
0.00294768
0.443014
0.00294768
0.0423346
0.0360213
0.0309821
0.00294768
0.0810505
0.538476
0.374953
0.296238
0.184295
1.17761e-12
0.00294768
0.00294768
0.00294768
0.97701
0.582461
0.00294768
0.00194271
0.00294768
0.318496
0.335101
0.312645
0.242977
9.44603e-15
0.81488
0.65104
0.374953
0.374953
0.35977
0.76099
0.143895
3.29858e-15
0.105061
0.743582
0.131225
0.00447511
0.573083
0.00626483
0.208639
9.44603e-15
9.44603e-15
9.44603e-15
0.130613
0.453039
0.617634
0.423012
0.00294768
0.725495
3.29858e-15
0.493439
0.459107
0.688219
0.97701
9.95989e-16
0.29101
0.526716
0.688219
0.688219
0.374953
9.44603e-15
9.95989e-16
0.00294768
9.95989e-16
0.341971
0.757871
3.08961e-15
9.44603e-15
9.95989e-16
9.95989e-16
3.49966e-13
0.421246
9.95989e-16
0.324326
0.501506
9.95989e-16
0.382338
0.501241
0.29899
3.49966e-13
0.374953
0.387839
0.299419
9.44603e-15
3.49966e-13
0.374953
0.59919
0.132257
9.95989e-16
9.95989e-16
9.95989e-16
0.97701
3.49966e-13
0.244881
3.29858e-15
9.95989e-16
0.501506
0.285635
0.0810505
0.0810505
0.501506
9.95989e-16
0.377164
0.0810505
9.44603e-15
0.488688
0.374953
9.95989e-16
0.0810505
0.374953
9.95989e-16
0.30108
0.00992685
9.44603e-15
9.95989e-16
9.95989e-16
9.95989e-16
0.341971
0.247946
0.374953
0.126883
0.0771086
0.00775886
0.130902
0.324326
9.44603e-15
0.184295
0.199834
0.146857
0.0810505
0.00992685
1.03178e-14
0.0810505
0.97701
0.00992685
0.298595
1.39775e-13
0.466841
0.374953
9.95989e-16
0.443014
0.422367
0.409443
0.46644
0.374953
0.321637
0.298595
0.927033
0.0810505
0.270353
1.39775e-13
0.382338
0.132257
0.342102
0.374953
0.00324158
0.409443
0.816951
0.285635
0.766227
0.673167
0.265587
0.374953
1.39775e-13
0.335101
0.0810505
0.374953
0.11299
0.164839
0.0810505
1.39775e-13
0.426975
0.538476
0.374953
0.305479
0.374953
0.743582
0.374953
0.324326
0.260585
0.459107
0.341971
0.0810505
0.186497
0.375123
0.0387121
0.000899064
0.476945
0.298595
0.374953
0.307402
0.423767
0.140038
0.242977
0.00135789
0.603839
0.538476
0.35977
0.0810505
0.674211
0.529052
0.59919
0.208639
0.538476
0.426975
0.190915
0.443014
0.422367
0.570388
0.226757
0.341971
0.423767
0.374953
0.501241
0.374953
0.342102
0.65104
0.710761
0.743582
0.97701
0.0810505
0.0810505
0.831625
0.476945
0.374953
9.19471e-10
0.285635
0.0146691
0.420784
0.420784
0.374953
0.222787
0.0750964
0.97701
0.374953
0.29899
0.409443
0.140038
0.374953
0.00135789
0.262818
0.164839
0.328433
0.411241
0.260585
0.270353
0.341971
0.270353
0.341971
0.260585
0.374953
0.341971
0.260585
0.0146691
0.352078
0.374953
0.387839
0.538476
0.00135789
0.411171
0.140038
0.341971
0.97701
0.230622
0.0146691
0.321637
0.374953
0.270353
0.374953
0.298595
0.341971
0.265587
0.312645
0.688219
0.423012
0.0810505
0.140038
0.710761
0.374953
0.757871
0.285334
0.342102
0.06269
0.374953
0.436878
0.570388
0.374953
0.374953
0.374953
0.304373
0.476945
0.0463395
0.382338
0.0810505
0.0146691
0.443014
0.262818
0.271854
0.374953
0.617993
0.462545
0.186497
0.594016
0.137708
0.407213
0.0507037
0.281589
0.59919
0.443014
0.374953
0.341971
0.341971
0.423012
0.137708
0.688219
0.688219
0.0507037
0.296095
0.59919
0.234226
0.374953
0.208639
0.124724
0.139775
0.820055
0.0810505
0.374953
0.374953
0.792697
0.48291
0.313882
0.353102
0.0292292
0.904953
0.146857
0.0100546
0.00375283
0.00330815
0.0507037
0.260585
0.374953
0.321678
0.374953
0.453039
0.00135789
0.0507037
0.07643
0.996826
0.383066
0.0457237
0.321637
0.30108
0.208639
0.285635
0.072441
0.159904
0.0944878
0.677161
0.307402
0.476945
0.374953
0.325477
0.374953
0.423012
0.0507037
0.324326
0.374953
0.260585
0.176466
0.374953
0.292049
0.54571
0.208639
0.222787
0.0507037
0.251086
0.29101
0.374953
0.0242676
0.285635
0.459107
0.423012
0.0507037
0.260585
0.0507037
0.0810505
0.739724
0.0507037
0.260585
0.305479
0.287625
0.234226
0.436878
0.204108
0.674211
0.424697
0.830736
0.321678
0.570388
0.0813358
0.407213
0.251786
0.222787
0.0662164
0.305479
0.0810505
0.260585
0.292049
0.908642
0.705382
0.706537
0.617466
0.0507037
0.536525
0.414944
0.29101
0.0507037
0.772786
0.374953
0.0507037
0.0507037
0.0507037
0.721856
0.76099
0.325477
0.374953
0.0507037
0.866207
0.374953
0.415553
0.0507037
0.616461
0.234226
0.0810505
0.46644
0.544358
0.423012
0.285635
0.411241
0.423767
0.0662077
0.407213
0.287625
0.321637
0.374953
0.184295
0.710761
0.562017
0.374953
0.443776
0.710761
0.234951
0.326416
0.374953
0.260585
0.488688
0.313155
0.476945
0.285635
0.321637
0.459107
0.426975
0.411171
0.0507037
0.476945
0.97701
0.226713
0.858887
0.423012
0.374953
0.030985
0.396193
0.772786
0.260585
0.185787
0.0915199
0.54571
0.185787
0.0915199
0.98195
0.141393
0.119268
0.287625
0.0787885
0.0787885
0.223497
0.0996023
0.0787885
0.374953
0.260585
0.131225
0.508812
0.374953
0.374953
0.131439
0.251086
0.0766223
0.0787885
0.0787885
0.0787885
0.562017
0.336901
0.307402
0.374953
0.98195
0.570402
0.218307
0.28195
0.28195
0.285334
0.0787885
0.562017
0.374953
0.28195
0.285635
0.218307
0.311005
0.311005
0.122813
0.313155
0.254074
0.299419
0.254074
0.260585
0.107977
0.186497
0.0798783
0.107977
0.328433
0.414944
0.146501
0.0346536
0.00387852
0.000820932
0.285334
0.374953
0.107977
0.00108327
0.374953
0.674211
0.603839
0.603839
0.342102
0.204359
0.725438
0.222787
0.599903
0.107977
0.184295
0.603839
0.374953
0.374953
0.335101
0.374953
0.374953
0.290614
0.82652
0.617634
0.54571
0.374953
0.247946
0.374953
0.374953
0.65104
0.17402
0.00345193
0.000774614
0.374953
0.260585
0.188274
0.714214
0.866207
0.0473993
0.103575
0.285334
0.242977
0.234951
0.285635
0.374953
0.324326
0.426975
0.540321
0.208639
0.225837
0.96305
0.0645502
0.0645502
0.132232
0.280579
0.0904819
0.374953
0.280579
0.247946
0.944091
0.386823
0.386823
0.386823
0.386823
0.411171
0.0943828
0.374953
0.247946
0.374953
0.107977
0.540321
0.0352381
0.000357032
0.374953
0.374953
0.546653
9.44603e-15
0.293179
0.617466
0.000357032
0.107977
0.319513
0.374953
0.35977
0.35977
0.459107
0.908364
0.00011187
0.411171
0.000410216
0.570388
0.000357032
0.536525
0.000545377
0.00334951
0.501241
0.132428
0.0068979
0.859251
0.321678
0.492916
0.382338
0.481936
0.00385794
0.757871
0.374953
0.501241
0.35977
0.616461
0.424159
0.324326
0.945145
9.44603e-15
9.44603e-15
0.00158202
0.311005
0.443014
0.459107
0.577654
0.374953
0.374953
0.688219
0.383751
0.296238
0.403957
0.0118354
0.453039
0.0810505
0.374953
0.28432
0.234226
0.423767
0.459107
0.0022199
0.280579
0.713576
0.737675
0.715106
0.383066
0.565668
0.280579
0.328433
0.0810505
0.000311965
0.755776
0.0187963
0.382338
0.000924342
0.374953
0.374953
0.374953
0.229786
0.342102
0.374953
0.144032
0.443014
0.546259
0.144255
0.422367
0.0810505
0.629321
0.453039
0.00587617
0.573115
0.374953
0.374953
0.374953
0.247946
0.374953
0.420784
0.00327546
0.629321
0.285334
0.374953
0.260585
0.673512
0.374953
0.00488969
0.144032
0.251086
0.00408612
0.0199535
0.443776
0.374953
0.144255
0.144032
0.562017
0.860756
0.00552669
0.35977
0.673512
0.147395
0.59919
9.44603e-15
0.459107
0.00208697
0.247946
0.343799
0.138098
0.374953
0.375479
0.501506
0.374953
0.132257
0.115755
0.0715608
0.29101
0.411171
0.144032
0.358538
0.879539
0.285334
0.0765802
0.285334
0.260585
0.881588
0.374953
0.570388
0.193477
0.307402
0.374953
0.663662
0.168802
0.573115
0.427376
0.420784
0.382338
0.573115
0.250131
0.374953
0.374953
0.374953
0.319513
0.562017
0.562017
0.374953
0.8613
0.570388
0.186497
0.29101
0.540321
0.186497
0.131439
0.374953
0.629321
0.132257
0.375479
0.193477
0.743582
0.461504
0.0181873
0.0177917
0.629321
0.866207
0.260585
0.374953
0.265587
0.453039
0.00822118
0.673512
0.323921
0.65104
0.124743
0.459107
0.501241
0.234951
0.285635
0.387839
0.0506228
0.459107
0.881588
0.374953
0.312645
0.426975
0.374953
0.570388
0.540321
0.374953
0.0506228
0.0773514
0.0815385
0.0815385
0.312645
0.222787
0.00500812
0.374953
0.135564
0.252534
0.0108589
0.421246
0.459107
0.281589
9.44603e-15
0.0323421
0.0323421
0.00370631
0.00799073
0.208639
0.280579
0.374953
0.00370631
0.00370631
0.00799073
0.0815385
0.176466
0.00370631
0.335101
0.0338484
0.0291677
0.00370631
0.218344
0.35977
0.748048
0.277186
0.245545
0.453039
0.135564
0.00183543
0.0815385
0.176466
0.176466
0.459351
0.00799073
0.00370631
0.422367
0.00799073
0.443776
0.00799073
0.00540573
0.374953
0.321678
0.15584
0.501241
0.285334
0.706537
0.111176
0.232283
0.374953
0.182689
0.539026
0.0121284
0.881588
0.204108
0.0487701
0.382338
0.135573
0.569542
0.0815385
0.312645
0.321637
0.529052
0.536525
0.413809
0.0815385
0.0815385
0.374953
0.193477
0.251086
0.193477
0.374953
0.127804
0.955096
0.0815385
0.204108
0.0311253
0.126128
0.321637
0.247946
0.453039
0.11886
0.374953
0.11886
0.251086
0.237702
0.374953
0.570388
0.906474
0.501506
0.359745
0.305479
0.488688
0.305479
0.501506
0.501506
0.059698
0.374953
0.186497
0.175733
0.186497
0.305479
0.305479
0.0113706
0.459107
0.287719
0.0815385
9.44603e-15
0.573115
0.0815385
0.881588
0.0815385
0.374953
0.260585
0.881588
0.0815385
0.0815385
0.17402
0.561279
0.113205
0.35048
0.467762
0.538476
0.145005
0.321637
0.294
0.307402
0.821794
0.374953
0.374953
0.654929
0.617466
0.374953
0.59919
0.179326
0.285635
0.285334
0.193477
0.65104
0.520388
0.501241
0.0729853
0.260585
0.529052
0.130613
0.126128
0.387839
0.276233
9.44603e-15
0.387839
0.204108
0.536525
0.35977
0.374953
0.443014
0.208639
0.312645
0.374953
0.230622
0.321637
0.374953
0.479585
0.285635
0.276441
0.199966
0.260585
0.354312
0.30108
0.252534
0.126128
0.135564
0.374953
0.169556
0.358788
0.251086
0.315623
0.287493
0.342102
0.387839
0.772786
0.169556
0.199014
0.307402
0.409878
0.169556
0.426975
0.18291
0.335101
0.168293
0.374953
0.374953
0.238565
0.881588
0.0815385
0.411241
0.881588
0.93993
0.193477
0.422734
0.222787
0.374953
0.501241
0.772786
0.998328
0.570388
0.190915
0.00120869
0.0695469
0.374953
0.65104
0.453039
0.185787
0.177457
0.374953
0.208639
0.260585
0.193477
0.0864903
0.229019
0.0924235
0.140681
0.374953
0.374953
0.374953
0.374953
0.418817
0.881588
0.422734
0.374953
0.0815385
0.476945
0.476945
0.420231
0.616461
0.374953
0.322374
0.35977
0.166264
0.53107
0.524618
0.921391
0.670993
0.424697
0.46229
0.0453357
0.0807182
0.176466
0.881588
0.0815385
0.260585
0.0790627
0.881588
0.328433
0.617634
0.423767
0.738002
0.374953
0.15584
0.374953
0.374953
0.374953
0.649991
0.65104
0.65104
0.65104
0.422367
0.422367
0.422367
0.674364
4.81732e-12
0.374953
3.27842e-12
0.311005
0.0302825
0.106979
0.208639
0.617634
0.374953
0.247946
0.247946
0.177166
0.453039
0.478382
0.908642
0.374953
0.321637
0.312645
0.374953
0.186497
0.422367
0.374953
0.323834
0.570388
0.660761
0.201426
0.551721
0.673512
0.199014
0.128216
0.000726007
0.881588
0.760256
0.881588
0.881588
0.617634
0.260585
0.492916
0.199014
0.287625
0.881588
0.0901186
0.374953
0.881588
0.299419
0.374953
0.881588
0.881588
0.881588
0.420231
0.218564
0.166034
0.74501
0.622177
0.374953
0.459107
0.35977
0.501241
0.0224573
0.411241
0.801269
0.546653
0.190915
0.552123
0.260585
3.95644e-12
0.136207
0.17402
0.0563807
0.374953
0.0924235
0.242977
0.743582
0.881588
9.44603e-15
0.193477
0.260585
0.28432
0.335101
0.881588
0.374953
0.104166
0.746618
0.0815385
0.881588
0.251086
0.717132
0.881588
0.193477
0.383751
0.374953
0.335101
0.710761
0.26911
0.274304
0.906941
0.281231
0.400216
0.411241
0.232082
0.0729091
0.374953
0.660761
0.30108
0.208639
0.151424
0.881588
0.0107123
0.453039
0.777408
0.93993
0.176466
0.176466
0.176466
0.881588
0.186497
0.122808
0.113205
0.74224
0.547826
0.259667
0.374953
0.0815385
0.141393
0.881588
0.481936
0.159904
0.159904
0.710761
0.30108
0.514879
0.46644
0.46644
0.247946
0.881588
0.881588
0.422734
0.54571
0.881588
0.476945
0.374953
0.459107
0.0924235
0.374953
0.0815385
0.0924235
0.488688
0.881588
0.307402
0.193477
0.208639
0.881588
0.374953
0.881588
0.0815385
0.881588
0.208639
0.700561
0.200393
0.0924235
0.814209
0.0924235
0.023438
0.0924235
0.228492
0.199014
0.225879
0.0924235
0.0715608
0.140681
0.232082
0.93993
0.59919
0.881588
0.374953
0.436878
0.616461
0.673512
0.422367
0.374953
0.0338606
0.342102
0.252534
0.881829
0.881829
0.881588
0.0338606
0.881588
0.328433
0.650712
0.374953
0.488688
0.0815385
0.382338
0.881588
0.0810505
0.603839
0.881588
0.420231
0.881588
0.0464083
0.421246
0.572189
0.128216
0.743582
0.0338606
0.199014
0.159904
0.0815385
0.816199
0.816199
0.816199
0.0815385
0.873446
0.459107
0.873446
0.984655
0.0815385
0.374953
0.140681
0.29899
0.374953
0.546653
0.281231
0.501241
0.140681
0.881588
0.176466
0.571503
0.00387174
0.280052
0.204108
0.422367
0.725722
0.00694687
0.374953
0.374953
0.234226
0.658071
0.993807
0.688219
0.374953
0.688219
0.418817
0.54169
0.0523854
0.0914009
0.443014
0.374953
0.743582
0.0411977
0.411241
0.193857
0.538476
0.420784
0.265587
0.242977
0.0615231
0.374953
0.501506
0.743582
0.688219
0.374953
0.517171
0.688219
0.955096
0.705627
0.234226
0.374953
0.374953
0.107026
0.374953
0.342102
0.374953
0.688219
0.571503
0.374953
0.222787
0.536525
0.0810505
0.00314046
0.538476
0.321637
0.193477
0.374953
0.374953
0.353102
0.374953
0.30108
0.312645
0.54571
0.374953
0.443014
0.17402
0.54571
0.688219
0.204108
0.159904
0.4228
0.214496
0.436878
0.374953
0.0810505
0.374953
0.0892263
0.374953
0.374953
0.725712
0.374953
0.29899
0.186497
0.397816
0.59919
0.0620229
0.260585
0.736652
0.772786
0.374953
0.260585
0.501241
0.502099
0.131439
0.443776
0.294
0.411241
0.374953
0.201426
0.374953
0.28432
0.0262887
0.374953
0.206333
0.517171
0.571503
0.65104
0.674211
0.132428
0.453039
0.453039
0.453039
0.757871
0.140344
0.260585
0.529052
0.280579
0.411241
0.573115
0.176466
0.570388
0.0810505
0.546653
0.280579
0.755776
0.265587
0.571503
0.374953
0.326416
0.0203621
0.109454
0.54571
0.501506
0.481936
2.62339e-14
0.321637
0.292049
0.374953
0.501506
0.374953
0.260585
0.374953
0.374953
0.374953
0.387839
0.546653
0.571503
0.546653
0.374953
0.326416
0.982973
0.420784
0.0810505
0.459107
0.285334
0.0810505
0.374953
0.501506
0.260585
0.571503
0.580113
0.436878
0.232082
0.084307
0.328433
0.688219
0.93993
0.470198
0.65104
0.374953
0.321678
0.889683
0.11299
0.247946
0.573115
0.699719
0.374953
0.201426
0.260585
0.481936
0.402255
0.260585
0.374953
0.208639
0.230622
0.374953
0.603839
0.573115
0.901626
0.0810505
0.426975
0.546653
0.612782
0.246125
0.459107
0.208639
0.0685295
0.688219
0.571503
0.418817
0.140344
0.426975
0.208639
0.260585
0.688219
0.688219
0.453039
0.688219
0.688219
0.0262887
0.374953
0.260585
0.11886
0.374953
0.0693022
0.281589
0.502099
0.29899
0.0510426
0.460347
0.905325
0.299419
0.481936
0.222787
0.422734
0.356028
0.374953
0.374953
0.571503
0.374953
0.453039
0.936728
0.38074
0.0257705
0.112219
0.443776
0.319513
0.440879
0.443776
0.335101
0.540321
0.000637607
0.60996
0.131439
0.374953
0.963747
0.176328
0.59035
0.326028
0.688219
0.280579
0.347524
0.0453048
0.577654
0.287719
0.397816
0.260585
0.250131
0.494086
0.132428
0.128216
0.986827
0.131439
0.603839
0.603839
0.00166979
0.696886
0.470198
0.383066
0.321637
0.492916
0.783668
0.383066
0.208639
0.617634
0.581894
0.247946
0.0907056
0.856309
0.666936
0.418817
0.374953
0.313155
0.374953
0.22682
0.247946
0.673512
0.589847
1.26403e-05
0.374953
0.328433
0.374953
0.540321
0.260585
0.00166979
0.201426
0.132428
0.612782
0.193477
0.0020707
0.29853
0.234226
0.208639
0.830271
0.998123
0.00160885
0.0203621
0.11299
0.928151
0.487285
0.374953
0.784277
0.959152
0.470198
0.470198
0.0118201
0.000307177
0.374953
0.159904
0.324326
0.247946
0.247946
0.977921
0.374953
0.402188
0.234226
0.688219
0.260585
0.54571
0.166034
0.374953
0.374953
0.374953
0.374953
0.397816
0.409878
0.538476
0.280579
0.374953
0.30985
0.321678
0.492916
0.374953
0.688219
0.208639
0.168293
0.335101
0.74224
0.540321
0.132257
0.374953
0.702922
8.47255e-07
0.501506
0.170564
0.100058
0.851405
0.708524
0.374953
0.321637
0.0621654
0.134754
0.230429
0.260585
0.234951
0.374953
0.11886
0.647428
0.374953
0.805125
0.328433
0.0671049
0.0963826
0.00091258
1.01392e-14
0.188363
0.374953
0.734839
0.424697
0.35977
0.232082
0.35977
0.502099
0.501506
0.28012
0.617634
0.374953
0.374953
0.460347
0.374953
0.375479
0.422367
0.130613
0.769741
3.7722e-09
0.501506
0.688219
0.286445
0.0810505
0.387839
0.0810505
0.643177
0.260585
0.906828
0.0732524
0.510472
0.374953
0.374953
0.421246
0.551426
0.374953
0.714095
0.409878
0.688219
0.374953
0.387839
0.944859
0.285334
0.939031
0.65104
0.501241
0.374953
0.849331
0.184295
0.328433
0.617634
0.577654
0.375479
0.476945
0.398967
0.420191
0.01018
0.0810505
0.374953
0.808744
0.65104
0.374953
0.374953
0.208639
0.413809
0.285334
0.617466
0.537423
0.734839
0.501506
0.0810505
0.00254686
0.0594691
0.859825
0.859825
0.595662
0.224526
0.383751
0.374953
0.374953
0.232082
0.324696
0.374953
0.374953
0.132428
0.712416
0.688219
0.462721
0.550494
0.550494
0.382338
0.374953
0.358538
0.688219
0.285635
0.398069
0.208639
0.617634
0.710761
0.411171
0.398069
0.0101784
0.936728
0.398069
0.451173
0.319513
0.374953
0.734839
0.374953
0.398069
0.260585
0.420784
0.414944
0.383751
0.186497
4.12689e-05
0.424697
0.252534
0.537423
0.676433
0.140075
0.688219
0.398069
0.603839
0.374953
0.773988
0.233257
0.851405
0.945145
0.945145
0.374953
0.000170959
0.374953
0.374953
0.443014
0.0386492
0.0338781
0.374953
0.000921356
0.294
0.21962
0.123822
0.908642
0.247946
0.422734
0.606102
2.43642e-13
1.15469e-07
7.26562e-05
0.112068
0.443014
0.374953
0.190915
0.0211253
0.688219
0.617634
0.374953
0.132924
0.319513
0.7712
0.65104
0.374953
0.35643
0.242977
0.866207
0.757871
0.374953
0.285635
0.816951
0.190915
0.260585
0.383066
0.374953
0.374953
0.769741
0.225879
0.142995
0.374953
0.426975
0.422367
0.265587
0.374953
0.783117
0.436878
0.208639
0.328433
0.617634
0.250131
0.0221831
0.0810505
1.54887e-07
0.688219
6.32198e-06
0.601936
0.0715608
0.374953
0.247946
0.769443
0.374953
0.29101
0.374953
0.265587
0.132428
0.670301
1.36177e-05
6.32198e-06
0.421246
0.374953
0.459107
1.38711e-05
0.281589
0.299419
0.159904
0.130613
0.453039
0.292049
0.234951
0.260585
0.312645
0.17402
0.422734
0.540321
0.28432
0.89933
0.30108
0.383066
0.176466
0.29101
0.374953
0.247946
0.0810505
0.374953
0.374953
7.16242e-05
0.324326
0.925447
0.374953
0.616461
7.16242e-05
7.16242e-05
7.16242e-05
0.844582
0.0732042
0.459107
7.16242e-05
0.374953
0.134216
0.477746
0.181381
0.00685202
0.110636
0.186497
0.688219
7.16242e-05
0.374953
0.374953
0.603839
0.285825
0.374953
0.459107
0.617466
0.688219
0.374953
0.889251
0.208639
0.538476
0.000112307
9.53123e-05
0.411171
0.374953
0.0810505
0.466203
0.287788
0.287788
0.183252
0.374953
0.688219
0.26096
0.573115
0.319334
0.335101
0.375424
0.335101
0.287788
0.544808
0.634228
0.196068
0.0523854
0.529052
0.0523854
2.21185e-05
0.370019
0.424697
0.374953
0.374953
0.453039
0.285825
0.436878
0.374953
0.149733
0.000853442
0.688219
0.285825
0.0741837
0.285825
0.29899
0.285825
2.21185e-05
0.374953
0.423767
0.35977
0.481936
0.374953
0.29101
0.000487821
0.481936
0.00801039
0.453039
0.0257462
0.0931194
0.407213
0.851405
0.851405
0.789399
0.743582
2.591e-08
0.000880933
0.000186139
0.130613
0.580504
0.53405
0.132428
0.769741
0.61311
0.529052
0.374953
0.285825
0.374953
0.423767
0.476945
0.374953
0.383066
0.0810505
2.21185e-05
0.387839
0.447309
0.374953
0.122813
0.481936
0.383066
0.267178
0.940494
0.855737
0.326416
0.855737
0.201426
0.30108
0.324965
1.3347e-05
0.313155
0.865199
2.21185e-05
2.21185e-05
0.21993
2.21185e-05
0.688219
1.3347e-05
2.21185e-05
0.421246
0.618776
0.131439
1.3347e-05
0.617634
0.617634
0.328433
0.260585
0.502099
0.248819
0.502099
0.459107
0.285825
0.374953
0.453039
0.242977
0.356225
0.501241
0.501241
0.374953
0.688219
6.21253e-05
0.374953
0.688219
0.995936
0.17402
9.44603e-15
0.0715608
0.321678
0.453039
1.68298e-05
9.44603e-15
0.0396607
0.540321
0.387839
0.672512
5.22499e-05
0.251086
0.453039
0.130613
0.617634
0.185787
0.769741
0.374953
0.0396607
0.32933
0.35977
3.51392e-05
0.000106395
0.688219
0.285635
0.190915
0.374953
0.00347177
0.459107
0.453039
0.688219
0.374953
0.688219
0.374953
0.54571
3.51392e-05
0.59919
