0.438047
0.568394
0.464916
0.659626
0.0165307
0.133506
5.15918e-05
0.234075
0.431933
0.703505
0.945975
0.726103
0.314965
0.393313
0.168511
0.172227
0.202263
4.79071e-09
1.92678e-06
0.274875
0.172496
0.414198
0.107432
0.127805
0.389761
1.73081e-09
0.22911
0.127816
0.22911
0.269626
0.127809
0.453112
0.692841
0.128496
0.549216
8.4217e-06
8.43912e-09
1.25291e-08
0.208484
0.208484
0.208484
0.454162
0.0391841
0.68696
0.228623
0.47717
0.973026
0.166774
0.00433428
0.00536083
0.138313
0.884961
0.253852
0.0576471
0.0576469
0.307546
0.540943
0.540958
0.451716
0.00606909
0.00800225
0.125893
0.0776902
0.370052
1.99876e-05
0.753801
0.312643
0.509712
0.0103427
0.509702
0.00414693
0.00680612
0.534044
0.534037
0.0971841
0.000546806
0.405662
0.38342
0.383418
0.421467
6.04434e-08
0.370044
0.280594
6.30022e-10
0.20828
4.95071e-06
0.592819
0.958921
0.663239
9.45395e-07
0.297623
0.589734
0.64179
0.0155057
0.296822
6.24567e-09
0.000210492
0.270631
0.370042
0.237
0.0126632
1.03012e-08
0.325059
0.112289
0.147044
0.0834937
6.61803e-05
0.0833959
0.000117621
7.78611e-05
8.33842e-05
0.000190967
4.36551e-05
4.38774e-10
3.15873e-06
0.0352912
3.26029e-08
0.708156
0.0174307
0.540944
8.81084e-06
0.655428
0.000951148
0.0617227
1.30726e-06
0.0350151
0.0788351
0.184729
0.00275167
1.88728e-11
0.0663257
0.0555517
0.00805691
3.78832e-08
0.406072
0.430084
0.000908988
0.000591153
0.454163
0.00165757
0.950636
0.387965
1.86708e-07
0.319294
0.0167891
0.0361795
0.25347
1.83873e-11
0.253457
3.61881e-05
1.7681e-06
0.0134562
2.63782e-05
0.5684
3.3397e-07
0.29812
0.000277381
0.557945
0.633879
1.52336e-10
0.0118352
0.000363876
0.227844
0.952527
0.496141
0.168184
0.454162
0.753797
0.00023294
0.501693
0.162715
0.160741
0.0318901
0.026619
7.27733e-05
0.181774
0.00111295
0.435975
0.184879
0.291681
0.685476
0.000166142
0.0237829
0.337803
0.285059
0.050176
0.171547
0.405666
0.759151
0.00202179
9.03974e-11
0.0958901
3.11155e-05
0.226301
0.226301
0.92384
0.229703
0.765685
0.673319
0.109663
0.000352345
0.566186
0.178933
4.50428e-08
0.0045971
0.37005
0.00977782
0.00165887
0.405649
0.063909
0.327641
2.98399e-06
0.0577726
0.00161498
0.659528
0.283878
7.16485e-09
1.74346e-07
7.07688e-06
0.227851
0.683551
0.0303884
1.19968e-09
0.774238
0.00301551
1.19228e-10
1.67203e-12
9.96821e-13
0.111724
0.690645
0.668259
0.213371
4.62522e-08
0.185609
0.235928
0.314953
0.124718
0.630926
0.149416
0.928017
0.932655
0.253471
0.253471
0.147135
0.0412962
5.06936e-12
0.495464
0.395629
0.495981
0.175449
0.00086731
0.0226815
0.00174313
0.236974
0.53196
0.962832
0.0766385
0.266124
0.308603
0.00960951
0.241218
0.370042
0.416748
0.177687
0.177687
0.815223
0.613392
0.229711
0.00205579
0.572625
0.000247897
0.147684
0.370049
0.0648806
0.370044
0.117902
0.00043455
0.240339
0.35561
0.407421
0.172036
0.000116517
0.000186109
4.79076e-05
0.174157
0.595246
0.00549002
0.323482
0.0140728
0.446368
0.28414
0.219049
0.00166217
0.00382932
0.370043
2.95863e-06
0.226301
0.105831
0.000502419
0.308617
0.00107645
0.00137789
0.438024
4.4335e-05
0.437688
0.148277
0.967114
0.406067
0.00156402
0.0581488
0.347979
0.319881
0.277893
0.370051
0.319582
0.000644424
0.000754578
0.111751
0.00606013
0.183043
0.569331
0.117129
0.126484
0.126483
0.822235
0.717253
0.327636
0.00166558
0.107504
2.34315e-05
0.69315
0.406032
0.253474
0.241022
0.963544
0.00721032
7.2969e-05
0.417235
0.14482
0.000587858
0.4469
0.929504
0.00125313
0.370042
0.258339
0.0934766
0.370049
0.00571026
0.483251
0.000188786
0.327643
0.0408738
0.144507
0.153559
0.539944
0.00450656
0.292053
0.183553
0.325666
0.208823
0.048526
0.164542
0.650937
0.75382
0.291693
0.229664
0.370049
0.288092
0.347025
0.236935
0.370044
0.078831
0.477346
0.00314159
0.000287224
0.000501157
0.5993
0.000124843
0.370053
0.253482
0.172727
0.323489
0.370054
0.349676
0.00905869
1.47611e-05
4.83518e-05
0.370037
0.00142792
0.00587597
0.483232
0.000574613
0.370043
9.26796e-05
0.000149556
0.370054
0.0160912
0.00138541
0.00444279
0.0890771
0.00232724
0.118958
0.00223169
0.0117368
0.280588
0.00182449
0.485091
0.370042
0.370042
0.370049
0.0470281
0.464932
0.669639
0.370048
0.0147949
0.0775349
0.0430358
0.414539
0.279363
0.279355
0.471744
0.831342
0.316789
0.717704
0.26114
0.0474637
0.419617
0.471766
0.419627
0.518099
0.0278911
0.0169876
0.0360258
0.213862
0.526672
0.0898587
0.237005
0.175657
0.438015
0.162892
0.023933
0.238438
0.0341931
0.312654
0.000285021
0.994096
0.323485
0.135974
0.0657337
0.286674
0.286673
0.41736
0.286664
0.000254057
0.201572
0.595239
0.26354
0.454165
0.129967
0.370054
0.144815
0.434928
0.137444
0.00360696
0.120079
0.291687
0.0116533
0.753788
0.669468
0.405664
0.253464
0.180089
0.708152
0.70817
0.315485
0.00412738
0.282878
0.338977
0.74803
0.429385
0.983289
0.00774499
0.00480039
0.108574
0.572935
0.0930342
0.220098
0.300462
0.454162
0.16634
0.0646851
0.68423
0.05638
0.37005
0.370049
0.712381
0.000254564
0.118342
0.253471
0.275929
0.0442968
0.684636
0.103935
0.406019
0.506638
0.314981
0.564016
0.708211
0.279731
0.813559
0.38739
0.280598
0.370058
0.27488
0.274878
0.274874
0.524708
0.455445
0.282868
0.767656
0.151597
0.338974
0.312636
0.280596
0.280595
0.37005
0.370049
0.242914
0.595248
0.177692
0.319575
0.417225
0.41721
0.496155
0.710942
0.314951
0.352902
0.454166
0.281006
0.426582
0.896613
0.0921352
0.0125329
0.370049
0.323482
0.866962
0.887576
0.370035
0.208935
0.101494
0.0290484
0.218297
0.178931
5.34393e-06
0.595249
0.00651828
0.370055
0.00257156
3.03131e-07
3.13405e-05
0.000318731
0.769949
0.427756
0.406067
0.542663
0.287029
0.0346381
0.184219
0.0853621
2.967e-06
0.111249
0.953892
0.816111
0.258687
0.815274
0.300602
0.609357
0.0488588
0.406075
0.123803
0.241027
0.308602
0.0331779
0.431934
0.370044
0.236631
0.286671
0.300603
0.505408
0.40477
0.832616
0.370049
0.749041
0.552339
0.0422474
0.28292
0.370036
0.149384
0.496153
0.193023
0.471753
0.527187
0.370049
0.370056
0.967614
0.0354783
0.408591
0.296247
0.128008
0.688016
0.0293913
0.975706
0.709782
0.435974
0.173496
0.0350409
1.63077e-05
0.509645
0.257498
0.00660943
0.370055
0.253458
0.173585
0.154974
0.0393739
0.0157825
0.559207
0.431138
0.370036
0.135312
0.239014
0.172271
0.947486
0.416761
0.0397785
0.000660834
0.0157138
0.416763
0.204844
0.182405
0.370054
0.370044
0.379911
0.259521
0.0536815
0.813574
0.370043
0.00656892
0.175926
0.370048
0.0205513
0.370054
0.0606744
0.644217
0.000831122
0.0386768
7.20018e-06
9.28294e-06
1.03393e-06
0.292063
0.59522
0.327645
0.000185341
0.109664
0.611654
0.370049
0.370049
0.0682024
0.321949
0.522194
0.221789
0.370046
0.370046
0.524712
0.612029
0.192812
0.142116
0.568393
0.370043
0.101419
0.406071
0.200165
0.338216
0.221797
0.201827
0.024004
0.935126
0.370049
0.370049
0.332714
0.456044
0.864277
0.108088
0.419611
0.00495281
0.00103116
0.733979
0.496168
0.496169
0.485804
0.099691
0.40608
0.568408
0.107129
0.118751
0.245892
0.406074
0.0905007
0.406067
0.406074
0.365214
0.370044
0.370044
0.370049
0.834395
0.370054
0.123816
0.253457
0.947261
0.853928
0.861392
0.192829
0.370044
0.864278
0.0276204
0.0622201
0.192302
0.0342481
0.221786
0.369158
0.0372237
0.370056
0.370056
0.00719042
0.370049
0.0492181
0.0372093
0.769863
0.126483
0.666667
0.402576
0.370041
0.583244
0.370043
0.59234
0.312734
0.370047
0.316799
0.666658
0.24966
0.666659
0.172227
0.666659
0.666665
0.856206
0.439114
0.464905
0.175923
0.411188
0.370042
0.792508
0.370055
0.370055
0.218304
0.218303
0.0253022
0.0321823
0.0418994
0.218299
0.414212
0.111151
0.461816
0.0811273
0.0811299
0.0603179
0.0155469
0.669429
0.370048
0.805796
0.967103
0.805802
0.719288
0.728117
0.480256
0.708169
0.218295
0.666664
0.132913
0.280588
0.204832
0.109269
0.719273
0.370042
0.0656723
0.666659
0.726819
0.262099
0.11478
0.6636
0.805797
0.66666
0.218295
0.132915
0.218292
0.370036
0.00244871
0.373523
0.0208409
0.00930284
0.0617906
0.553504
0.308617
0.370055
0.702838
0.30861
0.292067
0.407013
0.370044
0.370044
0.308598
0.172496
0.11435
0.296243
0.132917
0.791127
0.299554
0.572324
0.179705
0.370059
0.646061
0.118604
0.35392
0.253476
0.186709
0.380147
0.698849
0.0703215
0.0387025
0.00283823
0.337804
0.141617
0.2183
0.864264
0.633891
0.370056
0.151058
0.370049
0.780468
0.859638
0.197267
0.197267
0.337796
0.646661
0.646682
0.185121
0.370042
0.370042
0.292068
0.496307
0.496318
0.338981
0.292058
0.296247
0.169962
0.338975
0.646677
0.70815
0.300592
0.300593
0.308601
0.291951
0.00657882
0.340717
0.496161
0.000157028
0.31264
0.419636
0.098274
0.370049
0.408661
0.264004
0.636665
0.215074
0.370037
0.370036
0.370042
0.714404
0.126483
0.530345
0.277988
0.000237836
0.011141
0.43804
0.438031
2.82873e-05
0.308612
0.377297
0.131677
0.865081
0.0131992
0.0644328
0.483234
6.78343e-06
0.447634
0.277974
0.370048
0.410449
1.11323e-11
1.38321e-12
0.417213
0.370048
0.255424
0.0163991
0.286676
0.94952
1.20111e-11
1.1477e-11
0.388227
0.370042
5.21569e-12
0.160268
0.547119
0.566188
0.370056
0.0984177
3.02863e-10
0.535475
0.867255
0.264379
0.787293
0.327631
0.454151
0.307539
1.12501e-11
0.308605
0.612035
3.60972e-09
1.11088e-08
0.0757381
8.56308e-06
8.81925e-11
0.37005
0.32764
2.43001e-12
0.204148
2.43396e-12
0.229706
0.32193
0.646662
3.04846e-10
0.182993
0.378746
0.417224
0.531946
0.568405
0.370058
9.34279e-12
4.54267e-10
0.370052
5.22463e-09
0.997675
0.370044
5.04023e-11
0.370037
7.53296e-10
1.25922e-10
0.0988915
2.84981e-08
5.22015e-12
0.54253
0.370049
0.281011
2.03871e-12
4.59541e-12
0.253468
0.370049
0.559457
1.21321e-11
0.25347
0.34108
9.92751e-12
0.406019
1.85325e-11
0.370042
4.50777e-13
0.253466
9.96581e-13
0.413293
0.413295
0.413284
0.184222
4.07355e-12
0.121942
1.52695e-11
0.447638
2.43068e-12
0.370035
4.01451e-12
0.531933
0.327632
0.12039
1.59283e-10
0.370047
0.253466
0.17769
1.20851e-08
4.37169e-12
0.753811
2.42979e-12
0.599305
1.22032e-12
0.370037
0.280588
0.258349
0.17893
1.21764e-12
5.03903e-13
0.370059
0.253493
0.416777
0.307565
0.167451
2.38316e-11
0.109659
4.24358e-12
2.43351e-12
2.43135e-12
0.241032
0.520095
0.669619
0.370043
4.20749e-12
0.253466
0.370048
0.370048
5.20861e-12
0.227852
0.370049
0.370048
2.17624e-11
5.655e-12
0.370044
0.447641
0.370037
0.229702
1.10759e-11
2.24334e-11
2.42776e-12
0.377284
1.2379e-11
0.175444
4.53455e-12
6.39088e-13
1.04047e-11
0.946201
1.38311e-12
2.81283e-12
0.527828
0.603404
0.45541
2.06345e-11
0.612042
0.370043
2.28314e-10
6.66236e-11
9.33458e-11
0.646688
0.286674
1.63906e-12
0.307551
0.415826
0.253468
0.370049
1.6622e-10
1.84949e-08
5.6529e-09
0.131442
4.33579e-09
0.283878
0.566172
0.370042
0.938915
0.370051
0.300477
1.20487e-12
0.229711
0.59932
0.669634
0.417377
0.405652
0.16027
0.785818
1.76244e-10
0.370043
4.28824e-10
0.483233
0.602864
4.41659e-12
1.62307e-10
0.24103
0.370055
0.241022
0.421467
0.338975
6.29976e-12
2.07778e-11
0.370044
0.241032
0.531925
0.806543
0.568389
0.172496
0.184219
1.63977e-12
4.78217e-10
5.06392e-12
2.30604e-11
6.96654e-11
1.06201e-11
0.370049
0.370049
5.21369e-12
0.370407
0.238435
0.417357
0.417365
0.000658449
0.00140499
0.15604
0.156042
0.344218
0.370054
0.971497
0.455397
0.455422
0.496307
0.337486
0.370045
0.0710428
0.947552
0.129593
0.0452586
0.0163896
0.407446
0.370043
0.370053
0.80238
6.32417e-06
0.615464
0.124911
0.415636
0.0206537
0.282327
0.128802
0.204833
0.527752
0.370036
0.370042
0.728119
0.370043
0.495492
0.495503
0.572316
0.11343
0.0432196
0.00212363
0.162502
0.876402
0.126484
0.0286202
0.00537345
0.370037
0.370035
0.914091
0.277916
0.00163628
0.000173958
0.849589
0.769199
0.638154
0.0340783
0.253454
0.0544288
0.0204514
0.595245
0.122807
0.0237002
0.123963
0.734953
0.611659
0.856469
0.0957146
0.496301
0.323858
0.309556
0.00195967
0.415103
0.0279624
0.654883
8.02031e-05
0.109664
0.280593
0.00403441
0.804668
0.223837
0.253475
0.646677
0.242912
0.242912
0.464925
0.146959
0.274885
0.959658
0.959678
0.354829
0.102609
0.753824
0.354823
0.22785
0.605918
0.405637
0.625763
0.971157
0.253468
0.314957
0.904107
0.126484
0.045925
0.753828
0.37005
0.722909
0.722909
0.566184
0.253471
0.25347
0.218292
0.528197
0.370042
0.407311
0.340681
0.920297
0.292068
0.10986
0.0913309
0.0942947
0.264381
0.59525
0.000165137
1.00697e-10
0.471755
9.6128e-07
0.864906
0.0378112
0.593842
0.228224
8.30994e-07
0.370043
0.169629
0.00911111
0.767673
0.593903
0.789982
0.72504
0.520115
0.410448
0.370044
0.815251
0.707237
0.442026
0.178882
0.417365
0.464914
0.340716
0.253481
0.410457
0.557144
0.438074
0.0933144
0.405474
0.31498
0.844445
0.052661
0.773687
0.370037
0.296238
0.408548
0.568391
0.605574
0.557972
0.454982
0.730718
0.801081
0.329754
0.084448
0.465683
0.406025
0.253467
0.253471
0.43802
0.0402073
0.0889862
0.00404978
0.0900627
0.515633
0.503177
0.370049
0.167439
0.000631951
0.0495664
0.0619034
0.312643
0.253468
0.0288767
0.140198
0.417597
3.05749e-09
0.172496
0.00781712
0.708153
0.461823
0.496513
0.496507
0.0084242
0.120399
0.0970513
0.43194
0.426316
0.952163
0.311253
0.124721
0.37729
0.314953
0.283159
0.073266
0.96105
0.496511
0.370042
0.0732639
0.417241
0.997527
0.415851
0.52103
0.312652
0.354829
0.696418
0.90721
0.370043
0.987105
2.15598e-06
0.234965
0.486064
0.820311
0.172223
0.167437
0.0384348
0.279729
0.124718
0.252889
0.110222
4.99184e-09
0.232086
0.370044
0.870941
0.389505
0.105315
0.176988
0.220675
0.204833
0.454161
0.109665
0.377287
0.348003
0.217038
0.38342
0.370049
0.625507
0.438028
0.370042
0.0946414
0.0604115
1.3789e-05
0.000122369
0.520104
0.104431
0.247989
0.1302
0.229708
0.165174
0.370055
0.291693
0.64669
0.64669
0.383417
0.370044
0.197268
0.370037
0.557954
0.415834
0.496154
0.370042
0.419611
0.370053
0.292082
0.300607
0.300607
0.638022
0.574358
0.383422
0.15604
0.370044
6.50324e-08
0.0437913
0.0223514
3.88303e-12
0.438017
0.411896
0.33897
0.258338
0.464919
0.35483
0.258496
0.37005
0.410448
0.566184
0.474985
0.354824
0.908871
0.370037
0.438747
0.0732662
0.391283
0.551348
0.73938
5.02053e-05
0.404774
0.167443
0.370055
0.194678
0.370048
0.204838
0.370048
0.370041
0.177687
0.253458
0.751596
0.152751
0.000158763
0.0571123
0.182403
0.856732
0.182406
0.18241
0.182407
0.182411
0.182407
0.753811
0.535476
0.646682
0.612044
0.370037
0.370036
0.370042
0.370042
0.987094
0.535465
0.397232
0.184222
0.370058
0.477377
0.477368
0.416759
0.104759
0.314965
0.314956
0.253468
0.370037
0.370037
0.370043
0.306127
0.312642
0.391284
0.391289
0.391289
0.370054
0.419627
0.319583
0.0686393
0.31958
0.14318
0.319575
0.10921
0.238436
0.728676
0.00255972
0.370042
0.370042
0.64083
0.215839
0.767669
0.918453
0.719878
0.37005
0.0407027
0.0873304
0.25347
0.496522
0.182404
0.412943
0.241024
0.515849
0.377439
0.370043
0.421461
0.253461
0.370047
0.370054
0.285132
0.813216
0.370049
0.370049
0.253467
0.370409
0.205003
0.370037
0.149708
0.471755
0.0540212
0.928827
0.000344469
0.000995911
0.253487
0.438044
0.292106
0.27489
0.435995
0.156038
0.354835
0.354823
0.409699
0.242911
0.524708
0.334395
0.529902
0.496155
0.928404
0.455408
1.37266e-09
0.48299
0.814199
0.273756
0.273757
0.946384
0.370049
0.901256
0.415622
0.147499
0.00360573
0.00107822
0.370042
0.296243
0.227844
0.959153
0.15604
0.208331
0.540966
0.568397
0.982666
0.327641
0.204839
0.377438
0.0587943
0.370035
0.0286928
0.327646
0.308092
0.272544
0.257173
0.285637
0.0680251
0.249666
0.520125
0.37005
0.885917
0.2001
0.122703
0.319575
0.599303
0.347972
0.656045
0.248298
0.2483
0.150482
0.520104
0.15604
0.156039
0.310753
0.310751
0.0017427
8.3671e-07
0.25835
0.326172
0.453585
0.253469
0.524268
0.151853
0.377286
0.204834
0.000355133
0.370044
0.566185
0.225405
0.225405
0.327648
0.413283
0.198073
0.370049
1.4102e-06
0.406019
0.370044
0.532601
0.370036
0.112573
0.294311
0.876819
0.328886
0.542531
0.174162
0.169968
0.108246
0.718129
0.80934
0.370049
0.370049
0.585667
0.370407
0.662315
0.407054
0.253475
0.0276232
4.09293e-07
0.932731
0.370047
0.283565
0.131393
0.7851
0.646686
0.323482
0.182407
0.462896
0.327642
0.566174
0.370037
0.370036
0.204832
0.464914
0.307773
0.310211
0.756812
0.370053
0.0157981
0.0431153
0.296252
0.370054
9.10781e-11
0.000789556
0.568393
0.178907
0.883079
0.294307
0.172493
0.370043
0.0873982
0.0898502
0.383416
0.303048
0.811161
0.000294984
0.324744
0.438023
0.279721
0.111595
0.115833
0.945572
0.0144651
3.40751e-10
0.0216289
0.464914
0.464914
0.328592
0.939952
0.923509
0.000648619
0.208234
0.2183
0.370045
0.000211304
0.0121049
0.206548
0.0352496
0.00237203
0.801056
0.000101171
0.959183
0.0037676
0.464915
0.370047
0.708167
0.124716
0.435992
0.929757
0.611666
0.477364
0.708169
0.557987
0.533732
0.591342
0.0651348
0.253474
0.15439
0.86427
0.370042
0.661781
0.45417
0.286076
0.337819
0.496166
0.282872
0.282872
0.572326
0.167441
0.0642396
0.0813342
0.0697401
0.257476
0.0246316
0.0140362
0.370045
0.0180725
0.609573
0.489014
0.00315721
0.222336
0.396215
0.147257
0.370049
1.47042e-11
0.928025
0.296238
0.296237
0.0888035
0.443411
0.022285
0.0325267
0.311255
0.600124
0.370056
0.634985
0.190165
0.0026881
0.447642
0.0257241
0.253467
0.420921
7.59599e-12
0.579852
0.327337
4.07321e-12
0.579861
6.92536e-10
4.16002e-12
0.292065
0.566077
1.8913e-08
0.000710878
0.213661
0.0252975
0.421467
0.0697532
0.184224
0.00111397
0.355509
0.669426
0.913574
0.370042
0.240946
0.285079
8.69227e-06
1.63003e-07
0.115402
4.07981e-12
0.280597
0.280597
1.2805e-11
0.612041
0.329864
0.131273
0.421325
0.327339
2.01323e-12
0.614059
0.477355
0.477361
0.370048
0.669631
0.370055
0.852771
0.496522
0.194544
0.370048
0.496529
0.849213
0.31264
0.312628
0.725626
0.312638
0.218179
0.136332
0.109665
0.327639
0.109666
0.109665
0.00881751
0.464922
0.251281
0.377442
0.251274
0.370041
0.960744
0.743137
0.419611
0.308605
0.0605636
0.294311
0.294315
4.51345e-06
0.693794
0.300475
0.300452
0.050113
0.0617636
0.438024
0.406019
0.000842397
0.241927
0.370036
0.406019
0.406019
0.370042
0.406019
0.40603
0.114765
0.406037
0.365475
0.370053
0.208074
0.236581
0.264287
0.264277
0.370043
0.370037
0.370037
0.370043
0.370044
0.17544
0.152644
0.264076
0.406027
0.278853
0.454176
0.4922
0.83175
0.146511
0.468477
0.78511
0.573442
0.0624114
0.332997
0.253474
0.703697
0.703697
0.253464
0.977648
0.977648
0.767684
0.859585
0.294318
0.370049
0.178935
0.370049
0.0963158
0.370042
0.377432
0.35641
0.106538
0.25834
0.25834
0.25834
0.336113
0.25834
0.18111
0.370055
0.37005
0.370049
0.370049
0.370049
0.370045
0.370044
0.767647
4.82115e-07
0.430902
0.767654
0.419611
0.767653
0.767684
0.767686
0.767701
0.253489
0.864266
0.370054
0.620985
0.370054
0.300467
0.300465
0.370037
0.370036
0.370042
0.370043
0.646679
0.646679
0.697108
0.109665
0.0239749
0.370055
0.252889
0.279721
0.370048
0.852784
0.852789
0.292066
0.267064
0.109429
0.557994
0.279717
0.3367
0.3367
0.370049
0.567049
0.89736
0.447646
0.438
0.534047
0.534047
0.420097
0.370041
0.730096
0.0798908
0.37728
0.753804
0.28506
2.06388e-09
1.7749e-11
0.270465
0.354533
0.295745
0.285071
0.406076
0.0904989
0.198576
0.253468
0.310148
0.370044
0.249109
0.534025
0.0895636
0.230057
0.370042
0.229756
0.0958969
0.235876
0.234931
0.370058
0.113981
0.227855
0.370052
0.0639659
0.0639631
0.370043
0.370037
0.370037
0.370043
3.60806e-10
0.370044
0.109664
0.283878
0.109665
0.0107401
0.37745
0.211396
3.12506e-06
0.950384
0.370049
8.90128e-07
0.511503
0.708143
0.454152
0.417366
0.753796
0.253464
0.253464
0.253466
0.282874
0.282878
0.17894
0.535475
0.383418
0.312645
0.229708
2.63504e-08
0.236932
0.928022
0.486048
0.236931
0.438016
0.182403
0.182403
0.438019
0.43802
0.726288
0.496532
0.708165
0.232556
0.204838
0.370048
0.177692
0.177692
0.757602
0.370036
0.483233
0.177686
0.0641363
0.6625
0.00918387
0.241813
0.365325
0.599363
0.253492
0.535507
0.767725
0.126496
0.779718
0.370043
0.703724
0.579784
0.208288
0.370043
0.46824
0.699627
0.0430446
0.178932
0.621681
0.253474
0.878648
0.370049
0.204839
0.282871
0.370044
0.811067
0.540937
7.05012e-07
0.253475
0.416747
0.144674
3.91515e-10
0.693786
0.0749658
0.646705
0.566199
0.292056
0.931935
0.185498
0.0434324
0.31264
0.18422
0.432421
0.337457
8.99386e-12
0.607197
0.125471
1.04912e-09
0.126482
0.370048
0.47737
0.365379
0.662068
0.662052
0.477364
1.10929e-07
0.00331401
8.21857e-08
5.74847e-06
0.125467
0.353668
6.24783e-10
0.454161
0.281928
0.356104
0.92934
0.000998738
0.00208648
0.790987
7.8246e-06
0.708179
0.319582
0.868903
0.852786
0.0749797
0.197259
0.253477
0.454164
0.410441
0.410441
0.300461
0.204838
0.35483
0.370316
0.145267
0.708169
0.370049
0.156043
0.901505
0.279713
0.3963
0.852781
0.19953
0.124716
0.0515205
0.190489
0.279725
0.43194
0.00823422
0.109664
0.611663
0.456203
0.0799019
0.31115
0.0461798
0.0794322
0.0833133
0.241135
0.420265
0.370042
0.312638
0.937838
0.447634
0.389522
0.380109
0.292078
0.109668
0.18298
9.81308e-13
0.415629
3.36434e-10
0.540948
0.849514
0.0334001
0.438037
0.312638
0.370043
0.406071
0.204843
0.32349
0.312661
0.31267
0.224045
0.182405
0.107597
0.136016
0.370043
0.100115
0.204827
2.3008e-12
0.370042
0.0298507
5.23038e-12
0.370043
0.182407
0.591909
0.708133
0.934346
0.415809
6.29992e-12
0.406077
0.852784
0.119057
6.07342e-10
0.548507
4.21112e-07
0.646682
0.312637
0.0805299
0.524716
2.03671e-11
0.876489
0.141116
0.471768
0.370048
0.100319
0.646685
0.337809
0.246502
0.40607
0.0332278
0.852781
0.184227
0.483231
0.90386
0.370043
1.49377e-10
0.370047
0.0650661
0.286682
0.37005
0.370048
0.370048
0.156043
0.0231903
0.0165288
0.406012
0.659633
0.496304
0.0430851
0.35482
0.242912
0.656056
0.219674
0.370058
0.154194
0.154191
0.370052
0.341719
0.921374
0.921383
0.921381
0.415616
0.370037
0.447639
0.000137318
0.000136053
0.116461
0.413141
0.370049
0.296252
7.54402e-13
0.0110255
0.561815
0.0527636
0.17123
0.171229
2.07523e-10
0.235859
0.177359
0.370042
0.370042
0.464914
0.0166531
0.178933
0.464922
0.496174
7.93204e-06
0.253459
4.07913e-12
0.0451607
0.197266
0.2263
0.253466
0.124716
0.22882
0.0623704
0.296243
2.42803e-12
0.0547546
0.377286
0.296247
0.0596208
0.37745
0.178928
0.120395
2.42996e-12
0.370049
0.383411
0.852788
0.292063
0.122583
0.316787
0.852787
0.312637
0.370042
2.7871e-12
0.229528
0.370062
0.300608
0.370057
0.370056
0.508421
0.43195
0.25347
0.496152
0.483696
0.15812
0.27887
0.554756
0.474658
0.323836
0.323844
0.377441
0.17605
0.852789
0.852771
0.370048
0.312641
0.109664
0.669616
0.087136
0.235496
0.184214
0.669617
0.708152
2.42775e-12
0.0851807
0.397405
0.774798
0.8707
0.279728
0.370049
0.646299
0.167441
0.438023
0.300462
0.29206
0.205072
0.253458
0.315458
0.447634
4.07337e-12
0.0837068
0.196433
0.447634
0.124716
0.1204
0.254783
0.535477
0.708169
0.285063
0.15604
8.47025e-12
0.370037
0.370036
0.253475
0.370042
0.40607
0.323478
0.114463
0.191512
0.246514
0.285081
0.109666
0.19727
0.825678
0.000424263
0.483231
0.48323
0.280587
0.112561
0.00974715
0.253467
0.264531
0.447635
1.08912e-12
0.101629
8.49247e-09
0.477372
1.5392e-11
0.608719
0.0103443
0.00022315
4.07153e-09
0.415622
0.12547
2.83056e-09
0.279712
0.370042
0.0768608
2.48305e-10
8.59586e-13
0.182406
0.566198
0.285075
0.285052
0.464923
0.464923
0.370049
0.421217
3.00732e-08
0.891166
0.828897
0.646682
0.215708
0.28059
0.0486104
0.291688
0.337813
0.79253
0.370055
0.433606
0.175443
0.596689
0.321352
0.109662
0.279713
0.438011
0.125547
0.8528
0.312638
0.405644
0.704841
0.465973
0.109663
0.496552
0.0396053
0.125473
0.312661
0.370054
0.370054
0.815248
0.370043
2.02142e-12
2.42755e-12
0.410439
0.181299
0.0114892
0.43802
3.10033e-08
2.96763e-06
0.00137449
0.392183
0.858496
0.228143
0.441431
0.417231
0.946208
0.312645
0.969514
0.905019
0.297612
0.37244
0.421461
0.455416
0.623121
0.400163
0.13548
0.085132
0.572311
0.124717
0.49616
0.156043
0.204831
0.695272
0.370034
0.316782
0.197269
0.447634
0.413143
0.337804
0.370047
0.0490387
0.49617
0.370055
0.0350505
0.438023
0.376845
0.410448
0.316789
0.370044
0.6097
0.891302
0.22614
0.0897131
0.0206748
0.131769
0.211877
0.221793
0.435995
0.231215
3.53763e-10
1.14095e-05
0.370052
0.542537
0.1518
0.204297
0.145927
0.0410577
0.122029
0.0669541
0.0373079
0.0618701
0.0832025
0.778153
0.274873
0.0830042
0.147194
0.406077
1.66096e-07
0.496162
0.496156
0.136708
0.00322623
0.429202
0.621076
0.0153729
0.984143
0.0804433
0.140571
0.312642
0.29657
0.0601477
0.125468
0.563609
0.280594
2.43184e-12
0.0683461
0.283879
0.411338
1.22124e-12
0.0977063
0.167916
0.477357
5.26365e-12
0.109666
0.43802
0.370054
0.00498674
0.37005
0.10028
0.370049
0.0454114
0.0196092
0.0103433
0.0140562
0.12648
0.204832
0.0364591
3.99984e-05
0.765073
0.52013
0.323493
0.525222
0.182994
0.0728609
0.354835
0.076068
0.370058
0.370044
0.370043
0.370037
0.542508
0.464917
0.134182
0.370034
0.59124
0.126482
0.833467
0.134417
0.421667
0.55295
2.41166e-05
0.876402
0.370049
0.370044
0.815249
0.557972
0.931796
0.534063
0.534037
4.46886e-05
0.105004
0.283881
0.126484
0.05507
0.455438
0.417215
0.109664
0.568401
0.145232
0.370042
0.540942
0.179686
0.156041
0.300595
0.270646
0.370043
0.370043
0.370047
0.679701
0.329033
0.566198
2.99613e-11
0.753811
0.370048
0.753811
2.43422e-12
0.338971
0.00133716
0.308599
0.253475
0.962115
0.231888
0.13276
0.370051
0.370051
0.274885
3.31659e-05
0.264132
0.417246
0.32765
0.32765
0.327639
0.0779579
0.261463
1.76594e-09
0.126487
0.28059
0.000340718
0.177892
0.327635
0.296248
0.296252
0.753829
0.00440058
0.0258255
0.109664
0.125934
0.0244925
0.542522
0.128556
0.438008
0.0525938
0.0595322
0.776209
0.396202
0.370049
0.370049
0.338982
0.274886
0.566184
2.43197e-12
0.370049
2.43197e-12
0.0286341
0.370042
0.370035
0.370036
0.0321799
3.0552e-08
0.405645
0.109664
0.181546
9.53752e-06
0.0113349
0.149489
0.149481
0.01464
0.664825
0.913027
0.753804
0.370044
0.619054
0.0445132
0.0161773
0.716174
0.049198
0.438016
0.524735
0.275709
0.524747
0.120404
0.370055
0.000698411
0.370054
0.0302207
0.101151
0.0303157
0.204827
0.370036
0.201615
0.370043
0.065781
0.207899
0.0384287
0.294314
0.729436
0.894473
0.000102534
0.0960937
0.370048
0.60576
0.520108
0.455431
0.455421
0.922336
0.520105
0.00479845
1.54614e-10
0.477354
0.477363
0.258345
0.258348
0.749236
0.0451496
0.864264
0.820048
0.71568
0.25346
0.770901
0.857058
0.447628
0.509068
0.447634
0.168215
0.163122
0.932486
0.026742
0.0252639
0.253474
0.0941741
0.701517
0.911404
0.258342
0.258344
0.782487
0.794498
0.158584
0.0978107
0.208287
0.00145324
0.0181166
0.00142941
0.967358
0.657617
0.244023
0.244013
0.221796
0.0175514
8.34559e-07
1.27278e-09
0.370043
0.00287855
0.00201832
0.000209604
0.370044
0.178979
0.191081
0.230008
2.3217e-05
0.140274
0.377295
0.37005
0.0879924
0.108823
0.167921
0.291687
0.484676
0.156038
0.225304
5.27815e-10
0.147512
0.160384
0.234991
0.139256
0.308868
0.253472
0.49632
0.496304
0.496309
0.496309
0.962217
0.370042
0.0478136
0.281612
0.767635
2.15294e-06
1.35424e-06
0.134902
0.0469115
0.238437
0.464919
0.464927
0.18532
7.44196e-05
0.144828
0.000277387
2.80959e-05
0.0153325
9.92643e-05
0.464909
0.0447696
0.0123019
0.374538
0.803775
0.327632
0.80378
0.074404
0.370062
2.9456e-05
3.60616e-05
0.241051
2.45074e-06
0.105654
0.180944
0.827879
0.0053999
0.000105604
0.0594802
0.258341
0.0213021
4.64201e-11
0.753806
1.06504e-05
0.00170811
0.580042
0.0596722
0.454723
0.00164049
0.00404259
0.000787503
0.0017417
0.000557052
0.902375
0.127079
0.42146
0.0114306
0.0557695
3.8898e-05
0.258231
0.226316
0.0657513
0.0200159
0.0989243
0.204898
0.0440607
0.0470144
0.0850152
0.648243
0.364438
0.364432
0.277937
0.520566
0.79533
0.480171
0.417372
0.115644
0.310158
0.295122
0.40565
0.440813
0.300791
0.307546
0.0526636
0.143465
0.241797
0.00636952
0.438015
0.438015
0.477354
0.00958463
0.048782
4.63206e-08
2.0435e-10
3.52888e-10
0.156785
0.172498
0.203268
4.54439e-07
3.30848e-06
0.000504582
0.028834
0.00128473
0.0139899
0.127847
0.0353227
0.732228
0.126483
0.370054
0.32195
0.762402
0.53179
0.413284
0.413284
0.370044
0.137807
0.0888092
0.264363
0.391282
0.391282
0.496511
0.106358
0.496516
0.496517
0.383426
0.383425
0.0428844
0.156042
0.156042
0.40477
0.404761
0.0571795
0.370035
0.535456
0.351446
0.2178
0.253465
0.253465
4.34516e-10
6.79694e-11
8.15762e-08
9.05589e-06
0.00141744
0.933081
0.611692
0.378632
0.0816771
0.337802
0.25834
1.60194e-06
5.42289e-06
0.845399
1.92875e-06
0.416747
0.42147
4.50662e-11
0.103118
3.88791e-11
0.370055
0.28669
7.22256e-07
0.126489
9.01756e-07
0.125471
0.00039265
0.167436
0.000392707
0.370043
0.109664
0.000249223
0.435982
0.000249257
0.000249282
0.370056
0.000392729
0.000757898
0.593682
0.182407
0.351871
0.000757792
0.300462
0.119674
0.370041
0.783909
0.126483
0.534037
0.0406783
0.477363
0.000392808
0.000757992
0.351905
0.33781
0.109664
0.000757886
0.00275454
0.167916
0.97619
0.12648
0.000305321
0.669612
0.126483
0.300463
0.415629
0.370048
0.345458
0.0016849
0.572314
0.370049
0.279721
0.0392882
0.000622565
0.00168448
0.126483
0.839498
0.285071
0.220873
0.109504
0.126482
0.44764
0.178864
0.253476
0.167448
0.354829
0.00252927
0.00192466
0.496168
0.316167
0.316168
0.109661
0.316168
0.316153
0.00451686
0.000622519
0.370044
0.41563
0.316181
0.458953
0.939507
0.316195
0.435311
0.542531
0.370049
0.496156
0.540948
0.0689355
0.0655163
0.292075
0.3084
0.370042
0.370042
0.402591
0.178934
0.126486
0.461777
0.292058
0.307549
0.377443
0.0709272
0.370042
0.566169
0.00075553
0.370035
0.370041
0.902423
0.370042
0.471753
0.370047
0.314949
8.10504e-07
0.282877
0.275941
0.0369237
0.00285676
0.370049
0.455433
0.177692
0.00219705
0.12648
0.419611
0.35482
0.000112526
0.0633341
0.32195
2.44658e-12
0.258374
0.253504
0.00919134
0.235304
0.37006
0.926269
0.533861
0.109663
0.253465
0.00013099
0.253476
0.294311
0.531935
0.646679
0.595248
0.00420314
0.683473
0.040068
0.468163
0.00250184
1.81386e-09
0.455421
0.454166
0.64668
0.308598
0.419601
0.282864
0.4963
0.00584708
0.308605
0.163698
0.48324
0.337819
0.00533264
0.455397
0.00228972
0.370048
0.218298
0.253466
3.98066e-12
0.292057
0.00533067
0.461024
0.177687
3.97896e-12
0.424986
0.253462
0.00642295
0.00321783
0.533876
0.00544892
2.43031e-12
0.886233
0.000934035
0.53386
0.167442
0.612031
0.000872258
0.0352089
0.0899856
0.00259999
0.00259999
0.25347
0.611671
0.300605
0.881593
0.370053
0.000872661
0.447647
0.218299
0.717317
0.886228
0.370037
0.886237
0.27489
0.354821
0.126484
0.977954
0.886242
3.97686e-12
0.00181688
0.000872715
3.38452e-09
0.886233
1.12702e-09
0.280593
0.717317
1.44421e-09
0.370037
0.717313
0.106538
0.00181635
0.00126158
0.132537
3.9782e-12
0.109665
2.42871e-12
0.109664
0.405634
0.285065
3.39317e-09
3.39317e-09
3.98456e-12
0.12547
0.234066
0.280998
0.886218
0.447633
0.000636416
0.300462
0.000636494
0.417372
2.25209e-09
0.613374
3.96605e-12
0.886233
0.281006
0.000636542
0.886224
0.252113
0.995612
0.717313
0.370042
0.59266
0.323479
0.370043
2.25679e-09
0.370053
0.717315
0.370061
0.00137052
0.803686
1.10487e-09
0.327658
1.12769e-09
1.10248e-09
0.234068
0.875968
0.253476
0.109664
0.281002
0.54252
0.71731
0.717311
0.167439
0.300603
0.0539909
0.16744
0.307549
6.88179e-05
6.88124e-05
0.377441
0.0264972
0.917678
0.37744
0.35482
3.45377e-05
0.0196084
0.712229
0.839495
0.0524794
0.531951
0.844919
0.408719
0.272415
0.167439
2.42829e-12
0.864268
5.22781e-05
5.2282e-05
0.312652
0.38341
4.50909e-10
0.370043
0.281006
0.7748
0.163988
0.435316
0.483235
0.483237
0.496162
0.370049
1.40796e-12
0.126484
0.000398954
1.40352e-12
1.41059e-12
0.477354
0.197261
1.40434e-12
0.370051
0.370051
0.370058
0.294321
0.370053
0.253476
3.98543e-07
0.296248
4.17774e-09
0.566172
0.717321
1.40495e-12
1.49506e-10
0.338217
0.253468
0.370044
2.43545e-12
1.40414e-12
1.40236e-12
0.417245
1.39927e-12
0.280593
0.281006
0.908787
0.471758
0.839507
0.126483
2.43808e-10
2.43878e-12
0.613389
0.454161
2.42761e-12
2.42759e-12
0.229708
0.71731
0.370056
0.294318
2.43177e-12
2.43177e-12
0.477365
0.413279
0.182404
0.214708
4.73899e-10
0.370041
0.370042
2.428e-12
0.689809
0.370047
0.22385
0.184218
0.0894966
0.0230366
0.0237047
0.00102025
0.0254843
0.159813
0.370044
0.370037
4.63589e-12
4.65794e-12
0.370042
0.0579777
0.447633
0.241489
0.518123
0.241164
0.0175944
0.370057
0.0135117
0.41205
0.144367
0.133854
0.152734
0.839506
2.42723e-12
0.717326
0.370043
0.32589
0.620712
0.321365
0.2183
0.688913
0.000203854
0.167435
0.717311
0.0144777
0.717311
2.4338e-12
2.43249e-12
2.44287e-10
0.000429518
0.839513
0.717316
0.281002
0.977958
0.72725
0.599315
0.71731
0.370056
0.370049
0.477364
0.370048
2.43091e-12
0.109663
0.370041
0.370035
0.0970621
1.65343e-10
2.42816e-12
0.000621978
2.42816e-12
0.000429662
0.531939
0.0326365
0.572331
0.297621
0.334146
0.839498
0.778152
0.354824
2.43275e-12
0.370037
0.167435
2.43857e-12
6.82396e-07
0.370042
0.413525
0.167441
2.43221e-12
0.717312
0.253483
2.4249e-12
2.43556e-12
0.839504
0.839504
0.417232
0.391284
0.000468688
1.03331e-07
0.881606
0.413281
0.00863972
0.00589534
0.12547
0.0115154
0.669893
0.949484
0.286663
0.00116172
0.254452
0.370049
0.286676
0.00376199
0.792364
0.236924
0.438016
0.286669
0.200073
0.12507
0.253466
0.376468
0.291695
0.292081
0.532644
0.744254
0.30861
0.423533
0.253467
0.88729
0.201575
0.566159
0.20843
0.313844
0.145991
0.0667448
0.542392
0.60381
0.61205
0.258239
0.253458
0.977463
0.483217
0.281006
0.281003
0.112629
0.240606
0.370036
2.88639e-05
0.442186
0.167438
0.253464
0.613368
0.334152
0.238444
2.44145e-12
0.184222
0.15604
0.218299
0.258356
0.612042
0.717316
9.22044e-12
0.8395
0.534068
0.206153
9.72924e-06
0.767657
0.24651
0.646065
0.370054
0.839497
0.258331
0.370048
0.0728546
0.197669
0.688932
0.688931
0.000248185
0.197257
0.839513
0.370042
0.253785
0.253464
0.370049
0.774296
0.967427
0.16891
0.291692
6.15281e-12
0.448016
0.370048
0.167439
0.260467
0.356874
0.897829
0.407066
0.717316
0.897832
0.415623
0.612037
0.246511
0.156045
0.172498
0.415629
0.312642
0.717311
0.370049
0.370044
0.646681
0.0727526
0.413271
2.76251e-12
0.408719
0.370042
0.436097
2.02938e-09
0.455428
0.0129707
0.193121
0.283879
2.43557e-12
0.41584
0.19727
0.272421
0.000363042
0.566165
0.182403
0.370043
0.839501
0.227846
0.599304
0.370049
0.370049
3.62479e-11
0.337818
0.126481
0.717311
0.417373
0.43194
0.49653
0.461825
0.477349
0.370035
5.32129e-12
0.370042
0.24103
0.12547
0.417231
0.370049
0.370056
0.410458
0.167436
0.646692
0.410449
0.410449
0.296242
0.321934
0.000253416
0.0743112
0.447636
0.402583
0.613388
0.496154
0.253461
0.881565
0.229307
0.33898
0.881546
0.109664
0.599312
0.26799
0.327642
0.438027
0.572302
2.42666e-12
2.43862e-12
0.524716
0.708152
0.4963
0.403269
0.547851
0.410467
0.104904
0.354835
2.44655e-12
0.40609
0.267974
0.00538028
0.0558106
0.243999
0.599287
0.752512
0.675655
0.253466
0.286671
0.71731
0.496163
2.65605e-11
0.253474
0.167435
0.370049
0.118037
5.39968e-05
0.0718905
0.291688
0.282861
2.4262e-12
0.167443
0.881576
0.167438
0.0019776
0.496164
2.42927e-12
0.785097
0.167444
0.455397
0.576261
0.455423
0.370049
0.044299
0.595231
0.280586
0.193091
2.43887e-12
0.520104
0.717316
2.42821e-12
2.42445e-12
0.354822
0.167439
2.43147e-12
0.839484
0.0992812
0.104892
0.839498
0.388094
2.43275e-12
2.43367e-12
0.167435
0.112421
0.598289
0.167438
0.839499
5.65559e-12
5.65885e-12
0.572335
0.169969
0.319584
0.267985
0.167445
0.167445
0.267781
0.167441
2.43368e-12
0.312632
0.370043
0.415624
0.253467
2.42973e-12
0.184217
0.106531
0.717306
0.167443
0.216716
0.370049
0.333272
2.42993e-12
2.43381e-12
0.25347
0.483224
0.12648
0.11373
0.717315
2.42759e-12
0.0405522
0.370049
0.370049
2.42874e-12
2.4334e-12
0.417784
0.000110468
0.182406
0.370049
0.167441
0.370042
0.26798
0.950632
0.370042
0.370043
0.447633
2.42811e-12
2.65593e-11
0.557966
0.854732
0.66188
0.75254
2.66032e-11
0.16744
0.125471
0.253472
0.267982
0.752511
0.16663
0.139675
2.42789e-12
0.40872
0.370042
0.281008
0.865191
2.43556e-12
0.187163
0.612055
0.280596
0.717319
2.43998e-12
2.43334e-12
0.533861
0.776142
0.646663
0.167444
0.0392863
4.97144e-12
0.253466
0.300597
0.438016
0.167439
0.167443
0.496498
0.338975
0.338975
0.370048
0.542522
0.370044
0.109661
1.47264e-10
0.612793
0.167438
0.17893
0.227844
0.294315
0.296248
0.566198
0.395676
0.370046
0.402587
0.377287
0.669614
0.370039
0.321932
0.402571
0.447627
0.370042
0.370043
0.294311
0.370043
2.32986e-11
0.267995
0.496312
0.447646
0.223852
1.40573e-12
0.370049
0.483237
0.370044
0.125472
0.477349
0.708136
0.370042
0.167438
0.167438
0.319575
2.43059e-12
0.258349
2.43158e-12
0.738667
0.752539
0.38342
0.365543
0.0442287
0.312644
0.316788
0.370038
0.455414
0.370044
2.43122e-12
0.0405528
0.25347
0.354825
0.461833
0.717306
0.167443
0.37005
0.53405
0.321911
0.370049
0.572313
0.285066
0.274876
0.370036
0.524718
0.370042
0.370042
0.274873
3.3148e-09
4.52614e-08
2.51221e-08
0.115824
0.251498
0.406026
0.370049
0.0099864
0.0724819
0.308602
0.0851477
0.0123922
0.180601
2.77393e-12
0.674909
0.1931
0.717309
0.566184
0.752541
0.761924
2.85196e-05
0.370049
0.124717
0.753811
4.98184e-12
0.410441
2.43376e-12
2.42663e-12
0.447636
0.167438
0.167438
0.167438
4.98871e-12
2.4393e-12
0.939519
2.44455e-12
0.377451
0.965051
0.839513
0.408612
0.767215
0.185677
0.71732
0.312629
0.239795
0.45542
0.520105
0.0663984
2.85215e-10
0.229708
1.83815e-12
0.370055
0.964976
7.30604e-09
0.31958
7.39241e-12
0.00058923
0.404762
0.167439
0.3157
0.496536
0.534037
0.370042
0.272417
0.524727
0.370049
0.71731
0.258352
0.272408
0.272418
0.14912
0.370048
0.272418
0.109663
2.19268e-11
4.967e-12
0.312652
0.15604
0.72143
0.208288
0.175097
0.772148
0.370054
0.531953
0.454162
0.323482
0.370049
0.764115
0.370044
0.370044
0.133666
0.27971
0.993032
0.993039
0.413279
0.370042
0.993053
0.542536
0.993063
0.99306
0.370053
0.370052
0.226823
0.993052
0.370043
0.993038
0.370037
0.285053
0.261254
0.406072
0.370044
0.646681
0.261254
0.337813
0.0327851
0.839497
0.323485
0.370049
0.283882
0.39861
1.30095e-05
0.116784
9.58655e-07
0.253457
0.636133
0.370042
0.0390581
0.54311
0.167439
0.788607
3.59253e-05
0.383425
2.42086e-12
0.370049
0.337811
0.59525
2.43167e-12
0.572307
0.767639
6.43651e-05
0.00408592
0.307546
7.651e-12
0.234735
0.450091
2.426e-12
0.032583
0.429193
0.428395
2.79434e-11
0.285062
0.0371841
0.000261577
0.759413
0.354817
0.370036
0.25835
0.542519
0.370043
0.0371803
0.336868
0.370053
1.33877e-07
0.370061
0.739661
2.44006e-12
0.708187
1.1584e-07
0.45543
0.695553
0.370037
0.402577
0.0413581
1.15622e-07
2.42879e-12
8.03096e-08
2.42463e-12
0.506256
0.217025
0.32195
0.0372157
0.595248
0.595248
0.186925
0.0249573
0.241037
0.406012
0.133665
0.253475
0.447633
0.370042
1.25289e-09
5.13868e-05
0.0371845
0.281011
8.03697e-08
2.41854e-12
0.477363
0.0247075
0.0371837
8.53325e-05
0.370041
0.599284
8.5313e-05
0.0371779
8.03006e-08
0.253465
8.03005e-08
0.0371843
0.406026
0.31264
0.370055
3.87028e-05
0.408723
0.455421
7.91577e-10
0.464083
5.42913e-09
0.211028
0.227841
0.370042
0.177686
0.370042
0.568389
0.370051
0.483243
0.447651
0.56842
0.370053
0.174466
0.354829
0.370052
0.242914
0.258279
0.370037
0.370037
0.104937
3.88973e-05
5.52409e-05
8.5095e-05
0.0011111
0.0300303
0.0179302
0.174044
0.566182
0.402591
0.181862
0.455421
0.00230823
0.159812
0.00616397
2.42636e-12
0.646076
0.416747
2.4277e-12
0.00354521
0.241084
0.16538
0.370419
2.43328e-12
0.669258
0.370049
0.000211025
5.49519e-08
0.00031226
0.622736
0.0833154
0.354816
0.00354509
0.296243
0.5993
0.370043
0.49616
0.281005
0.291694
0.566197
0.261256
0.30861
0.454166
0.408722
0.323477
0.323476
0.370037
0.669596
2.43861e-12
0.380616
0.253464
2.4277e-12
2.45084e-12
0.00161998
0.000791775
0.294327
0.699008
9.24462e-08
2.45716e-12
0.370065
0.370044
0.431934
0.669602
2.42739e-12
0.370042
0.253466
0.370043
2.42877e-12
0.24651
2.42599e-12
2.42404e-12
0.109665
0.37005
0.00342322
2.42998e-12
0.370048
0.000312282
0.377441
3.73395e-05
0.532011
0.00228981
2.42774e-12
0.13162
0.253464
2.4278e-12
0.611666
0.182409
0.404781
0.660572
2.43088e-12
0.70817
2.43088e-12
2.43082e-12
2.42928e-12
0.0362501
0.00740514
0.300476
0.669237
0.321937
0.566173
0.000167978
0.000167983
1.54396e-06
9.72705e-07
1.2975e-06
9.72391e-07
2.96791e-11
2.43028e-12
0.417367
9.72324e-07
0.612031
1.29734e-06
0.00525876
2.42787e-12
0.0373953
0.000210964
0.167441
0.000131474
0.370058
0.253483
0.227847
0.612055
0.000211053
0.612055
0.279714
2.43149e-12
0.595227
0.496292
0.370043
0.359619
0.319576
0.750336
0.294315
0.0710619
1.00024e-07
0.323491
0.455396
0.197264
1.40559e-12
1.40559e-12
0.000141822
0.572312
0.00910176
4.66382e-09
0.321749
0.244004
0.14477
0.323478
0.370049
0.370049
0.338982
0.370056
0.417218
0.990548
0.308611
0.370049
0.708153
0.611655
0.417219
0.417211
0.125474
0.612034
0.557969
3.92179e-08
0.125469
0.287629
1.72733e-11
0.377295
1.02189e-11
0.370049
0.283882
0.275938
0.00740602
0.000141831
0.431927
1.02435e-11
0.133124
0.280589
5.28321e-08
0.253464
1.72436e-11
1.72541e-11
0.307559
0.484611
0.286805
0.261266
0.750339
0.534082
0.308603
0.167441
0.294307
0.000659027
0.43804
0.438019
0.391284
0.294311
0.738657
0.0118977
0.739665
0.612056
0.0326418
0.253468
2.43e-12
0.0570261
0.496305
0.3006
0.542511
2.4261e-12
0.00015689
2.42761e-12
0.496154
0.253464
0.370049
0.370049
0.739662
0.29641
0.455388
0.181003
0.572314
0.930554
3.94122e-07
0.613389
4.35085e-08
0.124923
0.370042
0.524717
0.161222
0.542519
0.464919
0.242912
0.316799
0.155078
0.680133
2.4975e-06
6.59725e-07
0.496307
0.227852
0.53386
6.59572e-07
0.253458
0.292075
0.253464
0.698654
0.646069
0.25347
0.162896
0.162903
0.41726
0.946508
0.370052
0.370052
0.167445
2.43275e-12
0.370043
0.280997
0.274869
0.10966
2.43018e-12
2.62537e-06
2.43018e-12
4.40869e-08
0.253465
0.61205
0.595264
0.274862
2.62585e-06
0.00324593
0.159817
0.370044
0.431935
2.43347e-12
2.42627e-12
0.66667
0.35482
0.286781
2.42764e-12
2.4276e-12
0.454166
0.370056
0.370056
0.377442
6.92744e-10
0.182406
0.566186
0.572308
2.42981e-12
0.370035
0.370036
2.43875e-12
0.124717
0.540944
0.370043
0.370047
0.286794
0.669631
0.184947
0.542529
0.370049
0.370049
2.42993e-12
2.43409e-12
2.4328e-12
0.646748
2.42658e-12
0.455442
0.258274
2.34076e-06
0.253464
2.43753e-12
0.61206
0.612074
2.44451e-12
0.520128
0.391298
7.44137e-07
1.09138e-07
2.43311e-12
6.37133e-08
6.37198e-08
0.294307
2.43949e-12
2.42864e-12
0.370043
0.370043
7.43074e-07
0.612037
0.225868
9.86697e-07
0.455396
0.455421
0.286794
1.76163e-08
0.370044
0.370044
0.370037
0.253457
0.216994
0.666729
0.359713
0.216979
0.899101
0.521376
0.159374
0.404781
0.065347
0.354826
4.79152e-10
0.156042
0.568389
0.383408
2.50598e-11
0.383403
0.216995
0.789254
0.21698
0.134119
1.76007e-08
1.51516e-06
0.216979
1.51599e-06
0.669618
0.370049
0.370049
0.595248
0.312647
8.2178e-08
0.417226
0.417211
0.483232
0.238492
0.611654
0.370042
0.370051
0.41676
0.37042
0.044539
0.308615
0.129205
0.0112118
0.454173
0.307545
0.48323
0.540937
0.296238
0.184229
0.286673
0.312641
0.7538
0.753808
0.0292297
0.0697135
0.241038
0.292055
0.406025
0.22823
0.70817
0.370044
0.370044
0.752418
0.292052
0.370041
0.00822547
0.370042
0.370042
0.281006
0.00178632
0.216986
0.370056
0.455401
0.177689
0.216985
0.277983
7.08974e-09
0.0327208
0.370035
0.216973
3.83051e-06
0.21698
0.572309
0.21087
7.20659e-25
1.51922e-06
0.68423
0.308617
0.253458
0.37874
0.370049
0.684237
4.32415e-06
0.753803
2.59745e-06
0.370036
2.59851e-06
2.59705e-06
0.684241
4.40767e-08
1.95323e-08
5.74991e-08
0.932024
0.0295074
0.406033
3.21834e-07
0.0741518
0.568414
0.406074
0.370043
0.61338
0.253459
3.12222e-09
0.370043
2.1676e-07
0.370043
0.87811
2.16758e-07
0.612049
2.16905e-07
0.253457
2.42994e-12
0.253467
0.216982
9.08771e-08
0.283884
0.370037
0.447627
6.18886e-08
0.00179966
0.109664
0.174001
1.19582e-07
2.8477e-06
2.42896e-12
0.145213
0.327625
0.138458
3.99235e-08
0.431938
4.53742e-12
0.189381
0.00941943
0.611641
0.611659
0.611655
0.370043
0.147741
0.000176783
0.383416
0.208317
0.233914
0.568397
0.410448
4.53838e-12
2.43005e-12
0.177692
0.746303
0.123252
0.228821
0.156306
0.370042
0.540943
0.253464
0.0737249
0.204841
0.0541113
0.778208
0.370053
0.105281
0.286683
0.542537
0.323476
0.613377
0.478787
0.570643
0.566178
0.438022
0.455423
1.30718e-08
0.164872
0.447635
0.876396
0.370056
2.16659e-07
0.896622
0.612045
0.612046
0.753804
0.218295
0.370037
0.125467
0.370042
0.454161
0.370042
0.253464
0.878545
0.370049
0.55799
0.164645
0.417373
0.218298
0.107439
0.218298
0.370042
0.218295
0.612025
0.41721
0.113015
0.417225
0.312638
0.177686
0.646685
0.531938
0.438021
0.253474
0.37005
0.370049
0.417372
0.370049
0.370045
0.296243
4.96629e-07
0.684242
0.370042
0.174001
0.314951
0.566172
0.410458
6.19477e-08
0.258369
0.337822
0.417385
0.253491
0.58556
0.300495
0.64668
0.708153
0.253465
0.612025
0.52472
0.216981
0.253466
2.42864e-12
0.370048
2.42594e-12
0.370054
0.612056
0.41045
1.40709e-10
6.18256e-08
0.312642
0.253471
0.417367
0.61203
0.612023
0.216994
0.878534
2.42769e-12
2.42769e-12
2.42769e-12
0.28059
2.42875e-12
2.43253e-12
2.41978e-12
2.43085e-12
2.43085e-12
4.53982e-12
2.43081e-12
2.42929e-12
2.43025e-12
0.612024
0.455443
0.520105
2.42827e-12
0.612035
0.370047
2.426e-12
0.370054
0.370055
2.41966e-12
0.684237
0.560946
0.767667
0.612044
0.455432
0.415616
0.370036
0.241041
0.253464
0.370042
0.294311
0.417239
0.370051
0.535491
0.294321
0.76767
0.280595
0.167445
0.177693
0.300467
0.000111732
0.0245704
0.95349
0.92804
0.928023
0.291707
2.76886e-07
0.61204
0.612039
0.253466
0.307556
0.49616
0.120395
0.370049
0.0734589
2.29496e-12
0.109662
0.543117
0.370036
2.43858e-12
0.613389
2.4276e-12
2.4276e-12
0.612042
0.327639
0.0229121
0.000108727
0.41563
0.59525
0.672821
0.978157
0.370042
0.684243
0.612025
0.259334
0.370041
0.370043
0.079939
0.21698
0.370047
0.370047
0.370054
0.612056
0.200331
0.0539305
0.612045
0.417232
0.995364
0.612045
0.684248
0.612024
0.612042
2.42785e-12
0.291685
0.370042
0.612054
0.370053
0.684238
0.370061
2.42911e-12
0.370054
0.612062
0.18423
0.447639
0.354824
0.286669
0.241026
0.612044
0.300597
1.04494e-12
0.370043
0.259351
0.370048
0.229711
0.684236
0.280594
0.162502
0.684237
0.22403
0.646682
0.300467
2.43333e-12
2.42612e-12
0.612042
2.42759e-12
0.612034
0.370042
0.21698
0.120395
0.684233
0.370053
0.0395268
2.42731e-12
2.42731e-12
0.370046
0.370039
0.370039
0.43192
0.684242
0.204832
0.483231
0.370043
0.253465
0.646686
0.370048
0.417231
0.253474
0.477363
0.253468
0.253468
0.253468
0.253471
0.25347
4.51702e-08
0.370036
0.370042
0.534037
0.149886
0.435861
0.354826
0.931942
0.415842
0.354833
0.931518
0.415839
0.354829
0.415839
0.354823
0.415824
0.000976794
0.0203398
0.119196
0.415824
0.61204
0.28059
0.370049
0.370049
0.238684
0.318577
0.585489
0.318573
0.253468
0.406077
0.253471
8.98364e-08
0.658393
0.416738
1.50747e-05
3.09102e-12
0.6185
0.300596
0.90197
0.242917
0.319587
0.323492
0.175933
0.111487
0.370049
0.167921
0.318577
0.253466
0.21087
0.182239
0.261252
0.611654
0.253464
0.21698
0.370047
2.42567e-12
0.542538
0.524737
0.41045
0.283882
0.321943
0.455421
0.204835
0.31858
0.477349
0.496142
0.496155
0.17893
0.666662
0.684241
0.370055
2.43929e-12
0.370062
0.415098
2.43217e-12
0.160302
0.217006
0.214612
0.370043
0.0240263
0.45542
2.42714e-12
0.253476
0.370407
0.370043
0.259347
9.91344e-12
0.370048
0.300463
0.557993
0.109668
0.296247
0.216982
0.987422
0.321936
1.92161e-10
0.370037
0.402576
0.253475
2.27693e-05
2.4518e-05
1.10306e-11
0.939939
0.370049
0.761928
0.708187
1.09986e-11
1.10437e-11
0.612045
0.761928
0.216982
1.10365e-11
0.172494
0.316782
0.300475
0.3328
0.231759
0.16747
0.0375655
0.334629
1.10194e-11
0.612056
0.37005
1.24226e-07
0.216983
0.572318
0.837619
0.939955
9.17921e-08
0.823456
0.257689
0.300462
0.236931
0.370042
0.167921
0.939947
0.300477
0.281011
0.370053
0.939955
1.1063e-11
0.285072
0.253469
0.109663
0.939955
0.229703
0.258352
0.524719
0.253467
0.0741454
0.463696
2.16743e-07
0.308617
0.939946
0.000922674
0.939943
0.438023
0.568401
0.184224
0.172498
0.18422
0.76194
0.613365
4.21433e-10
0.152351
0.00387254
0.415631
0.275938
0.435993
0.599328
0.406077
0.370049
0.438028
0.370049
0.572309
0.370042
0.383402
0.272538
0.300595
0.327633
0.28506
4.66574e-10
0.000340331
0.455409
0.939932
3.23659e-07
0.455397
0.684237
0.370049
0.708169
0.241604
0.761921
0.684248
0.172496
0.370406
0.161222
0.684242
0.612035
0.438041
0.441165
7.31457e-10
0.417389
0.383424
0.383422
0.337813
0.212928
4.96563e-05
3.56014e-10
0.457365
0.167436
0.370042
0.319576
0.815228
0.00090497
0.684233
5.57076e-08
0.0032493
0.370056
0.370049
0.259355
7.30277e-10
0.897828
0.370044
9.86101e-07
3.56132e-10
0.184214
0.126486
0.417365
0.26125
0.167916
0.752626
0.162059
0.141053
2.88722e-07
0.00337263
9.93789e-05
0.524727
0.124717
0.524715
0.218295
0.308597
0.308599
0.868425
0.109664
0.227844
0.00273127
0.156042
0.241027
0.316799
2.44011e-07
2.436e-07
0.16744
0.612045
0.000792557
0.0385123
0.616887
2.43965e-07
0.542507
0.438036
0.708151
0.370042
0.109664
7.30356e-10
0.151703
1.6032e-11
0.000697802
0.417377
0.172498
0.684241
0.227855
4.11281e-07
0.753799
0.253466
0.15604
0.370043
0.438022
0.253467
0.319576
0.646689
0.646691
0.370054
0.109665
0.184212
0.666659
0.761929
4.11216e-07
0.370044
0.00183499
3.64582e-10
0.483218
0.253475
0.000918269
0.404764
0.391805
0.217617
0.323487
0.370056
0.363347
0.217625
0.370049
0.370049
0.406078
0.312641
4.1109e-07
0.22352
4.4318e-10
0.370041
0.559803
0.172496
0.519046
0.370047
0.406026
0.33898
0.406035
0.406025
0.370049
0.496307
0.435981
0.566176
0.327641
0.327635
0.383403
0.383407
0.928273
0.842321
0.401769
0.370059
0.370059
0.496585
0.928055
0.354838
0.8261
0.703692
0.354837
0.145635
0.496525
0.865895
0.370036
0.421465
0.370043
0.307547
0.307547
0.447635
0.307551
0.447643
0.307556
0.30755
0.253468
0.753811
0.524728
0.370044
0.224234
0.568383
0.29924
0.568393
0.370042
0.370042
0.568389
0.5684
0.568401
0.370056
0.542543
0.253458
0.54253
0.54253
0.0732632
0.149205
0.907724
0.370035
0.0224166
0.0881393
0.496301
0.00164915
1.54769e-06
6.49186e-07
0.00017002
0.162797
1.20071e-06
0.280594
0.31958
1.2004e-06
0.370048
1.96437e-06
7.08225e-05
1.51573e-09
0.327625
0.370041
0.370042
0.0851232
0.477356
0.477381
0.172849
0.172857
0.455453
0.132363
0.761916
0.611675
2.38959e-10
0.370043
0.40565
5.40783e-07
0.25346
2.15167e-07
0.370044
0.557975
3.55819e-10
0.182407
0.370048
0.447644
0.00022405
0.184212
0.761929
0.0204546
2.14924e-07
0.370044
0.612044
0.61203
0.534024
2.15105e-07
0.172276
2.14804e-07
0.15604
0.115822
1.08816e-10
1.26505e-07
0.359639
0.946515
0.25347
2.26728e-10
0.906257
0.300598
0.370042
0.000181616
2.2634e-10
0.000273239
2.26447e-10
0.612035
5.62205e-07
0.761941
0.172287
0.109667
0.517091
0.0539766
0.177687
0.520115
0.370049
0.0204537
0.000619338
0.405648
0.132912
0.197269
0.370043
0.00114074
0.12547
0.612054
2.43615e-12
0.37006
0.444736
0.612055
0.378758
0.308612
0.308612
0.000114957
0.496525
0.416739
0.307539
0.572314
0.31264
0.417367
0.534041
0.281006
0.0357073
0.666653
0.307556
0.646073
0.246508
0.00867422
4.31177e-12
0.370044
0.359618
0.779676
0.253457
0.280999
0.41044
0.109664
0.417224
0.370049
0.236938
0.370056
0.496315
0.12648
0.173581
0.370047
0.370047
0.229705
0.496509
0.370033
0.464905
8.03314e-09
0.109664
3.56937e-09
0.033604
0.370047
0.167436
0.0134791
0.415638
0.37005
0.483237
0.672315
0.566184
0.431935
0.398602
0.204828
0.455403
0.0414353
0.00204291
0.214024
0.0216379
0.242919
0.406078
0.612062
0.455453
0.167439
0.00204338
0.370052
0.76768
0.041437
0.00293893
0.00293863
0.041435
0.370043
0.236934
1.12361e-10
0.00204298
0.0412532
0.275938
0.951787
1.12412e-10
0.0414424
0.496162
0.438023
0.613379
0.00204301
0.134406
0.00204271
0.00204264
0.00204288
0.00204291
0.431932
0.00204291
2.63091e-08
0.177685
0.00204355
0.010371
0.391291
0.534054
0.708171
0.182406
0.452588
0.378325
0.730717
0.0039915
0.279712
0.0819367
0.456009
0.12547
0.125469
0.391288
0.204843
0.125474
0.294318
0.64669
0.156043
0.370049
0.159101
0.370044
2.52338e-06
0.165953
0.285072
0.398598
0.595236
0.275933
0.150965
0.10106
0.225878
0.00436683
0.0362076
0.150968
0.0278144
0.236948
0.149489
0.00436487
0.370037
0.0403048
0.0403053
0.137275
0.0403079
0.319576
0.262533
0.669621
0.0403153
0.370055
0.109668
0.415628
0.370048
0.0660582
0.684245
0.101052
0.300593
0.134181
0.0403051
0.4963
0.0403077
0.0403077
0.764473
0.447637
0.398625
0.0403145
0.753803
0.0403114
0.0278127
0.557982
0.040307
0.229705
0.0403035
0.419602
0.370041
0.496301
0.460212
0.300596
0.454162
0.534035
0.253467
0.533876
0.0403142
0.0403116
0.883875
0.410448
0.236935
0.0278101
0.0278073
0.111145
0.0278084
0.548003
0.0278099
0.337803
0.0403122
0.253471
0.370058
0.040315
0.178655
0.0960955
0.542537
0.591549
0.258059
0.44764
0.380835
0.370037
0.12039
0.41723
0.292067
0.109415
0.477362
0.477362
0.785092
0.406083
0.638359
0.370049
0.402591
0.560946
0.782893
0.477359
0.477349
0.599285
0.327645
0.466515
0.370042
0.370042
0.370049
0.370049
0.542543
0.194258
0.0809317
0.883878
0.109663
0.951796
0.0403072
0.10105
0.0901995
0.292053
0.149481
0.149492
0.833037
0.455418
0.455408
0.0326413
0.0403153
0.0240479
0.260437
0.405649
0.417232
0.189751
0.120943
0.00573504
0.370037
0.0403047
0.93962
0.0403077
0.0305059
0.0305059
0.354828
0.865891
0.150372
0.48326
0.149511
0.1495
0.0551555
0.043953
0.370044
0.86341
0.274875
0.294308
0.767666
0.0305062
0.370043
0.040308
0.447635
0.0305071
0.0305091
0.177691
0.126481
0.517345
0.280593
0.370048
0.280593
0.64668
0.415615
0.32193
0.370042
0.595236
0.15604
0.370042
0.383418
0.370049
0.66964
0.33898
0.483233
0.253466
0.557977
0.613381
0.370041
0.568386
0.370034
0.0305041
0.0305058
0.0305061
0.455418
0.520104
0.0200543
0.25834
0.296252
0.182848
0.611661
0.470245
0.973
0.614976
0.147778
0.438026
0.848001
0.370036
0.149482
4.56968e-06
0.149492
0.0403077
0.0141874
0.030508
0.391299
0.040315
0.105116
0.0305086
0.0305086
0.0305086
0.613376
0.14949
0.0305046
0.040305
0.253478
0.32348
0.0441885
0.438022
0.149505
0.370049
0.370054
0.149509
0.274862
0.149502
0.0266742
0.0305077
0.0305067
0.14949
0.040304
0.370035
0.405664
0.0278099
0.658383
0.214236
0.280591
0.28059
0.253472
0.5662
0.300454
0.149501
0.149501
0.149501
0.658389
0.455421
0.8659
0.0877927
0.323476
0.103468
0.149492
0.566173
0.383416
0.253462
0.149513
0.163395
0.0356483
0.236938
0.236938
0.3006
0.109662
0.258343
0.0809236
0.438008
0.149482
0.0305059
0.370042
0.678282
0.9654
0.933396
0.47231
0.146284
0.417385
0.421483
0.795478
0.421483
0.421466
0.285063
0.406066
0.241026
0.149482
0.149492
0.00122858
0.0309293
0.101053
0.000427158
0.190591
0.767685
0.253457
0.370049
0.153638
0.149502
0.14949
0.00040115
0.692943
0.111144
0.0133238
0.703226
0.767653
0.0589021
0.0915034
0.13728
0.253473
0.000487461
0.000487284
0.370049
0.0600025
0.236939
0.0229253
0.130217
0.156038
0.406065
0.150954
0.613387
2.71844e-09
0.253465
0.46183
0.398608
0.785093
1.97544e-12
0.225864
0.370049
2.28227e-08
0.32764
0.688592
0.524721
0.447631
0.542507
0.253475
0.308605
0.740323
0.370042
0.370051
0.669632
1.52271e-10
0.406088
2.42493e-12
4.18477e-12
0.370052
0.017918
2.22149e-10
0.540946
0.164568
0.370037
0.000482791
0.672307
0.831809
0.144138
0.342203
0.447635
0.0788377
0.00100327
0.496303
2.05084e-12
7.67651e-13
0.55798
1.77234e-09
0.658391
0.045681
1.76912e-09
1.77395e-09
0.260427
1.7698e-09
1.7698e-09
0.612042
0.701816
0.00048294
0.137287
0.300601
5.22975e-12
5.22975e-12
0.0764381
0.294312
0.56617
0.455414
0.292053
0.0764318
0.370043
0.531934
0.370043
0.00222296
0.613392
0.59204
0.701819
0.37005
0.447641
0.406025
0.000717803
0.406075
0.612045
0.0246115
3.52581e-09
0.001075
6.02531e-09
0.00107494
6.02531e-09
0.933926
0.000750215
0.000161204
0.0833009
0.415636
0.154047
1.22392e-12
0.283898
0.447639
2.57019e-11
0.0109815
0.172496
0.172492
0.477263
3.52767e-09
8.55259e-12
0.370048
0.404772
0.43802
0.337818
0.141418
0.391289
0.540954
0.314954
2.26248e-09
0.668928
0.000768508
0.167435
0.370042
0.253464
0.260427
0.540943
0.229708
0.182405
0.00400677
0.323489
0.250824
0.883926
0.410444
0.383414
0.354818
0.0012266
0.88395
0.801754
0.566175
0.455418
0.130326
0.144137
0.312634
0.11962
0.370054
0.483249
0.283871
1.90486e-11
0.3006
0.156043
0.410441
0.370044
0.177688
0.370036
2.48357e-08
0.370042
0.708152
0.370042
0.419621
0.281007
0.370058
0.853121
0.865911
0.209736
0.96222
0.370052
0.323476
0.0010268
0.00102669
0.110579
0.0788316
0.0788338
0.00102683
0.540948
0.370049
0.184218
0.370054
1.9055e-11
0.0889446
0.406078
0.668106
0.759353
0.370044
0.370044
0.435967
0.110577
0.110583
0.370042
0.753796
0.141785
0.377443
0.123764
0.291695
0.844656
0.438023
0.110591
0.110591
0.110591
0.739643
0.0168032
0.172494
0.110577
0.370041
0.5993
0.131305
0.370043
0.131311
0.070179
0.29432
0.531953
0.279726
0.16744
0.786126
0.131311
0.611661
0.265484
0.131299
0.370036
0.962244
0.438016
0.308605
0.370042
0.131317
0.131317
0.378767
0.455477
0.417382
0.131317
0.131316
0.131316
0.167441
0.496524
0.280587
0.131299
0.131303
0.260429
0.131306
0.566174
0.253462
0.131312
0.370054
0.131318
0.438003
0.144142
0.000299824
0.140501
0.197267
0.314957
0.753788
0.370035
0.350236
0.300462
0.167438
0.167438
0.167439
0.167439
0.167443
0.131318
0.131313
0.253468
9.04829e-12
0.231641
0.319351
0.370041
0.123799
0.28387
0.0347489
0.225858
0.0372132
0.815225
0.646686
0.646688
0.370054
0.370055
0.04099
0.18422
0.130513
0.913772
0.708158
0.565184
0.188207
0.91986
0.28389
0.283878
0.175557
0.370042
0.535479
0.873654
0.126487
0.586159
0.126297
0.000231559
0.275939
0.350256
2.43278e-12
0.370043
0.167439
0.167436
0.0788316
9.044e-12
0.167439
0.949064
0.131312
0.370048
0.131318
0.350266
2.41909e-12
0.658378
0.39129
0.350255
0.167442
0.350243
0.167439
0.350234
0.167443
0.0741445
0.492159
0.296243
0.350258
0.370049
0.370056
0.167445
0.167436
0.4232
0.131312
0.131312
0.350241
0.0255199
0.000114706
0.194802
0.868704
0.370043
0.112486
0.11495
0.175443
0.191679
0.350268
5.29645e-12
0.279726
0.16744
0.275825
0.16744
0.928175
0.370044
0.048584
0.0866281
0.595351
0.964922
0.615482
0.250673
0.250686
0.204843
0.42148
0.708203
0.71453
0.354831
0.370054
0.241047
0.703693
0.857063
0.370037
0.242904
0.242923
0.242914
0.454163
0.370407
0.496161
0.496163
0.496169
0.370055
0.49616
0.496162
0.496162
0.496162
0.370044
0.595236
0.078831
0.767633
0.258349
0.530041
0.370042
0.0758405
0.785097
0.196256
0.131319
0.477372
0.182411
0.383417
0.131311
0.204838
0.000128145
0.370041
0.131297
0.410431
6.07673e-08
0.447634
0.131306
0.35063
6.06272e-08
0.455409
0.447644
1.74343e-08
6.05797e-08
0.131311
4.09426e-05
5.65645e-12
0.370044
5.47982e-09
0.496295
6.06299e-08
0.370042
6.06518e-08
0.518044
0.273801
0.40603
9.05255e-12
6.07162e-08
0.184725
9.02831e-12
0.447647
9.06469e-12
4.09512e-05
0.839505
9.04979e-12
0.447631
0.126481
0.131304
2.42979e-12
0.16744
0.410442
0.0840038
0.131312
0.00076796
9.75112e-08
0.253457
0.370049
0.204839
6.15819e-08
0.455432
0.0788332
0.431926
0.520094
0.413281
9.03735e-12
6.8909e-05
0.685748
0.406076
0.488737
0.865902
0.447648
5.36684e-12
0.950636
1.05262e-11
0.455426
0.370042
0.865897
1.05216e-11
0.430546
0.455441
0.865904
0.281002
0.454162
0.370047
0.370047
0.370054
0.101529
0.37005
0.483237
0.461832
0.078835
2.43413e-12
0.415623
0.865893
0.566159
0.125474
0.0839991
0.557968
0.865905
0.454192
0.455488
0.708225
0.156035
0.000112941
0.281011
0.268881
0.253502
0.865891
0.865894
1.70082e-11
0.370036
0.238437
0.279717
9.04095e-12
0.3986
0.438014
0.98932
0.455415
0.0840086
0.37005
0.370049
0.524728
0.225865
0.120364
0.541789
0.000522583
0.213786
0.285072
0.455416
0.00705032
0.455416
0.239528
0.370049
0.431949
1.08382e-08
0.304337
0.370048
0.370049
0.172227
0.0142987
0.218295
0.370035
0.12648
0.126486
0.126483
0.126483
0.0121866
0.126482
0.518039
0.180912
0.32195
0.22971
0.126484
0.300465
0.189729
0.126485
0.458906
0.424875
0.398584
0.454166
0.126483
0.292063
0.133652
0.0381579
0.405658
0.226318
0.370059
0.370053
0.00528741
0.519706
0.0970708
0.120363
0.0915952
0.364922
0.496143
0.229703
0.253467
0.447635
0.175193
0.447636
0.329402
0.00668648
0.126487
0.175201
0.109675
0.000956837
0.329392
0.329375
0.57668
0.261635
0.00320665
0.204832
0.370042
0.329391
0.337803
0.166728
0.00454265
0.158072
0.613369
0.158084
0.166723
0.166723
0.496309
0.0135219
0.100079
0.158062
0.370036
0.246501
0.215947
0.100082
0.291685
0.224676
0.000583333
0.119063
0.370055
0.37005
0.53405
0.166725
0.402591
0.42954
0.135134
0.25834
0.189739
0.337799
0.0287259
0.455417
0.12547
0.155522
0.370053
0.0973695
0.764699
0.370055
0.638953
0.464932
0.370054
0.0233733
0.370043
0.370037
0.23931
0.319573
0.531935
0.103468
0.0318118
0.453293
0.0470499
0.273733
0.438031
0.245553
0.572318
0.5684
0.138694
0.595238
0.370044
0.126483
0.175182
0.458899
0.458905
0.395043
0.518044
0.45892
0.126484
0.458935
0.00146886
0.557945
0.906667
0.158072
0.857057
0.00459532
0.215339
0.158067
0.625719
0.32266
0.417366
0.370043
0.625733
0.496161
0.464919
0.158078
0.126487
0.518033
0.967425
0.133658
0.00296326
0.00296295
0.58535
0.370037
0.115858
0.625724
0.518044
0.557967
0.254645
0.0345575
0.370051
0.61337
0.370059
0.28101
0.518038
0.566191
0.92598
0.0979019
0.417366
0.370038
0.000692117
0.30048
0.300467
0.253468
0.370044
0.406027
0.767666
0.572325
0.496533
0.37005
0.566184
0.0312859
0.227849
0.0642172
0.11319
0.415616
0.415612
0.0511643
0.132569
0.370042
0.48323
0.00596026
0.106427
0.776141
0.370056
0.524728
0.244418
0.000215098
0.00153973
0.254644
0.126483
0.378739
0.254635
0.370041
0.417225
0.518044
0.000869113
0.00668943
0.254654
0.370054
0.254665
0.00668969
0.15807
0.253467
0.167868
0.370044
0.477359
0.477349
0.778074
0.416745
0.245986
0.162516
8.52003e-05
0.254663
0.00919256
0.273213
0.76567
0.098446
0.422202
0.0535267
0.370056
0.0788331
0.400875
0.0261075
0.12648
0.856279
0.0665025
0.370043
0.370043
0.648534
0.000341882
0.260095
0.000341958
0.361551
0.296247
0.260101
0.361528
0.560853
0.000341851
0.00148183
0.12648
0.158392
0.000341829
0.126483
0.281283
0.000528334
0.00139868
0.126486
0.212675
0.126481
0.000528337
0.00139866
0.00139866
0.0033639
0.464913
0.464904
0.000528146
0.301152
0.33897
0.611598
0.00065251
0.301186
0.000528317
0.126484
0.229711
0.37005
0.0514597
0.0788349
0.126484
0.126485
0.0788332
0.126483
0.000528147
0.338968
0.128238
0.00139842
0.126483
0.956169
0.126486
0.00065279
9.74789e-12
0.316798
0.301176
0.370052
0.000528389
0.258342
0.814306
0.078831
0.000877767
0.10966
0.126484
0.30117
0.595239
0.00139863
0.241028
0.126484
0.0614612
0.126481
0.00160859
0.291691
0.128243
0.126485
0.568394
0.159805
0.128233
0.126486
0.126482
0.316789
0.00139841
0.000528332
0.839167
0.0820745
0.354831
0.447639
0.126485
0.126485
0.126485
0.611597
0.798262
0.576326
0.129133
0.000528247
0.128237
0.301171
0.237087
0.347987
0.0788355
0.000528397
0.191853
0.000528331
0.000528336
0.000528336
0.917776
0.126485
0.000528271
0.370037
0.370036
0.618044
0.370042
0.109664
0.159937
0.0973158
0.417252
0.220193
0.731848
0.708183
0.385477
0.385477
0.385477
0.736787
0.0508872
0.843991
0.124716
0.383408
0.38341
0.126483
0.370043
0.00232921
0.00721034
0.000207269
0.0490516
0.000528327
0.000528334
0.00118603
0.370048
0.370044
0.275934
0.576324
0.00663246
0.308601
0.370043
0.417366
0.301171
0.283881
0.0788354
0.000528438
0.000528425
0.3012
0.0788348
0.30118
0.338974
0.000528224
0.576332
0.0752044
0.00118563
0.0752035
0.000528242
0.241031
0.576333
0.0752141
0.301184
0.370054
0.370055
0.00065261
0.301181
0.078835
0.301181
0.34945
0.512005
0.46996
0.112033
0.276014
0.115148
0.902144
0.416607
0.416612
0.301178
0.00149549
0.00052848
0.204842
0.126487
0.576331
0.000431136
0.417366
0.370043
0.370037
0.274869
0.00114197
0.496157
0.296244
0.483233
0.253464
0.000649734
0.370054
0.370056
0.000492888
0.724691
0.781209
0.000490669
0.438028
0.402586
0.370037
0.0788315
0.000649625
0.000524327
0.0752089
0.305935
0.377288
0.000524443
0.229712
0.000524541
0.0752171
0.0752116
0.258344
0.377444
0.33897
0.370042
0.455413
0.00051091
0.00017971
0.0831952
0.257917
0.251437
0.0752141
0.000189064
0.378757
0.753819
0.483235
0.126484
0.534049
0.370049
0.962222
0.327641
0.327635
0.391276
0.291682
0.370042
0.595236
0.0383981
0.613352
0.391299
0.49619
0.282881
0.391301
0.370058
0.540975
0.416766
0.416747
0.370043
0.431926
0.383403
0.416746
0.471754
0.31264
0.31264
0.370048
0.229708
0.391295
0.171025
0.37005
0.370412
0.0752121
0.708169
0.0895927
0.323475
0.687665
0.0895927
0.370041
0.727112
0.566172
0.264275
0.627975
0.370049
0.20446
0.75383
0.323485
0.327641
0.418743
0.0689068
0.627956
5.37335e-06
0.0689015
0.703692
0.595238
0.197394
0.28059
0.417226
0.225851
0.217331
0.0689116
0.225848
0.43194
0.724691
0.144142
0.264282
0.126485
0.454167
0.225829
0.464905
0.378746
0.0788335
0.370406
0.178931
0.370051
0.225845
0.208956
0.0768535
0.398615
0.0338761
0.785106
0.225839
0.12472
0.254868
0.370037
0.103126
0.126015
0.126022
0.0788337
0.0291393
0.354824
0.370048
0.35483
0.0340441
0.126481
0.955595
0.126026
0.156466
0.0788332
0.0714366
0.15645
0.669595
0.0291373
0.767652
0.156459
0.267447
0.156466
0.0788354
0.156473
0.134954
0.365456
0.241035
0.126025
0.560869
0.817711
0.0831993
0.917785
0.917776
0.370041
0.415623
0.231319
0.0873464
0.0873517
2.28859e-06
0.45417
0.613374
0.0873561
0.611606
0.126484
0.599312
0.370044
0.370044
0.354817
0.370036
0.370042
0.62
0.370043
0.161493
0.178939
0.496539
0.917787
0.417389
0.57634
0.0788351
0.501034
0.126489
0.839167
0.370043
0.370037
0.461814
0.370042
0.37744
0.370043
0.370043
0.415629
0.477361
0.917762
0.917776
0.28387
0.370048
0.370049
0.370049
0.098593
0.370044
0.246499
0.370035
0.612042
0.370042
0.112715
0.031653
0.0267782
0.241031
0.0563132
0.0873545
0.086084
0.0121569
0.126026
0.400609
0.917777
0.0860752
0.280585
0.0121551
0.345196
0.519523
0.370043
0.546365
0.0553904
0.199364
0.086084
0.370055
0.126481
0.378752
0.0485398
0.864268
0.743139
0.517085
0.229702
0.492395
0.595238
0.40607
0.471753
0.316789
0.370051
0.404776
0.246757
0.455453
0.122297
0.404773
0.0996892
0.370052
0.182403
0.455427
0.492412
0.241028
0.574367
0.0788338
0.0114227
0.227847
0.122292
0.370049
0.518033
0.251457
0.323485
0.576335
0.413291
0.163128
0.0239787
0.370044
0.078831
0.605777
5.32515e-05
0.327632
2.61524e-05
0.109442
0.126484
0.168133
0.354832
0.168138
0.168142
0.370049
0.144143
0.168133
0.168126
0.120769
0.120762
0.540932
0.120762
0.120769
0.128746
0.120769
0.120775
0.339693
0.181695
0.210504
0.181695
0.377291
0.248758
0.184181
0.120769
0.120769
0.120762
0.12648
0.370042
0.258339
0.347979
8.59343e-12
0.286421
0.120774
0.15161
0.120778
0.120781
0.612068
0.120774
0.197277
0.120768
0.120769
4.81762e-12
0.404753
0.361993
0.119039
0.253466
0.120769
0.253462
0.406027
0.0779546
0.120779
0.455395
0.492405
0.492405
0.370048
0.984738
0.37729
0.120762
0.241024
0.0788314
0.120769
0.0425737
0.285059
0.253466
0.447637
0.447648
0.120779
0.0425788
0.120774
0.0788348
0.0731653
0.16744
0.0788329
0.0714146
0.231058
0.144136
0.327633
0.253465
0.504875
0.122347
0.120775
0.325869
2.4316e-12
0.496303
0.120775
0.557981
0.370049
0.120768
0.308603
0.764121
0.655911
0.20894
0.0310231
0.598265
0.204833
0.246511
0.00271815
0.120781
0.986291
0.370053
0.120774
0.120774
0.275939
0.120768
0.169486
0.144131
0.316783
0.0291366
0.132199
0.126484
0.708156
0.377287
0.90662
0.806998
0.583228
0.435982
0.197264
0.104475
0.180225
0.144138
0.146721
0.146717
0.120765
0.0788314
0.370042
0.146726
0.120769
0.120775
0.0737796
0.000217121
0.120779
0.43194
0.120774
0.120774
0.370049
0.0233408
0.120769
0.120762
0.120765
0.696335
0.0100054
0.438017
0.33897
0.115822
0.0638066
0.42147
0.370055
0.370412
0.945807
0.370049
0.370049
0.172497
0.126485
0.292064
0.253458
0.370042
0.253465
0.769065
0.438016
0.417249
0.370053
0.851202
0.172497
0.56841
0.370054
0.41738
0.447651
0.258343
0.253469
0.370037
0.370036
0.417246
0.0975922
0.370043
0.370043
0.370048
0.275938
0.370054
0.370056
0.37005
0.204454
0.492405
0.406025
0.0788331
0.137055
0.55982
0.559833
0.781192
0.559832
0.492402
0.438015
0.826105
0.492403
0.492409
0.781213
0.281008
0.370048
0.231071
0.0424958
0.163144
0.126482
0.203772
0.32347
0.0425711
0.0425739
1.58549e-06
0.30617
0.0550541
0.492395
0.576344
0.126487
0.864253
0.391289
0.370049
0.406025
0.455433
0.798258
0.607403
0.40563
0.492423
0.595235
0.0788336
0.370042
0.0788355
0.0788355
0.0638089
0.126489
0.177685
0.740539
0.535484
0.120774
0.000164611
0.492412
0.0936788
0.370037
0.0788316
0.406072
0.0936848
0.370407
0.576339
0.253465
0.120782
0.137069
0.0842323
0.370049
0.576335
0.0936897
0.120769
0.0788332
0.576324
0.370036
0.370042
0.370043
0.277973
0.530049
0.370049
0.370049
0.370419
0.404782
0.862213
0.41583
0.25347
0.370049
0.49241
0.0448907
0.372961
0.044889
0.815257
0.0448914
0.406019
0.0574394
0.540949
0.542528
0.0788376
0.0448969
0.37005
0.0448946
0.576335
0.566184
0.0448908
0.370044
0.0321524
0.253458
0.415622
0.321937
0.281002
0.646677
0.241055
0.566212
0.566222
0.370067
0.64672
0.0848883
0.253497
0.415645
0.0574385
0.576329
0.0574349
0.572296
0.0847496
0.576332
0.115819
0.492405
0.57634
0.576339
0.799066
0.595263
0.758742
0.0574431
0.0449037
0.955545
0.496529
0.455431
0.370037
0.370035
0.984377
0.208941
0.314951
0.24103
0.0590247
0.0448948
0.294321
0.370056
0.524726
0.492407
0.370048
0.124717
0.57633
0.241032
0.576326
0.100271
0.00205077
0.576333
0.576333
0.576333
0.143949
0.0118763
0.0243129
0.249744
0.0925371
0.554375
0.576335
0.227184
0.737602
0.281003
0.892699
0.280998
0.836631
0.836618
0.425657
0.327633
0.962217
0.294315
0.109665
0.109664
0.28388
0.00779462
0.753824
0.370052
0.781066
0.781068
0.27971
0.477348
0.946299
0.946283
0.946283
0.967484
0.726346
0.524726
0.929054
0.253474
0.49616
0.370049
0.012453
0.702748
0.00263645
0.370044
0.576324
0.105753
0.492423
0.829066
0.143941
0.205859
0.167439
0.576337
0.182472
0.246513
0.455401
0.49241
0.504875
0.370049
0.177689
0.608227
0.0333027
0.253458
0.00482242
0.0203851
0.447633
0.280104
0.461861
0.0203871
0.815241
0.370055
0.0788371
0.283176
0.162794
0.070191
0.126485
0.0701867
0.438011
0.0560189
0.887974
0.839499
0.0788336
0.415623
0.017324
0.86113
0.137075
0.184234
0.338981
0.204844
0.455453
0.137068
0.126484
0.203718
0.950643
0.354816
0.124209
0.172496
0.253712
0.537994
0.28059
0.406329
0.370054
0.595264
0.253457
0.58692
0.574356
0.370049
0.137056
0.659376
0.36109
0.124715
0.0437774
0.253464
0.126483
0.370042
0.203732
0.370049
0.370056
0.806365
0.242901
0.920293
0.41737
0.708606
0.374063
0.177685
0.253698
0.137045
0.370042
0.253465
0.370043
0.184219
0.224903
0.508745
0.215548
0.182407
0.12423
0.124223
0.137061
0.708169
0.0511218
0.204835
0.051823
0.542508
0.864285
0.540943
0.132296
0.0865363
0.137064
0.534055
0.599331
0.00046276
0.377294
0.253725
0.537992
0.253725
0.203718
0.361098
0.126483
0.370037
0.314971
0.312643
0.253713
2.43019e-12
0.137061
0.538011
0.253466
0.435993
0.134958
0.274875
0.538003
0.413284
0.491403
0.283172
0.604457
0.370036
0.522765
0.0294259
0.92727
0.370042
0.370049
0.538007
0.37876
0.534068
0.20374
0.697711
0.220181
0.800004
0.144136
0.431932
0.535457
0.28505
0.979546
0.203721
0.370043
0.0788336
0.683377
0.316794
0.282877
0.274882
0.314939
0.285062
0.611666
0.538003
0.697694
0.281003
0.464255
0.12648
0.535469
0.42146
0.137053
0.697708
0.144149
0.467569
0.438061
0.0294315
0.300476
0.12649
0.697689
0.208563
0.41044
0.374252
0.464908
0.137847
0.0934027
0.447634
0.133511
0.576333
0.370048
0.126483
0.32349
0.137069
0.294318
0.20373
0.865901
0.984719
0.370044
0.927285
0.253466
0.370035
0.370041
0.697708
0.471753
0.203721
0.455417
0.496517
0.370056
0.370056
0.319582
0.0702333
0.538
0.23844
0.537988
0.126482
0.218292
0.431924
0.253708
0.028168
0.0185316
0.0788336
0.279724
0.599975
0.53802
0.538006
0.0114459
0.0185334
0.516982
0.0281703
0.537982
0.0114442
0.412273
0.0281658
0.0089088
0.540944
0.0185316
0.613388
0.370051
0.0594696
0.0489466
0.611688
0.483241
0.537992
0.0114458
0.296248
0.00890914
0.137054
0.137048
0.467545
0.19057
0.39205
0.540946
0.0788337
0.404772
0.253721
0.00891079
0.538007
0.0788372
0.137061
0.370049
0.538003
0.378749
0.537984
0.370037
0.203714
0.00871373
0.406019
0.0185315
0.0185315
0.538008
0.253722
0.370056
0.0788371
0.538026
5.68029e-05
0.25347
0.40477
0.611597
0.253466
0.20371
0.697704
0.535469
0.242912
0.253712
0.253712
0.137059
0.25834
0.280596
0.0294301
0.37005
0.417372
0.538003
0.0294281
0.406305
0.421469
0.546858
0.047477
0.0757536
0.101358
0.0757594
0.253464
0.253476
0.419625
0.323494
0.370061
0.0114466
0.378759
0.137069
0.537984
0.283171
0.16897
0.260107
0.177684
0.527465
0.537994
0.537994
0.566175
0.391288
0.370048
0.378757
0.406083
0.0911615
0.64669
0.0849099
0.0483522
0.300482
0.455431
0.00337062
0.128741
0.260454
0.419611
0.00965877
0.464914
0.283176
0.0788354
0.415639
0.279728
0.00227764
0.259143
0.0182384
0.454165
0.370041
0.613386
0.018235
0.229702
0.0788315
0.483231
0.0788337
0.323479
0.47736
0.0182382
0.125471
0.294319
0.471759
0.496162
0.520115
0.813706
0.00869069
0.903866
0.527462
0.44132
0.484726
0.172496
0.0788335
0.00419252
0.405655
0.979559
0.28591
0.535493
0.253465
0.253476
0.221796
0.406082
0.370043
0.370043
0.520098
0.19726
0.370043
0.402585
0.402585
0.370044
0.253464
0.417373
0.274873
0.229711
0.535473
0.535477
0.292067
0.292067
0.292069
0.370044
0.496146
0.242903
0.370041
0.227178
0.370042
0.496511
0.204839
0.319581
0.097421
0.0974207
0.20484
0.370049
0.274868
0.0659326
0.570642
0.944856
0.00932799
0.370036
0.534063
0.0481396
0.15194
0.0788336
0.496303
0.300596
0.00239497
0.124997
0.104526
0.370049
0.00170892
0.740535
0.268443
0.463336
0.60823
0.405528
0.518025
0.75872
0.0249033
0.122513
0.855643
0.107437
0.0166554
0.301212
0.370059
0.175371
0.126492
0.0788354
0.370044
0.595234
0.53546
0.258331
0.275931
0.612036
0.286671
0.370043
0.175354
0.0559307
0.125471
0.370055
0.37005
0.370049
0.32764
0.370049
0.370044
0.370044
0.253466
0.767634
0.949508
0.306169
0.543972
0.126483
2.42776e-12
0.455419
0.0788377
0.612058
0.697741
0.126484
0.0147099
0.00351536
0.175351
0.0147085
0.25346
0.00430669
0.461823
0.417366
0.0147088
0.223073
0.0324187
0.42146
0.220186
0.669639
0.300601
0.827661
0.438023
0.177842
0.177835
0.109662
0.561565
0.3704
0.00582497
0.66961
0.907205
0.296243
0.286678
0.124717
0.496824
0.370059
0.187337
0.321945
0.455439
0.410452
0.0652858
0.0488904
0.749718
0.323471
0.323477
0.292067
0.83079
0.253467
0.081874
0.172497
0.126484
0.595264
0.595247
0.175357
0.175357
0.144143
0.003515
0.599013
0.229702
0.815204
0.595238
0.925992
0.925992
0.697708
0.370049
0.406075
0.669639
0.301211
0.760935
0.313798
0.813947
0.740536
0.00351493
0.078833
0.0788308
0.370036
0.319572
0.327633
0.406071
0.697707
0.00351534
0.370047
0.406081
0.697718
0.957448
0.213367
0.175357
2.43006e-12
0.392042
0.856378
0.697688
0.540933
0.0384799
0.595236
0.253464
0.701251
0.281008
0.540964
0.227859
0.370061
0.0384884
0.540966
0.370054
1.10181e-12
0.354823
0.370043
0.314951
0.405633
0.928038
0.697706
0.301194
0.504874
0.0384857
2.42591e-12
0.283182
0.595264
0.26155
0.740535
0.175357
0.370048
0.175354
0.370044
0.534042
0.283869
2.43874e-12
0.106865
0.278807
3.88473e-12
0.417373
0.455419
3.88686e-12
0.17536
0.175351
0.144139
2.42628e-12
0.594345
0.144132
0.175346
0.984738
0.175343
3.90128e-12
0.370043
0.370043
2.38192e-12
0.268453
0.370047
0.18241
0.296252
0.415629
0.599312
0.370049
0.294316
0.281003
0.338971
0.370037
0.316783
0.612041
0.595236
1.51622e-10
0.242912
3.59781e-08
0.109664
0.590612
0.286692
0.294319
0.234085
0.0788351
0.471767
0.370043
0.0788331
0.483226
1.98136e-10
0.0788317
0.471757
0.370045
0.121897
0.370049
0.37005
2.42431e-12
0.370055
0.301213
0.450837
0.813948
0.354826
0.370044
0.0788332
0.534044
0.535456
9.56197e-11
0.697708
0.338969
0.646677
0.370049
0.595253
0.370056
0.370056
0.37005
0.25347
0.534054
0.182406
0.319574
1.98145e-10
0.370035
0.338964
0.471755
0.126483
0.300462
0.594331
0.646686
0.540951
0.613388
0.391296
0.540952
0.377291
0.447641
0.377291
0.285499
0.253762
0.0774954
0.291682
0.383407
0.383409
0.701217
0.234074
0.34097
0.596366
0.370062
0.354837
0.253476
0.0130997
0.785016
0.0788352
0.413281
0.0788331
0.327633
0.370036
0.719046
0.447634
0.540945
0.483232
0.327633
0.253463
0.535481
0.0788371
0.646685
4.76478e-13
0.0788349
0.261541
2.43386e-12
4.77005e-13
0.370037
0.438002
4.78279e-13
0.172487
0.815222
0.627965
0.594347
2.42921e-12
0.354832
0.078837
0.595246
0.253468
0.939505
0.415827
0.00904626
0.264274
0.464904
0.0788315
0.708156
0.976735
0.731327
1.0325e-12
0.197259
0.0867601
0.417379
0.0212959
0.815213
0.557981
0.185929
0.417372
0.417367
0.542522
0.0431011
0.535457
4.78235e-13
0.370042
0.384649
0.976735
0.461835
0.477762
0.769905
0.394106
0.279726
0.49654
0.595256
0.595256
0.595236
0.595234
0.595227
0.595223
0.308602
0.380979
0.377285
0.00395283
0.607188
0.370048
0.425014
0.0038768
0.708165
0.000617603
0.00937779
0.0122532
0.349477
0.971604
0.370037
0.539817
0.00835781
0.00185144
0.708151
0.928019
0.404773
0.553848
0.000250865
0.370056
0.708167
0.370049
0.370049
0.971597
7.28411e-07
0.377287
0.220167
0.253458
0.611659
0.477355
0.370043
0.204833
4.7535e-13
0.707641
0.370054
0.218302
0.37005
0.64669
1.03335e-12
0.078835
0.31379
0.0788332
0.078831
0.0199093
0.419228
0.370043
4.76077e-13
0.238438
0.0788357
0.568411
4.77632e-13
0.417389
0.417239
0.471771
4.7853e-13
4.7853e-13
0.229705
4.76834e-13
0.423459
2.42755e-12
0.370042
0.534042
0.125471
0.611656
0.0788355
0.340984
2.42397e-12
1.0338e-12
0.354826
0.976723
0.595248
0.103782
0.25347
0.41023
1.1316e-12
0.613395
0.557994
4.75994e-13
9.53074e-11
0.14315
0.177685
0.370049
0.496531
0.184224
0.235707
0.99484
6.29925e-12
0.413283
0.000211262
0.370041
0.241025
0.477346
0.595238
0.370043
0.370043
0.0788337
0.370047
0.976719
0.874286
0.421472
0.38342
0.612045
0.0714872
0.0733066
0.0788332
0.524721
0.870868
0.477347
2.43842e-12
0.402583
0.370042
0.370042
0.37005
0.535479
2.43151e-12
0.253483
0.229711
0.296529
0.0788351
0.295236
0.370044
0.568392
0.296509
0.327628
0.976742
2.42979e-12
2.42979e-12
0.235686
0.370049
0.371333
0.219577
2.43097e-12
0.180416
0.377443
0.416756
0.196374
0.504871
0.00339158
0.29522
0.410225
0.296507
0.300596
0.976735
2.4277e-12
0.0788355
0.837685
4.76185e-13
0.370056
0.312631
0.370049
0.370049
0.370049
0.40745
0.471754
0.824647
0.713088
1.5869e-07
0.542519
0.406071
0.611654
0.300457
0.172224
0.496169
0.31265
0.37005
0.258341
0.767297
0.370049
0.370045
2.43291e-12
4.77245e-13
0.0788316
0.337799
0.370043
0.370043
0.568389
0.526255
0.0473444
0.402615
0.357913
0.0788379
0.496343
0.477391
0.235667
0.976738
0.370043
0.29522
0.370036
5.5899e-08
0.410441
0.976734
0.235687
0.196371
3.52423e-13
0.370054
0.767684
0.157171
6.16905e-11
0.370048
5.31065e-10
0.163124
0.156041
0.280997
2.42623e-12
0.103776
0.454161
0.281002
0.454161
0.415631
0.417374
0.45543
2.43256e-12
0.078837
0.235691
0.876171
0.976723
0.126483
2.42928e-12
0.599286
0.32347
0.235673
0.370043
0.370043
0.891472
2.42445e-12
0.907198
0.370054
0.0110845
0.708166
4.76536e-13
0.0788349
0.124717
0.44764
0.126484
0.078831
0.295228
2.43869e-12
0.103778
0.370042
0.310385
0.229708
0.370051
0.279729
0.534082
0.370053
4.7764e-13
0.323485
0.295236
0.976738
0.229706
0.370037
2.42814e-12
0.258352
0.241033
0.421462
0.167439
0.0788356
0.370048
0.97671
0.483249
0.976715
0.370049
0.354826
0.856393
0.15604
0.12472
0.370037
0.41327
1.02595e-12
0.0788335
0.402583
0.402583
0.370049
0.612042
0.535487
0.145238
0.37005
0.370049
0.177689
0.300601
0.599967
0.561827
0.845797
4.75811e-13
2.43877e-12
2.42807e-12
0.684241
0.708152
4.75318e-13
0.301205
0.0788376
0.887958
0.0788371
2.43008e-12
0.370049
0.31958
0.483233
0.286676
4.77275e-13
0.608226
0.447636
0.865904
2.42794e-12
4.76064e-13
0.204843
4.77742e-13
4.77624e-13
0.0788372
0.419625
0.719058
0.281008
0.370054
0.319574
4.76794e-13
0.684248
0.283871
0.286682
0.31679
0.125471
0.370043
0.447635
0.253463
0.402597
0.483249
0.524726
0.316794
0.520115
0.447641
0.599304
0.156041
0.316783
0.370035
0.785116
0.417365
0.370042
0.753795
0.136077
0.939252
4.76256e-13
0.370054
0.0788368
0.370047
0.103471
4.76148e-13
0.125469
0.37004
0.370033
0.295228
0.976742
0.887958
0.41328
0.370043
0.37875
0.370047
9.52355e-11
0.595263
4.74337e-13
0.976723
0.00474771
0.168511
0.301192
0.438026
4.77172e-13
0.25833
0.279713
0.12547
0.370042
2.42769e-12
0.128753
0.19739
4.76806e-13
4.77951e-13
0.204842
0.126487
0.319582
4.77617e-13
0.319575
1.0354e-12
2.43418e-12
0.0418704
0.0788316
0.253468
0.16744
0.534047
2.42611e-12
2.42734e-12
1.16494e-10
0.0110846
0.405629
4.76462e-13
2.42991e-12
0.455421
4.77276e-13
0.785013
0.719048
2.42627e-12
2.43866e-12
0.17535
3.73511e-13
4.76002e-13
0.402591
0.258344
0.258348
4.77139e-13
4.74597e-13
4.76832e-13
0.455426
0.377443
0.370042
3.15641e-08
9.06037e-11
0.0741013
0.370041
0.00355889
0.00474728
2.42805e-12
0.64238
0.00253957
1.16495e-10
0.370055
1.16315e-10
0.00355935
0.406077
0.296532
0.235681
0.023985
0.253466
0.00230171
0.177694
0.00355888
0.0110822
2.42772e-12
0.0057197
0.00355968
0.178945
0.184238
0.281012
0.354833
0.419242
0.419242
0.0110824
0.00355892
0.824646
0.177684
0.294309
0.156065
0.0722566
4.94692e-12
0.815223
0.755395
3.43082e-10
0.572331
0.282874
0.370049
0.00355935
0.00355935
0.286676
5.22581e-12
0.296509
0.00355847
0.85565
0.708152
0.00355888
0.126483
0.282873
0.419257
0.740531
0.00355977
0.00355947
0.646066
0.612046
0.612046
0.660527
0.370041
0.370034
0.370036
0.193853
0.370043
0.00501832
0.0167134
0.0115277
0.60921
0.00355971
0.112817
0.00355949
0.00455756
0.00355935
0.00154579
0.00408857
0.0682873
0.016787
0.0199272
0.0456663
0.253464
0.370042
0.0459572
0.25347
0.00355947
0.00355992
0.402601
0.00355964
0.955583
0.00355952
0.00355952
0.53547
0.40565
0.00355854
0.00355855
0.00355883
0.438017
0.00355896
0.0430336
0.0359795
0.0313623
0.00355972
0.0788371
0.534024
0.370049
0.291691
0.177687
9.54864e-11
0.00355898
0.00355853
0.00355848
0.976743
0.578517
0.00355888
0.00242063
0.00355935
0.313798
0.327646
0.307557
0.238441
2.43182e-12
0.813947
0.646692
0.370042
0.370042
0.354815
0.757594
0.142993
1.13022e-12
0.103778
0.740537
0.12875
0.00524138
0.568862
0.00723489
0.20484
2.43002e-12
2.43002e-12
2.43002e-12
0.124721
0.447642
0.612031
0.41924
0.00355876
0.721604
1.13002e-12
0.489851
0.455439
0.684241
0.976707
4.7882e-13
0.283887
0.522777
0.684244
0.684244
0.370044
2.43173e-12
4.77152e-13
0.00355852
4.78482e-13
0.338756
0.753799
1.09684e-12
2.42461e-12
4.75636e-13
4.75253e-13
3.85765e-11
0.416757
4.76467e-13
0.31958
0.496522
4.77209e-13
0.37729
0.496146
0.294307
3.86629e-11
0.370042
0.383409
0.292063
2.42781e-12
3.85557e-11
0.370056
0.595263
0.129621
4.76424e-13
4.76424e-13
4.76424e-13
0.97674
3.85346e-11
0.243251
1.12934e-12
4.7827e-13
0.496512
0.281002
0.0788337
0.0788355
0.496507
4.75367e-13
0.374444
0.0788371
2.43005e-12
0.483237
0.370049
4.77286e-13
0.0788332
0.370037
4.75711e-13
0.296241
0.0110822
2.42758e-12
4.75991e-13
4.76574e-13
4.76907e-13
0.338764
0.241047
0.370053
0.12741
0.0783932
0.00879468
0.128025
0.319574
2.43383e-12
0.177685
0.196369
0.144138
0.0788338
0.0110825
2.67127e-12
0.0788356
0.97671
0.0110846
0.296546
1.93434e-11
0.462673
0.370049
4.77292e-13
0.43802
0.417359
0.405985
0.461823
0.370042
0.316789
0.296521
0.925993
0.0788354
0.267829
1.9365e-11
0.377291
0.129623
0.337811
0.370049
0.0033915
0.405989
0.815216
0.280998
0.762903
0.669944
0.258339
0.370043
1.93052e-11
0.327633
0.0788376
0.370055
0.109668
0.164218
0.078835
1.93429e-11
0.421468
0.534057
0.370037
0.300594
0.370042
0.740536
0.370042
0.319575
0.253485
0.455463
0.338749
0.0788375
0.182408
0.372492
0.0404094
0.00127898
0.471757
0.29652
0.370037
0.300453
0.417245
0.140277
0.238438
0.00185285
0.599309
0.534035
0.35483
0.0788371
0.669617
0.524728
0.595248
0.204839
0.534056
0.421468
0.184221
0.438008
0.417365
0.566172
0.224077
0.338758
0.417231
0.370049
0.496174
0.370056
0.337815
0.64669
0.70817
0.740535
0.976739
0.0788329
0.0788308
0.829072
0.471756
0.370043
1.63067e-08
0.281002
0.016015
0.41563
0.415636
0.370055
0.218301
0.0740339
0.976723
0.370048
0.294313
0.405989
0.140268
0.370036
0.00185278
0.258223
0.16421
0.323478
0.406078
0.253472
0.26783
0.338755
0.267824
0.338753
0.253476
0.370052
0.338749
0.253469
0.0160121
0.347742
0.370043
0.38341
0.534045
0.00185287
0.406026
0.140287
0.338775
0.976711
0.22682
0.0160152
0.316794
0.370049
0.267804
0.370044
0.29651
0.338755
0.258349
0.307546
0.684241
0.419247
0.0788355
0.140286
0.708186
0.370056
0.753806
0.280594
0.337811
0.0580795
0.370042
0.431932
0.56616
0.370036
0.370041
0.370043
0.301193
0.471753
0.0490738
0.377286
0.0788376
0.0160165
0.438023
0.258229
0.269754
0.370049
0.613375
0.458291
0.1824
0.589308
0.138319
0.402583
0.0522361
0.274873
0.595261
0.438029
0.37006
0.338749
0.338767
0.419244
0.138332
0.684244
0.684245
0.0522348
0.293274
0.595222
0.229703
0.370043
0.204834
0.12223
0.139954
0.818206
0.0788376
0.370056
0.37005
0.790474
0.478905
0.311474
0.347983
0.0305358
0.904201
0.144129
0.011136
0.00430749
0.00366868
0.0522361
0.253466
0.370049
0.314962
0.370053
0.447633
0.00185304
0.0522391
0.0769768
0.996999
0.377435
0.047038
0.316782
0.296241
0.204833
0.281002
0.071097
0.156042
0.093729
0.673964
0.300475
0.471759
0.370049
0.322933
0.370049
0.419239
0.0522349
0.319569
0.370036
0.253474
0.172496
0.370042
0.285059
0.540958
0.204841
0.218303
0.0522417
0.246512
0.283891
0.370052
0.0257633
0.281002
0.455427
0.419231
0.0522333
0.253479
0.0522361
0.0788338
0.736753
0.0522407
0.253466
0.300603
0.282877
0.22971
0.43194
0.197264
0.669624
0.419613
0.828743
0.314953
0.566159
0.0820217
0.402583
0.25009
0.218297
0.0669145
0.300597
0.0788377
0.253477
0.285052
0.907205
0.702454
0.703702
0.613379
0.0522348
0.531925
0.410431
0.28389
0.0522361
0.767653
0.370043
0.0522405
0.0522406
0.0522436
0.718228
0.757575
0.322933
0.370049
0.0522394
0.864277
0.370045
0.40886
0.0522333
0.611659
0.229706
0.0788336
0.461823
0.540724
0.419248
0.281014
0.406093
0.417247
0.0672195
0.402599
0.282874
0.316788
0.370043
0.177688
0.708137
0.557997
0.370043
0.438019
0.708154
0.227842
0.321946
0.370054
0.253474
0.483235
0.30861
0.471761
0.281006
0.316789
0.455431
0.421458
0.406008
0.0522321
0.471753
0.976735
0.223596
0.856397
0.419257
0.370056
0.0322621
0.39129
0.767667
0.253468
0.178934
0.0916792
0.540942
0.178927
0.0916754
0.981174
0.138313
0.119674
0.282867
0.0801005
0.0801006
0.22214
0.0982572
0.080104
0.370049
0.253468
0.128752
0.504871
0.370044
0.370037
0.125467
0.246501
0.0772658
0.0800942
0.0800942
0.0801015
0.557987
0.335095
0.300486
0.370053
0.981195
0.565873
0.217015
0.278254
0.278253
0.280587
0.0800895
0.558001
0.370044
0.278256
0.281002
0.217015
0.305943
0.305951
0.1204
0.308614
0.249661
0.292067
0.249661
0.253471
0.108324
0.1824
0.0806146
0.10832
0.323478
0.41044
0.145932
0.0359807
0.00467015
0.00119658
0.280595
0.37005
0.108331
0.00154997
0.370049
0.669611
0.599298
0.599288
0.337797
0.202832
0.722781
0.218297
0.59589
0.108331
0.177683
0.59932
0.370055
0.37005
0.32764
0.370049
0.370049
0.286406
0.824085
0.612031
0.540933
0.370042
0.241031
0.370043
0.370043
0.646703
0.167444
0.00444673
0.00119285
0.370055
0.253482
0.186357
0.711414
0.864277
0.0462317
0.10103
0.280588
0.238437
0.227845
0.281002
0.370043
0.31958
0.42146
0.535482
0.204845
0.221763
0.962215
0.063366
0.063366
0.1296
0.275934
0.0887047
0.370035
0.275931
0.24103
0.942978
0.383763
0.383777
0.383777
0.383786
0.406035
0.0935041
0.370048
0.241032
0.370048
0.108322
0.535465
0.0363344
0.000578832
0.370042
0.370043
0.542519
2.42805e-12
0.289564
0.613392
0.000579091
0.108336
0.312628
0.370048
0.354826
0.354826
0.455433
0.90718
0.000202771
0.406009
0.000639723
0.566172
0.000578919
0.531933
0.00084221
0.00408904
0.496178
0.12649
0.00815054
0.857066
0.314965
0.486044
0.377288
0.477358
0.00465533
0.753784
0.370043
0.496157
0.354821
0.611658
0.419691
0.319581
0.944846
2.43096e-12
2.4189e-12
0.00220535
0.305944
0.438024
0.455433
0.572312
0.370037
0.370036
0.684251
0.378746
0.291685
0.398598
0.0133032
0.447636
0.0788377
0.370056
0.279726
0.229708
0.417236
0.455426
0.00300551
0.275933
0.709859
0.734309
0.711963
0.377439
0.561577
0.275934
0.323484
0.0788355
0.000537984
0.752786
0.0209256
0.377291
0.00130407
0.370049
0.370045
0.370045
0.226638
0.337797
0.370042
0.142865
0.438016
0.54287
0.142304
0.417388
0.0788382
0.624434
0.447658
0.00721944
0.568429
0.37006
0.370044
0.370043
0.241032
0.370036
0.415624
0.00401684
0.624404
0.28059
0.370048
0.253463
0.670529
0.370055
0.00602389
0.142873
0.246508
0.00518116
0.0222451
0.438026
0.370037
0.14229
0.142863
0.557968
0.85957
0.00654597
0.354824
0.670519
0.144846
0.595265
2.41979e-12
0.455423
0.00281593
0.241033
0.338969
0.137138
0.370035
0.3704
0.496536
0.370043
0.129617
0.115105
0.070232
0.283877
0.406032
0.142881
0.350929
0.877775
0.280593
0.0774988
0.280593
0.25347
0.880198
0.370036
0.566174
0.186682
0.300462
0.370042
0.659933
0.165051
0.568417
0.4231
0.415633
0.377294
0.568408
0.242922
0.370043
0.370043
0.370037
0.312632
0.558001
0.557975
0.370044
0.860075
0.566184
0.182406
0.283881
0.535486
0.182412
0.125471
0.370049
0.624397
0.129619
0.370409
0.186685
0.740538
0.458481
0.020407
0.0198666
0.624402
0.864266
0.253467
0.370056
0.258354
0.447639
0.00969594
0.670517
0.319313
0.646677
0.123764
0.455413
0.496141
0.227852
0.281002
0.383409
0.0531275
0.455407
0.880221
0.370054
0.307556
0.421465
0.370049
0.566184
0.535477
0.370045
0.0531273
0.0760858
0.0799514
0.0799553
0.307546
0.218297
0.006093
0.370053
0.132768
0.248487
0.0124971
0.416763
0.455453
0.274892
2.43984e-12
0.0347435
0.0347435
0.00463823
0.00940342
0.204833
0.275934
0.370043
0.00463878
0.00463931
0.00940554
0.0799617
0.172499
0.00463957
0.32764
0.0361081
0.0310991
0.00463887
0.215207
0.354817
0.744758
0.272818
0.241141
0.447633
0.13276
0.00242576
0.0799583
0.1725
0.172498
0.455572
0.00940536
0.00463927
0.41737
0.00940408
0.438008
0.00940297
0.00655537
0.370042
0.314952
0.152837
0.496154
0.28059
0.703706
0.108947
0.229934
0.37005
0.180543
0.535637
0.0137962
0.880204
0.197267
0.0511596
0.37728
0.136701
0.565262
0.0799549
0.307546
0.316796
0.524731
0.531958
0.409669
0.0799611
0.0799614
0.370052
0.186699
0.246502
0.18669
0.370038
0.125138
0.954666
0.0799563
0.197264
0.0310103
0.123712
0.316795
0.24103
0.447646
0.116487
0.370049
0.116486
0.246508
0.234841
0.370044
0.566164
0.906797
0.496535
0.355287
0.300596
0.48323
0.300598
0.496517
0.49653
0.0587804
0.37005
0.182406
0.172227
0.182406
0.300598
0.300599
0.0119443
0.455403
0.283168
0.0799551
2.42799e-12
0.568389
0.0799569
0.880221
0.0799616
0.370055
0.253457
0.880217
0.079959
0.079959
0.167443
0.557232
0.106921
0.347061
0.461673
0.534037
0.14346
0.316789
0.28669
0.300486
0.819279
0.370063
0.370057
0.651826
0.613346
0.370056
0.595236
0.175924
0.280997
0.280588
0.186699
0.646679
0.516077
0.496155
0.0713219
0.253463
0.524734
0.124718
0.123711
0.383417
0.274492
2.42994e-12
0.383411
0.197267
0.531928
0.354816
0.370041
0.438015
0.204833
0.307546
0.370049
0.226821
0.316801
0.370056
0.472983
0.281006
0.273361
0.197866
0.253466
0.350905
0.296236
0.248455
0.123708
0.13276
0.370043
0.168771
0.354615
0.246511
0.311261
0.285218
0.337815
0.383418
0.767667
0.168779
0.197026
0.300467
0.404756
0.168763
0.421464
0.179559
0.327633
0.165161
0.370051
0.370051
0.236776
0.880211
0.0799611
0.406082
0.88021
0.939457
0.18669
0.415824
0.218292
0.370037
0.496158
0.767658
0.997711
0.566175
0.184217
0.00162669
0.0646613
0.370056
0.646685
0.447641
0.178933
0.177267
0.370044
0.204834
0.253465
0.186674
0.0855224
0.22775
0.0936619
0.140228
0.370049
0.370049
0.370056
0.370056
0.413284
0.880214
0.41583
0.370049
0.0799559
0.471754
0.471745
0.416067
0.611659
0.370043
0.320003
0.35482
0.162895
0.527611
0.52096
0.920492
0.667753
0.419617
0.457769
0.0450023
0.0821102
0.172498
0.880197
0.0799514
0.253475
0.0804012
0.88021
0.323478
0.612054
0.417252
0.734877
0.370061
0.152849
0.370054
0.370054
0.370054
0.646754
0.646678
0.646669
0.646664
0.417367
0.417367
0.417367
0.670536
2.82567e-10
0.370048
2.07518e-10
0.305955
0.0315035
0.105118
0.204838
0.612045
0.370044
0.241037
0.241032
0.174532
0.447636
0.474335
0.907205
0.370042
0.316795
0.307552
0.370057
0.182407
0.417371
0.370048
0.322406
0.566182
0.657484
0.197663
0.548311
0.67051
0.197019
0.127601
0.00103638
0.88021
0.757725
0.880221
0.880229
0.612056
0.253458
0.486031
0.197032
0.282871
0.880204
0.0891584
0.370037
0.880209
0.292074
0.370042
0.88021
0.88021
0.880215
0.416078
0.218615
0.162722
0.742547
0.61922
0.370052
0.455439
0.354823
0.496153
0.0232376
0.406066
0.798535
0.542522
0.184221
0.547701
0.253464
2.41524e-10
0.13351
0.167443
0.0581631
0.370049
0.0936693
0.23844
0.740543
0.880205
2.4336e-12
0.186674
0.253475
0.279717
0.327632
0.88021
0.370049
0.10493
0.743016
0.0799635
0.880233
0.246508
0.713085
0.880214
0.186688
0.378747
0.370035
0.327624
0.708156
0.264275
0.270936
0.905879
0.277802
0.397105
0.406081
0.227754
0.0727864
0.370049
0.657497
0.296247
0.204835
0.150317
0.880198
0.0112012
0.447636
0.77469
0.939454
0.172496
0.172495
0.172495
0.880208
0.182404
0.123225
0.10694
0.739647
0.544076
0.256908
0.370043
0.0799522
0.138309
0.880191
0.477355
0.156039
0.156039
0.708166
0.296247
0.510714
0.461841
0.461832
0.241032
0.880217
0.880217
0.415828
0.540947
0.880198
0.471744
0.370041
0.455416
0.0936619
0.370042
0.0799585
0.0936696
0.483249
0.880216
0.300452
0.186688
0.204839
0.880215
0.370042
0.880209
0.0799507
0.880208
0.204832
0.696591
0.197383
0.0936623
0.812164
0.093669
0.0244109
0.0936749
0.227768
0.197032
0.221792
0.093669
0.0702316
0.140229
0.22774
0.939453
0.595238
0.88021
0.370042
0.431932
0.61167
0.670517
0.417384
0.370059
0.0354519
0.337812
0.248476
0.8804
0.880397
0.880206
0.0354434
0.880206
0.323477
0.646419
0.370044
0.483233
0.0799579
0.377286
0.880229
0.0788371
0.599308
0.880217
0.41608
0.880217
0.0472667
0.416747
0.567104
0.127599
0.740547
0.0354463
0.197024
0.15604
0.0799584
0.81336
0.813359
0.813364
0.0799594
0.872151
0.455427
0.872151
0.984689
0.079956
0.370035
0.140219
0.294309
0.370043
0.542519
0.277794
0.496161
0.140237
0.880229
0.172498
0.565679
0.0040908
0.275825
0.197264
0.417368
0.72269
0.0078202
0.370036
0.370042
0.229706
0.653229
0.993606
0.68424
0.370053
0.684238
0.413302
0.535458
0.0511242
0.0896126
0.438032
0.370044
0.740542
0.0403682
0.406065
0.193115
0.534042
0.415624
0.258341
0.238437
0.0614346
0.370054
0.496533
0.740524
0.684237
0.370049
0.513793
0.684245
0.954679
0.70252
0.229702
0.370041
0.370042
0.104747
0.370042
0.337812
0.370049
0.684233
0.565703
0.370045
0.218297
0.531937
0.0788345
0.00341908
0.534022
0.316779
0.186674
0.370042
0.370043
0.34798
0.370043
0.296247
0.30755
0.540961
0.370055
0.438023
0.16744
0.540954
0.684237
0.197268
0.156041
0.418433
0.206645
0.431932
0.370042
0.0788336
0.370042
0.0889512
0.370051
0.370058
0.723228
0.370053
0.294317
0.182406
0.394894
0.595236
0.0628909
0.253468
0.733631
0.767671
0.370045
0.253469
0.496158
0.496307
0.125471
0.438021
0.286682
0.406076
0.370049
0.197669
0.370049
0.279714
0.0281439
0.370037
0.202418
0.513761
0.565707
0.646677
0.669611
0.126484
0.447636
0.447648
0.447648
0.753806
0.140634
0.25347
0.524729
0.275933
0.406073
0.568379
0.172496
0.566174
0.0788336
0.542519
0.275934
0.752781
0.258339
0.565695
0.370055
0.321947
0.0201688
0.106867
0.540954
0.496531
0.47736
5.22819e-12
0.316783
0.285072
0.370042
0.496511
0.370042
0.253481
0.370055
0.370062
0.370063
0.383426
0.542545
0.565748
0.542545
0.370043
0.321935
0.982167
0.415613
0.0788315
0.45542
0.28059
0.0788337
0.370048
0.496508
0.253466
0.565715
0.576242
0.43194
0.22775
0.0828095
0.323476
0.684245
0.939442
0.464904
0.646682
0.370042
0.314951
0.888178
0.109665
0.241031
0.568413
0.695826
0.370049
0.197669
0.253468
0.477364
0.398283
0.253465
0.370034
0.204826
0.226811
0.370043
0.599301
0.56839
0.899137
0.0788355
0.42147
0.542542
0.60821
0.237528
0.455422
0.204839
0.0695543
0.684245
0.565721
0.413271
0.14062
0.42146
0.204833
0.253464
0.684237
0.684238
0.447651
0.684241
0.684231
0.0281474
0.370052
0.253476
0.116483
0.370043
0.0677996
0.274868
0.496307
0.294312
0.0528954
0.454164
0.903854
0.292067
0.47737
0.218302
0.415809
0.352202
0.370049
0.370049
0.565724
0.370044
0.44763
0.937657
0.376126
0.0266459
0.111614
0.438015
0.31264
0.435985
0.438033
0.327652
0.535475
0.000890386
0.605035
0.125472
0.370042
0.963521
0.173092
0.585326
0.322029
0.684242
0.275934
0.34317
0.0444652
0.572316
0.283182
0.394905
0.253458
0.242914
0.488331
0.126484
0.127599
0.987107
0.125471
0.599286
0.599304
0.00216091
0.694079
0.464914
0.377448
0.316798
0.486051
0.781211
0.377449
0.204844
0.612062
0.577898
0.241037
0.0885607
0.854824
0.662727
0.413282
0.370043
0.308605
0.370043
0.223256
0.241027
0.670529
0.585949
3.20368e-05
0.370048
0.323482
0.370048
0.535472
0.25347
0.00216067
0.197658
0.126486
0.608223
0.186681
0.00263379
0.295616
0.229708
0.204846
0.827674
0.998576
0.00180093
0.0201686
0.109664
0.927176
0.484378
0.370034
0.781523
0.95893
0.464915
0.464915
0.0131852
0.000480457
0.370048
0.156045
0.319586
0.241022
0.241033
0.97731
0.370049
0.396209
0.229706
0.684248
0.253457
0.540946
0.162711
0.370042
0.370042
0.37005
0.370051
0.394907
0.404784
0.534043
0.275939
0.370052
0.30759
0.314956
0.486031
0.370037
0.684243
0.204833
0.165163
0.327637
0.739647
0.535474
0.129621
0.370054
0.698987
2.65104e-06
0.496522
0.167372
0.0999585
0.849648
0.706187
0.370037
0.316782
0.0633549
0.132079
0.226301
0.253464
0.227845
0.370049
0.116492
0.642757
0.37005
0.802699
0.323483
0.0655273
0.0948774
0.00125389
2.7496e-12
0.185612
0.370041
0.731107
0.419611
0.35482
0.227745
0.354822
0.496312
0.496532
0.277812
0.612045
0.370049
0.370048
0.454167
0.370045
0.370402
0.417357
0.124721
0.767306
4.30566e-08
0.496511
0.68425
0.281751
0.0788383
0.383436
0.0788377
0.639758
0.253502
0.905632
0.0713697
0.506292
0.370037
0.370036
0.416746
0.547452
0.370043
0.710627
0.404771
0.684233
0.370054
0.383424
0.944559
0.280593
0.938843
0.64669
0.496155
0.370044
0.847632
0.177682
0.323476
0.612034
0.572308
0.370406
0.47176
0.39585
0.4166
0.0105175
0.078837
0.370048
0.806575
0.64669
0.370042
0.370042
0.204826
0.409631
0.280588
0.613387
0.533988
0.731108
0.496506
0.0788355
0.00317922
0.0591007
0.857969
0.857937
0.5919
0.220784
0.378749
0.370044
0.370037
0.227739
0.319353
0.370042
0.370042
0.126483
0.708378
0.684238
0.455366
0.546821
0.546848
0.377294
0.370052
0.350952
0.684245
0.281002
0.394768
0.204827
0.612045
0.708155
0.406021
0.39478
0.0112415
0.937649
0.394803
0.448566
0.312627
0.370049
0.731103
0.370049
0.394774
0.25347
0.415615
0.410431
0.378746
0.182403
9.53458e-05
0.419611
0.248473
0.533999
0.673012
0.139073
0.684228
0.394785
0.599314
0.370049
0.771083
0.230982
0.84964
0.944844
0.944822
0.370043
0.000287143
0.370043
0.370047
0.43802
0.0395199
0.0344747
0.37005
0.00135957
0.286674
0.215908
0.122108
0.907211
0.241033
0.415806
0.60077
2.91337e-11
7.31263e-07
0.000144439
0.110133
0.438029
0.37006
0.184234
0.022612
0.684244
0.612062
0.370054
0.131046
0.312643
0.768886
0.646663
0.370042
0.351998
0.238438
0.864271
0.753806
0.370048
0.281011
0.815265
0.184212
0.253467
0.377442
0.370049
0.370044
0.767303
0.221782
0.140106
0.370042
0.42146
0.417365
0.258339
0.370049
0.780467
0.431949
0.204844
0.323484
0.612041
0.242911
0.0235772
0.0788328
9.21558e-07
0.684244
1.89373e-05
0.598556
0.07023
0.370043
0.241031
0.766158
0.370047
0.283881
0.370055
0.258332
0.126484
0.666659
3.64396e-05
1.89469e-05
0.416747
0.370037
0.455403
3.66502e-05
0.274873
0.292063
0.15604
0.124717
0.44764
0.285074
0.227859
0.253465
0.307551
0.167445
0.41584
0.53547
0.279713
0.89776
0.296238
0.377443
0.172496
0.283883
0.370044
0.241029
0.0788357
0.370054
0.370055
0.00014898
0.31958
0.924216
0.370049
0.61166
0.000148985
0.000148962
0.000148936
0.842376
0.072695
0.455416
0.000148966
0.370049
0.131453
0.473862
0.178339
0.00705632
0.108121
0.182406
0.684238
0.000148978
0.370042
0.370035
0.599286
0.283818
0.370043
0.455417
0.613387
0.684233
0.370047
0.887627
0.204845
0.534025
0.000219557
0.000183382
0.406025
0.370044
0.0788332
0.463117
0.286124
0.286117
0.179692
0.370042
0.684241
0.260063
0.568415
0.317036
0.327672
0.372253
0.327664
0.286137
0.540551
0.630765
0.192705
0.0511196
0.524708
0.0511207
5.49115e-05
0.367002
0.419612
0.370047
0.370048
0.447643
0.283849
0.431939
0.370049
0.146542
0.00124239
0.684245
0.28383
0.072848
0.283826
0.294309
0.283832
5.4909e-05
0.370042
0.417231
0.354824
0.477374
0.370056
0.283871
0.000764976
0.477364
0.00965022
0.447636
0.0256663
0.091211
0.402576
0.84964
0.84965
0.787067
0.740537
2.24736e-07
0.00128796
0.000340737
0.124719
0.577896
0.530111
0.126484
0.76732
0.609029
0.524721
0.370037
0.283826
0.370041
0.417224
0.471753
0.370042
0.377445
0.0788355
5.49415e-05
0.383427
0.443469
0.370052
0.120397
0.477369
0.377441
0.262641
0.939952
0.854341
0.321934
0.854343
0.197665
0.296244
0.319965
3.38641e-05
0.308617
0.863931
5.49116e-05
5.49256e-05
0.216067
5.49256e-05
0.684245
3.38619e-05
5.49091e-05
0.416738
0.614248
0.12547
3.38565e-05
0.612034
0.612042
0.323487
0.253472
0.49632
0.244009
0.496309
0.455426
0.283841
0.370042
0.447638
0.238435
0.352359
0.496155
0.496154
0.370043
0.684242
0.000124995
0.370048
0.68423
0.996639
0.167435
2.42999e-12
0.0702334
0.314954
0.447641
4.33456e-05
2.43383e-12
0.0396964
0.535469
0.383409
0.66943
0.000112668
0.246511
0.447644
0.124722
0.612073
0.178936
0.767311
0.370054
0.0397035
0.325339
0.354824
8.16237e-05
0.000209376
0.684252
0.281002
0.18422
0.370043
0.00415297
0.455409
0.447644
0.684236
0.37005
0.684237
0.370048
0.540954
8.16401e-05
0.595236
