0.438044
0.56835
0.46491
0.659663
0.0165378
0.13354
5.16198e-05
0.234094
0.431951
0.703535
0.945997
0.726122
0.314939
0.39332
0.168515
0.172231
0.202275
4.77794e-09
1.92606e-06
0.274879
0.17252
0.414217
0.107436
0.127814
0.389774
1.72811e-09
0.229135
0.127815
0.229136
0.269645
0.127821
0.453158
0.692923
0.1285
0.549252
8.42669e-06
8.44083e-09
1.25058e-08
0.208506
0.208506
0.208506
0.454168
0.0391893
0.686909
0.22864
0.477135
0.973063
0.16678
0.00433489
0.00536115
0.138325
0.884967
0.253872
0.0576466
0.0576473
0.307556
0.540924
0.540941
0.451769
0.00606806
0.00800281
0.12589
0.0776633
0.370054
1.99778e-05
0.753739
0.312622
0.509774
0.0103473
0.509775
0.00414894
0.00680921
0.534024
0.534008
0.0972069
0.000546708
0.405618
0.383409
0.383417
0.421457
6.03288e-08
0.370052
0.280604
6.2939e-10
0.208287
4.94541e-06
0.592834
0.958899
0.663256
9.45114e-07
0.297612
0.589743
0.641808
0.0155082
0.29683
6.2269e-09
0.000210465
0.270578
0.370053
0.236998
0.0126694
1.0285e-08
0.325084
0.112313
0.147072
0.0835035
6.61912e-05
0.083404
0.000117595
7.78463e-05
8.33808e-05
0.000190947
4.36379e-05
4.37312e-10
3.15824e-06
0.0353004
3.25709e-08
0.708105
0.0174336
0.540926
8.81012e-06
0.655485
0.000951251
0.0617336
1.30603e-06
0.035017
0.0788486
0.184673
0.00275194
1.87331e-11
0.0663467
0.055573
0.00806113
3.77966e-08
0.406089
0.430088
0.000909424
0.000591303
0.454161
0.00165745
0.950612
0.387977
1.86508e-07
0.319259
0.0167919
0.0361864
0.253466
1.83565e-11
0.253453
3.61821e-05
1.76734e-06
0.0134571
2.63779e-05
0.568378
3.33826e-07
0.298087
0.000277408
0.557937
0.633898
1.51922e-10
0.0118377
0.000363965
0.227848
0.952504
0.496169
0.168237
0.454176
0.75379
0.000233089
0.501713
0.162727
0.160722
0.031892
0.0266197
7.27567e-05
0.181785
0.00111307
0.435978
0.184881
0.291704
0.685417
0.000166075
0.0237872
0.337813
0.28505
0.0501785
0.171574
0.405607
0.759151
0.002022
9.00215e-11
0.0959104
3.1099e-05
0.226302
0.226308
0.923862
0.229731
0.765755
0.673278
0.109688
0.00035247
0.566168
0.17894
4.50061e-08
0.00459685
0.370043
0.00977772
0.00165894
0.405613
0.0639171
0.327626
2.98448e-06
0.0577818
0.00161476
0.659546
0.28387
7.15772e-09
1.74267e-07
7.07404e-06
0.227837
0.68357
0.030392
1.19519e-09
0.774256
0.00301565
1.18694e-10
1.66493e-12
9.94438e-13
0.11174
0.690708
0.668298
0.213376
4.62743e-08
0.185622
0.235931
0.314933
0.124728
0.630905
0.149434
0.927996
0.932622
0.253464
0.253467
0.147157
0.0413022
5.03815e-12
0.49544
0.395635
0.496016
0.175459
0.000867392
0.0226809
0.00174303
0.23696
0.531935
0.96284
0.0766239
0.266138
0.308625
0.00961404
0.24126
0.37007
0.416769
0.177702
0.177702
0.815155
0.613458
0.229724
0.00205562
0.572652
0.000247909
0.14769
0.370049
0.0648933
0.370052
0.117929
0.000434632
0.240347
0.355645
0.407442
0.172052
0.000116521
0.000186076
4.78723e-05
0.174178
0.595229
0.00549104
0.323495
0.0140748
0.446423
0.284177
0.219078
0.00166321
0.00383172
0.370066
2.9604e-06
0.226323
0.105841
0.000502487
0.308619
0.00107631
0.00137766
0.437979
4.43281e-05
0.437672
0.148265
0.967141
0.40608
0.00156427
0.0581539
0.347962
0.319869
0.277902
0.370056
0.319592
0.000644222
0.000754498
0.111756
0.00606063
0.183035
0.569415
0.117132
0.126494
0.126499
0.822222
0.717318
0.327643
0.00166624
0.107524
2.34351e-05
0.693107
0.406019
0.253462
0.241022
0.963609
0.0072098
7.29558e-05
0.417199
0.144842
0.000588049
0.446934
0.929576
0.00125326
0.370047
0.258335
0.0934835
0.370053
0.00570937
0.483229
0.000188824
0.327618
0.0408763
0.144505
0.153565
0.539984
0.0045093
0.292076
0.183574
0.325691
0.20885
0.0485372
0.164553
0.650908
0.753745
0.291701
0.229639
0.370049
0.288191
0.347074
0.236939
0.370052
0.0788483
0.477343
0.00314246
0.000287312
0.000501225
0.599275
0.000124879
0.370058
0.253464
0.172719
0.3235
0.370056
0.349705
0.00905907
1.47541e-05
4.83532e-05
0.370065
0.00142885
0.00587948
0.483244
0.000574916
0.370065
9.27105e-05
0.000149581
0.370047
0.01609
0.00138523
0.00444272
0.0890809
0.00232745
0.118972
0.00223208
0.0117401
0.280602
0.0018249
0.485096
0.370049
0.370049
0.370055
0.0470338
0.464901
0.669595
0.370056
0.0147972
0.0775423
0.0430379
0.414596
0.27938
0.279393
0.471768
0.83133
0.316815
0.717722
0.261165
0.0474673
0.41962
0.471743
0.419612
0.518077
0.0278896
0.0169878
0.036029
0.213885
0.52664
0.0898737
0.237037
0.175668
0.437981
0.162901
0.0239367
0.238459
0.0341968
0.312619
0.000284982
0.994073
0.323496
0.135986
0.0657363
0.286653
0.286661
0.417384
0.286678
0.000254183
0.20159
0.595243
0.263538
0.454164
0.129973
0.370048
0.144807
0.434937
0.137442
0.00360737
0.120057
0.291703
0.0116546
0.753768
0.669493
0.405606
0.253461
0.180096
0.708107
0.708123
0.315501
0.00412571
0.282888
0.338984
0.748015
0.429403
0.983344
0.0077463
0.00480156
0.108598
0.572935
0.0930653
0.220126
0.300475
0.454176
0.166351
0.0646948
0.684252
0.0563709
0.370043
0.370049
0.712377
0.000254542
0.118322
0.253467
0.275954
0.0443105
0.684653
0.103934
0.406018
0.506618
0.314989
0.564041
0.708131
0.279742
0.813569
0.387374
0.280609
0.370061
0.274845
0.27486
0.274878
0.52473
0.455407
0.282895
0.76764
0.151619
0.338988
0.312631
0.280604
0.280604
0.370043
0.370049
0.242909
0.595214
0.177692
0.319589
0.417218
0.41718
0.496137
0.710894
0.314937
0.352938
0.45416
0.28102
0.426588
0.896661
0.0921338
0.0125351
0.370053
0.323495
0.866966
0.887548
0.370067
0.208962
0.101514
0.0290572
0.218324
0.178951
5.34524e-06
0.595226
0.00651656
0.37005
0.0025711
3.02789e-07
3.13319e-05
0.000318669
0.770016
0.427805
0.40608
0.542665
0.287029
0.0346425
0.184223
0.0853661
2.96608e-06
0.11124
0.953892
0.816174
0.258692
0.815131
0.30061
0.609292
0.0488663
0.406074
0.123819
0.24104
0.308638
0.0331882
0.43195
0.370065
0.236633
0.286666
0.300608
0.505393
0.404758
0.832609
0.370049
0.749047
0.552376
0.0422492
0.28295
0.370045
0.149372
0.49614
0.193021
0.471744
0.527204
0.370052
0.370044
0.967654
0.0354756
0.408607
0.29626
0.128008
0.68802
0.0293944
0.975685
0.709805
0.436002
0.173519
0.0350501
1.6319e-05
0.509639
0.257511
0.0066084
0.37005
0.253456
0.173588
0.154979
0.0393724
0.0157843
0.559218
0.43114
0.370046
0.135308
0.239015
0.172265
0.947483
0.416762
0.0397807
0.000660629
0.0157147
0.416763
0.204846
0.182429
0.370056
0.370046
0.379933
0.259564
0.0536946
0.813547
0.370065
0.00657171
0.175947
0.370058
0.0205543
0.370047
0.0606728
0.644196
0.000830953
0.0386721
7.1983e-06
9.2753e-06
1.03325e-06
0.292069
0.595202
0.327615
0.000185328
0.109686
0.611625
0.370054
0.370053
0.0681994
0.321958
0.52219
0.221795
0.370054
0.370054
0.524708
0.612016
0.192845
0.142141
0.568406
0.370066
0.101434
0.40609
0.200174
0.338211
0.221788
0.201822
0.024001
0.935163
0.37005
0.37005
0.332719
0.456054
0.864267
0.108097
0.419607
0.0049531
0.00103136
0.733986
0.496156
0.496153
0.485789
0.099692
0.406079
0.568377
0.107136
0.118752
0.245908
0.406074
0.0905172
0.406086
0.406091
0.36526
0.370063
0.370063
0.370057
0.834446
0.370048
0.123811
0.253456
0.947239
0.853908
0.861405
0.192823
0.370051
0.864267
0.0276249
0.0622179
0.192321
0.0342488
0.221788
0.369153
0.0372259
0.370044
0.370054
0.00719114
0.370052
0.0492224
0.0372104
0.769946
0.126494
0.666675
0.402606
0.370071
0.583244
0.370066
0.59236
0.31274
0.370057
0.316801
0.666679
0.249647
0.666677
0.172231
0.666677
0.666677
0.856237
0.439126
0.464901
0.175932
0.411183
0.370047
0.792514
0.370063
0.37006
0.218317
0.21832
0.0253034
0.0321821
0.0419
0.21832
0.414231
0.111157
0.461841
0.0811463
0.0811489
0.0603303
0.0155516
0.669454
0.370059
0.805797
0.967127
0.805788
0.719278
0.728129
0.480226
0.708114
0.218318
0.66668
0.132932
0.280602
0.204836
0.109281
0.71928
0.370047
0.065668
0.666678
0.726827
0.262105
0.114783
0.663616
0.805794
0.666674
0.218317
0.132931
0.218324
0.370066
0.00245011
0.373553
0.0208479
0.00930618
0.0617982
0.553504
0.308619
0.370049
0.702837
0.308621
0.292053
0.40706
0.370052
0.370052
0.308624
0.17252
0.114348
0.296255
0.132927
0.791125
0.299573
0.572297
0.179699
0.370056
0.646089
0.118607
0.353897
0.253462
0.186733
0.380174
0.698787
0.0703402
0.0387181
0.00283923
0.337831
0.141636
0.218321
0.864256
0.633856
0.370049
0.151055
0.370049
0.780464
0.859646
0.197267
0.197269
0.337821
0.646634
0.646637
0.185106
0.370047
0.370047
0.292062
0.496293
0.496277
0.338984
0.292063
0.29626
0.169969
0.338982
0.646645
0.708125
0.30062
0.300619
0.308638
0.291981
0.00658143
0.340737
0.496161
0.00015705
0.312622
0.419637
0.0982637
0.370049
0.408685
0.263991
0.636658
0.215115
0.370057
0.370047
0.370048
0.714411
0.126496
0.530374
0.277987
0.00023784
0.0111381
0.438026
0.438026
2.82784e-05
0.308626
0.377294
0.131691
0.865142
0.0132045
0.0644551
0.48325
6.78695e-06
0.447647
0.277992
0.370059
0.410451
1.11033e-11
1.37712e-12
0.417185
0.370049
0.255447
0.016401
0.286665
0.949498
1.19804e-11
1.14277e-11
0.388297
0.370048
5.20219e-12
0.160268
0.547113
0.56616
0.370045
0.098421
3.03284e-10
0.535455
0.867218
0.264377
0.787298
0.327625
0.454177
0.307571
1.11888e-11
0.308633
0.612038
3.60921e-09
1.11085e-08
0.0757479
8.55715e-06
8.78939e-11
0.370043
0.327619
2.41824e-12
0.204146
2.41968e-12
0.229725
0.321955
0.646634
3.03075e-10
0.182988
0.378749
0.417193
0.531932
0.56838
0.370047
9.29191e-12
4.5418e-10
0.370054
5.20539e-09
0.997704
0.370047
5.01744e-11
0.370064
7.52285e-10
1.25236e-10
0.0988918
2.84755e-08
5.20746e-12
0.542518
0.370056
0.281018
2.03081e-12
4.59518e-12
0.25346
0.370049
0.559445
1.20745e-11
0.253466
0.34109
9.8871e-12
0.406016
1.84829e-11
0.370047
4.49374e-13
0.253467
9.92905e-13
0.413271
0.413284
0.413284
0.184219
4.04783e-12
0.121929
1.51837e-11
0.447629
2.42232e-12
0.370065
3.99145e-12
0.531946
0.327646
0.120408
1.59284e-10
0.370057
0.253458
0.177693
1.20809e-08
4.35204e-12
0.753747
2.41797e-12
0.599283
1.21594e-12
0.370056
0.280602
0.258331
0.178938
1.21406e-12
5.02393e-13
0.37007
0.253495
0.416759
0.307571
0.167463
2.3711e-11
0.109684
4.2188e-12
2.40854e-12
2.41638e-12
0.241039
0.520118
0.669619
0.370065
4.20062e-12
0.253478
0.370059
0.370057
5.19532e-12
0.227847
0.370043
0.370049
2.16757e-11
5.63072e-12
0.370052
0.447631
0.370056
0.229724
1.09873e-11
2.23741e-11
2.42021e-12
0.377288
1.235e-11
0.17545
4.50754e-12
6.36081e-13
1.04155e-11
0.946172
1.37515e-12
2.79803e-12
0.527875
0.603408
0.455408
2.06184e-11
0.612043
0.370066
2.28345e-10
6.66104e-11
9.33201e-11
0.646659
0.286658
1.63203e-12
0.307554
0.415787
0.25346
0.370049
1.65506e-10
1.84713e-08
5.64647e-09
0.131447
4.31695e-09
0.28387
0.566149
0.370047
0.938908
0.370055
0.300445
1.19753e-12
0.229727
0.599285
0.669585
0.417372
0.405598
0.160273
0.785831
1.76079e-10
0.37007
4.28434e-10
0.483244
0.602878
4.40984e-12
1.6188e-10
0.241024
0.370049
0.241022
0.421457
0.33898
6.2716e-12
2.06745e-11
0.370051
0.241039
0.53191
0.806524
0.568366
0.172519
0.184224
1.63587e-12
4.77127e-10
5.03429e-12
2.29581e-11
6.96736e-11
1.05585e-11
0.370052
0.370052
5.18145e-12
0.370414
0.238462
0.417386
0.417393
0.000658825
0.00140572
0.156066
0.156066
0.344237
0.370048
0.971494
0.455365
0.45537
0.496286
0.337481
0.370053
0.071047
0.94755
0.1296
0.0452602
0.016391
0.407441
0.370048
0.37006
0.802366
6.31874e-06
0.615407
0.124914
0.415633
0.0206556
0.282329
0.128812
0.204842
0.527812
0.370065
0.37007
0.728131
0.370065
0.495515
0.495508
0.572296
0.113436
0.0432216
0.00212345
0.162509
0.876391
0.126494
0.0286247
0.00537458
0.370056
0.370044
0.914055
0.277924
0.00163641
0.00017395
0.849538
0.769188
0.638172
0.0340783
0.253471
0.0544283
0.0204538
0.595224
0.122824
0.0237045
0.123992
0.734998
0.611667
0.856462
0.0957347
0.496313
0.323896
0.30959
0.00195936
0.415053
0.0279589
0.654858
8.02046e-05
0.109688
0.280606
0.00403513
0.804671
0.223844
0.253457
0.646641
0.242909
0.242909
0.46492
0.146959
0.274859
0.959699
0.9597
0.354831
0.102605
0.753759
0.354825
0.227844
0.605963
0.405635
0.625818
0.971208
0.253475
0.314956
0.904098
0.126496
0.0459255
0.75375
0.370043
0.722917
0.722917
0.566155
0.253463
0.253465
0.218319
0.52826
0.370046
0.407324
0.340681
0.92028
0.292061
0.109871
0.0913071
0.0942893
0.26438
0.59522
0.00016512
1.00206e-10
0.471743
9.60951e-07
0.86498
0.0378238
0.593892
0.228246
8.31543e-07
0.370066
0.169636
0.00911184
0.767595
0.593905
0.78998
0.725072
0.520092
0.410444
0.370053
0.815143
0.707241
0.442052
0.178921
0.417364
0.464906
0.340733
0.25349
0.410455
0.55717
0.438021
0.0933195
0.405443
0.314956
0.844408
0.052667
0.773712
0.370065
0.296269
0.408594
0.568397
0.605592
0.557954
0.45497
0.730727
0.801064
0.32974
0.0844459
0.465687
0.406021
0.253459
0.253463
0.438017
0.0402187
0.0889916
0.00404998
0.0900777
0.51563
0.503228
0.370054
0.167448
0.000631633
0.0495686
0.0619097
0.312623
0.253459
0.028878
0.140211
0.417618
3.05697e-09
0.172523
0.00782136
0.708154
0.461842
0.496508
0.496492
0.00842633
0.120394
0.097035
0.431923
0.4263
0.952163
0.311237
0.124727
0.377291
0.314954
0.283157
0.0732614
0.961089
0.496467
0.370047
0.0732693
0.417211
0.997583
0.415805
0.521031
0.312627
0.354831
0.696453
0.907176
0.370053
0.987068
2.15709e-06
0.234989
0.486059
0.820344
0.172243
0.167452
0.038443
0.279734
0.124727
0.252875
0.110225
4.981e-09
0.232083
0.370052
0.870941
0.389509
0.105317
0.176982
0.220679
0.204837
0.454153
0.109687
0.377293
0.347957
0.217034
0.383422
0.370052
0.62561
0.437977
0.370049
0.094649
0.0604291
1.38003e-05
0.00012242
0.520121
0.10445
0.248018
0.130208
0.22973
0.165161
0.37005
0.291697
0.646645
0.646645
0.383416
0.370053
0.19727
0.370057
0.557901
0.415786
0.496142
0.370048
0.41961
0.37006
0.292074
0.300608
0.300614
0.638015
0.574384
0.383424
0.156065
0.370046
6.48953e-08
0.0438059
0.0223601
3.86221e-12
0.438033
0.411935
0.338993
0.258346
0.464916
0.354826
0.258494
0.370043
0.410444
0.566154
0.474988
0.35483
0.908862
0.370056
0.438793
0.0732619
0.391286
0.551378
0.739346
5.01952e-05
0.40477
0.167441
0.370056
0.194687
0.370053
0.204843
0.370053
0.37005
0.177691
0.253479
0.751592
0.152772
0.000158864
0.0571263
0.182432
0.856731
0.182431
0.182428
0.182427
0.182426
0.182428
0.753748
0.53545
0.646653
0.612012
0.370056
0.370045
0.370046
0.370047
0.987069
0.535447
0.397211
0.18423
0.370047
0.477357
0.477358
0.416757
0.104749
0.314939
0.314925
0.253459
0.370064
0.370064
0.370069
0.306159
0.312645
0.391303
0.391296
0.391294
0.370048
0.419612
0.319583
0.0686447
0.319588
0.143187
0.319591
0.109219
0.238458
0.728655
0.00255985
0.370047
0.370047
0.640812
0.21585
0.767608
0.918456
0.719886
0.370055
0.0407045
0.087339
0.253457
0.496455
0.18243
0.412945
0.241042
0.515854
0.377459
0.370066
0.421478
0.253473
0.370057
0.370048
0.285101
0.813212
0.370049
0.370049
0.253459
0.370415
0.205009
0.370056
0.149712
0.471742
0.0540271
0.928862
0.000344515
0.000996046
0.253489
0.438021
0.292087
0.274896
0.435991
0.156062
0.354837
0.354822
0.409756
0.242923
0.524731
0.334419
0.529941
0.496168
0.928425
0.455395
1.37121e-09
0.482972
0.814185
0.273738
0.273747
0.946356
0.370049
0.901306
0.415627
0.147514
0.00360588
0.00107826
0.370047
0.296256
0.227846
0.959126
0.156066
0.20832
0.540938
0.568381
0.982547
0.32762
0.204842
0.37744
0.0588033
0.370067
0.0286994
0.327647
0.308131
0.272582
0.257195
0.28564
0.068031
0.249652
0.520093
0.370043
0.885901
0.200112
0.122713
0.319591
0.599284
0.34798
0.655996
0.248297
0.248298
0.150482
0.520088
0.156064
0.156065
0.310736
0.310747
0.00174301
8.35607e-07
0.258337
0.326174
0.453604
0.253459
0.52433
0.15188
0.377308
0.204854
0.000355242
0.370065
0.566171
0.225424
0.225422
0.327622
0.413271
0.198075
0.370049
1.40945e-06
0.406025
0.370051
0.532638
0.370045
0.112556
0.294325
0.876808
0.328887
0.542511
0.174146
0.169963
0.108249
0.718145
0.809406
0.370052
0.370052
0.585688
0.370414
0.66235
0.407089
0.25348
0.0276308
4.09512e-07
0.932724
0.37006
0.283565
0.131368
0.785104
0.646634
0.323492
0.182428
0.46285
0.327625
0.566162
0.370057
0.370046
0.204837
0.464907
0.307765
0.310238
0.756811
0.370058
0.0157939
0.0431196
0.296264
0.370056
9.05968e-11
0.000789499
0.568361
0.178896
0.883073
0.294337
0.172525
0.370065
0.0874132
0.0898659
0.383426
0.303056
0.811166
0.000294882
0.324715
0.43798
0.279736
0.111596
0.115844
0.945605
0.0144694
3.39876e-10
0.0216317
0.464906
0.464906
0.328594
0.939987
0.923552
0.000648561
0.208242
0.21832
0.370056
0.000211353
0.0121074
0.206561
0.0352559
0.00237398
0.801079
0.000101226
0.959163
0.00376937
0.464931
0.37006
0.708128
0.124726
0.435974
0.929737
0.611627
0.477348
0.708114
0.557919
0.533755
0.591417
0.0651467
0.253457
0.154381
0.86426
0.370047
0.661757
0.454162
0.286021
0.337823
0.496157
0.282888
0.282888
0.572294
0.167441
0.0642483
0.0813535
0.0697564
0.257528
0.0246365
0.0140401
0.370063
0.0180727
0.609563
0.489041
0.00315672
0.222334
0.396181
0.147244
0.370049
1.46528e-11
0.928004
0.296262
0.296255
0.0888032
0.443433
0.0222857
0.0325278
0.311243
0.600135
0.370044
0.634931
0.19017
0.002688
0.447628
0.0257313
0.253455
0.42096
7.57617e-12
0.579849
0.327314
4.07058e-12
0.579857
6.92884e-10
4.15951e-12
0.292062
0.566095
1.88861e-08
0.000710661
0.213668
0.025298
0.421457
0.0697574
0.184227
0.00111422
0.3555
0.669474
0.913565
0.370047
0.240932
0.285086
8.68962e-06
1.62775e-07
0.115383
4.07997e-12
0.280608
0.280608
1.27365e-11
0.611991
0.329895
0.131301
0.421366
0.327313
2.01015e-12
0.614073
0.47737
0.477361
0.370056
0.669569
0.370049
0.852777
0.496463
0.194517
0.370049
0.496472
0.849197
0.312642
0.312615
0.72565
0.312626
0.218192
0.136334
0.109687
0.327625
0.109688
0.109687
0.00881855
0.464911
0.251276
0.377443
0.251272
0.370054
0.960715
0.743164
0.419638
0.308633
0.0605763
0.294337
0.294333
4.51497e-06
0.693795
0.300452
0.300443
0.0501175
0.0617641
0.437979
0.406025
0.000842447
0.241942
0.370045
0.406016
0.406017
0.370047
0.406017
0.406029
0.114761
0.406019
0.365443
0.370056
0.208061
0.236594
0.264278
0.264269
0.370053
0.370065
0.370065
0.37007
0.370065
0.17546
0.152659
0.26408
0.406028
0.278833
0.454154
0.492189
0.831732
0.146516
0.468456
0.7851
0.573436
0.062421
0.333004
0.253457
0.703707
0.703707
0.253462
0.977618
0.977618
0.767584
0.859593
0.294329
0.370052
0.178938
0.370052
0.096336
0.370053
0.377458
0.356464
0.106543
0.258357
0.258357
0.258357
0.336131
0.258342
0.1811
0.37005
0.370043
0.370049
0.370049
0.370049
0.370053
0.370052
0.767627
4.81936e-07
0.430865
0.767604
0.419611
0.767604
0.767642
0.767632
0.767607
0.253475
0.864269
0.370056
0.620986
0.370056
0.300436
0.300447
0.370065
0.370065
0.37007
0.370065
0.646679
0.646678
0.697119
0.109689
0.0239735
0.370049
0.252875
0.279736
0.370049
0.852777
0.852777
0.292062
0.267096
0.109436
0.557905
0.279732
0.336687
0.336687
0.370054
0.567079
0.897417
0.447637
0.437999
0.533986
0.533986
0.420135
0.37005
0.730158
0.0799155
0.377304
0.753799
0.285073
2.064e-09
1.77437e-11
0.270469
0.354534
0.295715
0.285053
0.406065
0.0904907
0.19859
0.25346
0.310177
0.370052
0.249133
0.533968
0.0895713
0.23003
0.370047
0.229783
0.0959101
0.235874
0.234976
0.370056
0.113995
0.227846
0.370054
0.0639728
0.0639707
0.370052
0.370064
0.370064
0.370069
3.60362e-10
0.370064
0.109688
0.283881
0.109689
0.0107372
0.377442
0.21139
3.12309e-06
0.950385
0.370049
8.89241e-07
0.511471
0.708131
0.454145
0.417361
0.753743
0.253461
0.253461
0.253467
0.282886
0.282882
0.178941
0.535458
0.38342
0.31262
0.229726
2.63049e-08
0.236938
0.928003
0.486057
0.236958
0.438035
0.182432
0.182432
0.438026
0.438023
0.726282
0.496471
0.708099
0.232586
0.204839
0.370049
0.177692
0.177695
0.7576
0.370045
0.483216
0.177693
0.0641439
0.662519
0.0091859
0.241833
0.365279
0.599322
0.2535
0.535483
0.76766
0.126505
0.779786
0.370052
0.703765
0.579816
0.208311
0.370065
0.46828
0.699673
0.0430474
0.178942
0.621706
0.253462
0.878615
0.370049
0.204839
0.282884
0.370053
0.81107
0.540941
7.04781e-07
0.253457
0.416746
0.144684
3.90967e-10
0.693794
0.0749806
0.646633
0.566166
0.292065
0.931914
0.185491
0.0434337
0.31262
0.184223
0.432452
0.337491
8.94393e-12
0.607214
0.125489
1.04924e-09
0.126499
0.370057
0.477346
0.36534
0.662046
0.662055
0.477348
1.10818e-07
0.0033144
8.21425e-08
5.7503e-06
0.125479
0.353622
6.23781e-10
0.454152
0.281917
0.356118
0.929372
0.000998376
0.00208622
0.790965
7.82251e-06
0.708127
0.319592
0.868851
0.852774
0.0749877
0.197275
0.253477
0.454173
0.410462
0.410462
0.300463
0.204845
0.354827
0.370276
0.145259
0.708114
0.370049
0.156065
0.901531
0.279736
0.396301
0.852772
0.199532
0.124728
0.0515286
0.190484
0.279737
0.431935
0.00823144
0.109687
0.611638
0.456249
0.0799033
0.311133
0.0461789
0.0794419
0.0833324
0.241161
0.420332
0.370066
0.312651
0.937864
0.447641
0.389509
0.380164
0.292058
0.109686
0.182984
9.76403e-13
0.415623
3.35437e-10
0.540934
0.849554
0.0334072
0.437977
0.312627
0.370048
0.406071
0.20485
0.323497
0.312628
0.312644
0.224066
0.182429
0.107598
0.136038
0.370046
0.100117
0.204854
2.29879e-12
0.37007
0.0298592
5.22091e-12
0.370065
0.18243
0.59195
0.708035
0.934312
0.415779
6.27174e-12
0.406071
0.852777
0.119062
6.0658e-10
0.548541
4.20811e-07
0.646637
0.312626
0.0805374
0.524701
2.03377e-11
0.876473
0.141125
0.471757
0.370057
0.100327
0.646656
0.337823
0.246527
0.406077
0.0332409
0.852782
0.184234
0.483246
0.903853
0.370066
1.49348e-10
0.370057
0.0650698
0.286664
0.370043
0.37005
0.37005
0.156065
0.0231905
0.0165314
0.40603
0.659654
0.496282
0.0430931
0.354827
0.242909
0.656069
0.219683
0.370047
0.154199
0.154199
0.370054
0.341697
0.921359
0.921355
0.921356
0.41564
0.370064
0.44765
0.000137376
0.000136109
0.11649
0.413142
0.370055
0.296256
7.51481e-13
0.011023
0.561804
0.0527702
0.171234
0.171237
2.0718e-10
0.235876
0.17736
0.370046
0.370047
0.464905
0.0166553
0.178942
0.464912
0.496136
7.92745e-06
0.253466
4.05428e-12
0.045165
0.197263
0.226304
0.25346
0.124732
0.228845
0.0623887
0.296269
2.42627e-12
0.0547708
0.377299
0.296264
0.0596237
0.377443
0.178935
0.120395
2.4182e-12
0.370049
0.38342
0.852784
0.29207
0.122584
0.316799
0.852779
0.312626
0.370047
2.78707e-12
0.229527
0.370052
0.300616
0.370061
0.370058
0.508461
0.431943
0.253448
0.496148
0.483735
0.158143
0.27892
0.554786
0.474698
0.323852
0.323842
0.377449
0.176058
0.852779
0.852776
0.370049
0.312623
0.109687
0.669582
0.0871539
0.235531
0.184218
0.669566
0.708109
2.42058e-12
0.0851846
0.397379
0.774797
0.870665
0.27974
0.370055
0.64628
0.167445
0.438017
0.300446
0.292058
0.205108
0.253477
0.315511
0.447649
4.07016e-12
0.0837253
0.196445
0.447637
0.124726
0.120395
0.254768
0.53545
0.708114
0.285049
0.156066
8.44475e-12
0.370056
0.370045
0.253457
0.370047
0.40607
0.323487
0.114468
0.191517
0.246525
0.285061
0.109686
0.197266
0.825668
0.000424181
0.483216
0.483225
0.280613
0.11257
0.00975185
0.253478
0.26455
0.447647
1.08756e-12
0.101642
8.48206e-09
0.477348
1.53867e-11
0.608745
0.0103434
0.000223028
4.06256e-09
0.415626
0.125486
2.82744e-09
0.279732
0.370047
0.0768743
2.47937e-10
8.57618e-13
0.182429
0.566145
0.285056
0.285057
0.46491
0.46491
0.370052
0.421194
3.00272e-08
0.891153
0.828941
0.646691
0.215735
0.280614
0.0486211
0.291707
0.337824
0.792609
0.37005
0.433569
0.175448
0.596643
0.321334
0.109687
0.279737
0.438024
0.125574
0.852776
0.312628
0.405619
0.70485
0.465956
0.109685
0.496473
0.0396063
0.125487
0.312634
0.370056
0.370056
0.815085
0.370052
2.01265e-12
2.42335e-12
0.410469
0.181321
0.0114934
0.438013
3.10002e-08
2.96616e-06
0.00137415
0.392188
0.8585
0.228124
0.441473
0.417194
0.946177
0.312632
0.96953
0.905027
0.297602
0.372442
0.42146
0.455381
0.623148
0.400204
0.135468
0.0851312
0.572301
0.124725
0.49615
0.156066
0.204839
0.695277
0.370068
0.316815
0.197278
0.447649
0.413155
0.337831
0.37006
0.0490425
0.496141
0.37005
0.0350454
0.43798
0.376891
0.410444
0.316805
0.370052
0.609681
0.891348
0.226123
0.0897166
0.0206778
0.131781
0.211878
0.221796
0.435971
0.231223
3.537e-10
1.13966e-05
0.370054
0.542513
0.151816
0.204305
0.145947
0.0410724
0.122066
0.0669656
0.0373182
0.0618836
0.0832166
0.778154
0.274861
0.0829984
0.147185
0.406071
1.65901e-07
0.496144
0.496149
0.136706
0.0032273
0.429188
0.621114
0.0153733
0.984118
0.0804551
0.140571
0.312629
0.296538
0.0601364
0.125483
0.563556
0.280604
2.41578e-12
0.0683597
0.28387
0.411341
1.22017e-12
0.0977284
0.167938
0.477367
5.26014e-12
0.109688
0.438023
0.370048
0.00498637
0.370043
0.100282
0.370049
0.0454116
0.0196105
0.0103463
0.0140609
0.126492
0.204836
0.0364632
3.9998e-05
0.765096
0.520124
0.3235
0.525236
0.182995
0.0728636
0.354837
0.0760815
0.370061
0.370044
0.370052
0.370065
0.542532
0.464935
0.134205
0.370074
0.591279
0.126499
0.833441
0.134417
0.421693
0.552961
2.41072e-05
0.876391
0.370049
0.370052
0.815141
0.557943
0.931767
0.533977
0.533987
4.4691e-05
0.105013
0.283877
0.126495
0.0550744
0.455387
0.41721
0.109688
0.568374
0.145224
0.370049
0.540935
0.179716
0.156067
0.300623
0.27068
0.370066
0.370066
0.37006
0.679766
0.328968
0.566155
2.99452e-11
0.753748
0.370049
0.753748
2.41975e-12
0.338982
0.00133758
0.308617
0.253457
0.962133
0.231889
0.132762
0.370056
0.370054
0.274859
3.31509e-05
0.264152
0.4172
0.327624
0.327624
0.32761
0.0779633
0.261504
1.76477e-09
0.126501
0.280613
0.000340886
0.177916
0.327633
0.296263
0.296256
0.753749
0.00440056
0.0258288
0.109688
0.125932
0.0244981
0.542509
0.128576
0.438007
0.0525942
0.0595326
0.776245
0.396178
0.370054
0.370052
0.338976
0.274869
0.566166
2.41558e-12
0.370052
2.41558e-12
0.0286375
0.370053
0.370066
0.370066
0.0321927
3.05649e-08
0.40565
0.109687
0.181554
9.53541e-06
0.0113336
0.149478
0.149472
0.0146425
0.66484
0.913008
0.753758
0.370052
0.619086
0.0445192
0.0161783
0.716234
0.0492013
0.438012
0.524724
0.2757
0.524705
0.120402
0.370059
0.000698358
0.370056
0.0302288
0.10115
0.0303173
0.204854
0.370065
0.201646
0.370064
0.0657938
0.20792
0.0384344
0.294331
0.729452
0.894457
0.000102502
0.0960971
0.370049
0.605783
0.520097
0.455386
0.455401
0.922371
0.520086
0.00479898
1.5431e-10
0.477346
0.477355
0.258339
0.258326
0.749283
0.0451515
0.864256
0.82005
0.715686
0.253461
0.770903
0.85706
0.447647
0.509104
0.447649
0.168229
0.16314
0.932474
0.0267432
0.0252603
0.253462
0.0941675
0.701519
0.911365
0.258334
0.258338
0.782491
0.794507
0.158582
0.0978085
0.20829
0.00145323
0.0181175
0.00142945
0.967391
0.657678
0.244012
0.244013
0.221794
0.01755
8.33286e-07
1.26757e-09
0.370053
0.0028798
0.00201928
0.000209713
0.370063
0.179002
0.191092
0.23001
2.32173e-05
0.140253
0.377289
0.370043
0.08799
0.108817
0.167926
0.291703
0.484707
0.156064
0.225297
5.25095e-10
0.147515
0.160401
0.234992
0.139252
0.308856
0.253451
0.496294
0.496295
0.496288
0.496288
0.962186
0.370049
0.0478168
0.28164
0.767643
2.15273e-06
1.35515e-06
0.134924
0.0469234
0.23846
0.464918
0.464906
0.185316
7.43884e-05
0.144825
0.000277329
2.80876e-05
0.0153338
9.92857e-05
0.464919
0.0447762
0.0123016
0.374534
0.803771
0.32762
0.803777
0.0744055
0.370052
2.94428e-05
3.60643e-05
0.24104
2.44725e-06
0.105647
0.180936
0.827839
0.00540242
0.000105672
0.0595044
0.258353
0.0213079
4.6363e-11
0.753771
1.06465e-05
0.00170736
0.580016
0.0596706
0.45475
0.00164055
0.00404258
0.000787541
0.00174196
0.000557274
0.902357
0.127064
0.421459
0.0114307
0.0557706
3.88984e-05
0.258226
0.226299
0.0657506
0.0200167
0.0989308
0.204901
0.0440633
0.0470198
0.085022
0.648304
0.364478
0.364484
0.277967
0.520582
0.795357
0.480166
0.417375
0.115629
0.310149
0.295099
0.405611
0.440819
0.300776
0.307561
0.0526656
0.143487
0.241825
0.00636956
0.438011
0.438011
0.477345
0.00958558
0.048786
4.62404e-08
2.0378e-10
3.52861e-10
0.156815
0.17252
0.203252
4.53977e-07
3.30772e-06
0.000504847
0.0288428
0.00128539
0.0139936
0.127867
0.0353288
0.732205
0.126496
0.370048
0.321951
0.762384
0.531828
0.413278
0.413278
0.370052
0.137828
0.0888233
0.264366
0.391283
0.391285
0.49647
0.106357
0.496482
0.496476
0.383412
0.383422
0.0428817
0.156067
0.156067
0.40477
0.404767
0.0571855
0.370066
0.535478
0.351491
0.217828
0.253481
0.253481
4.34706e-10
6.78557e-11
8.15194e-08
9.05129e-06
0.00141712
0.933079
0.61175
0.378623
0.0816863
0.337819
0.25835
1.60154e-06
5.41799e-06
0.845417
1.92807e-06
0.416748
0.421476
4.49788e-11
0.103133
3.86997e-11
0.370059
0.286671
7.21668e-07
0.126497
9.0096e-07
0.12548
0.000392885
0.167454
0.00039293
0.370065
0.109688
0.00024936
0.435986
0.000249295
0.000249258
0.370049
0.000392707
0.000757924
0.593766
0.182428
0.351926
0.000757979
0.300466
0.119698
0.370046
0.783899
0.126495
0.53399
0.0406797
0.477353
0.000392706
0.000758031
0.35192
0.337823
0.109688
0.000757994
0.00275492
0.167929
0.976141
0.1265
0.00030551
0.669613
0.126502
0.300475
0.415636
0.370057
0.345424
0.00168477
0.572275
0.370049
0.279737
0.0392888
0.000622677
0.00168487
0.126499
0.839486
0.285046
0.220909
0.109497
0.126494
0.44764
0.17888
0.253457
0.16745
0.354833
0.0025294
0.00192476
0.496151
0.316217
0.316216
0.109689
0.316216
0.316221
0.00451824
0.000622803
0.370064
0.415634
0.316216
0.458984
0.939486
0.316205
0.435317
0.542505
0.370049
0.496149
0.540933
0.068952
0.0655182
0.292048
0.308407
0.370047
0.370047
0.402592
0.17894
0.126491
0.461822
0.292063
0.307561
0.377442
0.0709408
0.370049
0.566162
0.000756056
0.370065
0.370071
0.902456
0.370066
0.471769
0.370059
0.314945
8.09934e-07
0.282884
0.275946
0.0369274
0.00285686
0.370049
0.455379
0.177695
0.00219795
0.126492
0.419607
0.354827
0.000112533
0.0633461
0.321961
2.44075e-12
0.258357
0.253493
0.00919206
0.235319
0.370063
0.926238
0.533917
0.109688
0.253474
0.000131074
0.253478
0.294337
0.531944
0.646679
0.595232
0.00420342
0.683442
0.0400591
0.468108
0.00250187
1.80894e-09
0.455371
0.454156
0.646654
0.308624
0.419605
0.282881
0.496286
0.00584752
0.308617
0.163706
0.483225
0.337815
0.00533255
0.455388
0.00228989
0.370053
0.218319
0.253457
3.96501e-12
0.292077
0.00533358
0.461081
0.177703
3.97548e-12
0.425013
0.253473
0.00642378
0.00321743
0.533902
0.00544799
2.41836e-12
0.886282
0.000933992
0.533905
0.167449
0.612022
0.000872352
0.0352087
0.0899922
0.00260004
0.00260004
0.253474
0.611639
0.300606
0.881556
0.370056
0.000872577
0.447631
0.218319
0.717318
0.886285
0.370065
0.886269
0.274881
0.354842
0.126501
0.977981
0.886273
3.96235e-12
0.00181643
0.000872478
3.38344e-09
0.886282
1.12414e-09
0.280604
0.717323
1.44159e-09
0.370056
0.717321
0.106524
0.0018164
0.00126161
0.132535
3.9691e-12
0.109687
2.41337e-12
0.109687
0.405625
0.285047
3.38235e-09
3.38235e-09
3.96062e-12
0.125481
0.234096
0.281029
0.886265
0.44765
0.000636759
0.300476
0.000636643
0.417376
2.24868e-09
0.613455
3.96498e-12
0.886283
0.281018
0.000636463
0.886277
0.252126
0.99561
0.717323
0.370046
0.592673
0.323488
0.370048
2.25581e-09
0.370058
0.717327
0.370058
0.00137053
0.80372
1.10059e-09
0.327631
1.12255e-09
1.0988e-09
0.234094
0.875954
0.253478
0.109688
0.281028
0.54253
0.717325
0.717322
0.167444
0.300609
0.0539875
0.167445
0.307559
6.8792e-05
6.88003e-05
0.377444
0.0265051
0.917655
0.377439
0.354827
3.4534e-05
0.0196093
0.712247
0.839493
0.0524768
0.531932
0.844953
0.408712
0.272426
0.167446
2.41881e-12
0.864257
5.23326e-05
5.23264e-05
0.312648
0.383434
4.50749e-10
0.370066
0.281025
0.774802
0.163974
0.435315
0.483212
0.483221
0.496144
0.370049
1.39973e-12
0.126496
0.000399099
1.39695e-12
1.39832e-12
0.477345
0.197266
1.39985e-12
0.370057
0.370055
0.370047
0.29433
0.370056
0.253462
3.97783e-07
0.296261
4.16125e-09
0.566161
0.71732
1.40082e-12
1.48701e-10
0.338222
0.253475
0.370064
2.42999e-12
1.39768e-12
1.39867e-12
0.417199
1.3992e-12
0.280604
0.281018
0.908769
0.47175
0.839494
0.126498
2.42995e-10
2.4165e-12
0.613458
0.454152
2.42018e-12
2.42145e-12
0.229726
0.717321
0.370054
0.294329
2.41587e-12
2.41587e-12
0.477351
0.413276
0.18243
0.214741
4.7384e-10
0.370071
0.370066
2.42626e-12
0.68983
0.37006
0.223857
0.184222
0.0894982
0.0230324
0.023703
0.00102013
0.0254835
0.159815
0.370052
0.370056
4.61557e-12
4.61953e-12
0.370047
0.0579802
0.447628
0.241494
0.518095
0.241146
0.0175949
0.370061
0.0135131
0.412075
0.144375
0.133873
0.152762
0.839491
2.4243e-12
0.717321
0.370065
0.325905
0.620717
0.321385
0.218321
0.688923
0.000203768
0.167443
0.717323
0.0144764
0.717323
2.41967e-12
2.42434e-12
2.43892e-10
0.000429549
0.839491
0.717326
0.281017
0.977989
0.727314
0.599282
0.717321
0.370055
0.370055
0.477352
0.370053
2.41697e-12
0.109688
0.370054
0.370067
0.0970779
1.64807e-10
2.42585e-12
0.000622288
2.42585e-12
0.000429748
0.53193
0.0326386
0.572287
0.297598
0.334144
0.839488
0.778156
0.354831
2.42424e-12
0.370056
0.167442
2.41731e-12
6.82168e-07
0.370047
0.413537
0.167453
2.42345e-12
0.717323
0.253469
2.42417e-12
2.41921e-12
0.839488
0.839488
0.417182
0.391291
0.000468943
1.03341e-07
0.88155
0.413297
0.0086428
0.00589756
0.125486
0.0115169
0.669917
0.949544
0.286655
0.00116167
0.254442
0.370049
0.286665
0.00376259
0.792374
0.236929
0.438009
0.286662
0.200096
0.125083
0.253468
0.376476
0.291698
0.292061
0.532649
0.744298
0.308625
0.423572
0.253456
0.887264
0.201612
0.566186
0.208483
0.313863
0.146012
0.0667612
0.542393
0.603823
0.612003
0.258224
0.253457
0.977432
0.483187
0.281018
0.281021
0.11264
0.240623
0.370046
2.88503e-05
0.442179
0.167448
0.253464
0.613422
0.334162
0.238454
2.4266e-12
0.184233
0.156065
0.218319
0.258344
0.611991
0.717319
9.18413e-12
0.839492
0.534025
0.206166
9.73395e-06
0.767639
0.24653
0.646085
0.370047
0.839492
0.258329
0.370049
0.0728547
0.19767
0.688925
0.688931
0.000248264
0.19726
0.839491
0.370048
0.253779
0.253463
0.370054
0.774292
0.967476
0.168914
0.291703
6.12851e-12
0.447998
0.370053
0.167444
0.26048
0.356924
0.897817
0.407057
0.717327
0.897823
0.415644
0.612025
0.24653
0.156066
0.172519
0.415616
0.312623
0.717323
0.37005
0.370053
0.646654
0.0727646
0.413272
2.74029e-12
0.408714
0.370047
0.436106
2.02783e-09
0.455393
0.0129689
0.193109
0.283881
2.41875e-12
0.415793
0.197266
0.27242
0.00036305
0.566181
0.182433
0.370069
0.839495
0.227859
0.599305
0.370058
0.370056
3.61676e-11
0.337816
0.126492
0.717323
0.417367
0.431931
0.496472
0.461822
0.477358
0.370045
5.28684e-12
0.370047
0.241028
0.125481
0.417205
0.370052
0.370044
0.41045
0.167448
0.646651
0.410448
0.410448
0.296257
0.321957
0.000253615
0.0743293
0.447653
0.402606
0.613433
0.49617
0.253473
0.881548
0.229297
0.33898
0.881545
0.109688
0.599276
0.268027
0.327624
0.437995
0.572302
2.41563e-12
2.41777e-12
0.524702
0.708109
0.496286
0.403276
0.547889
0.41045
0.1049
0.35484
2.43129e-12
0.406085
0.268016
0.00538059
0.05581
0.244021
0.599308
0.75255
0.675678
0.253478
0.286682
0.717326
0.496153
2.65104e-11
0.253462
0.167443
0.370049
0.118032
5.39793e-05
0.071907
0.291701
0.282887
2.41445e-12
0.167444
0.881551
0.167446
0.00197754
0.49615
2.41988e-12
0.785095
0.167449
0.455387
0.57627
0.455369
0.370053
0.0443042
0.595225
0.280615
0.193123
2.42311e-12
0.520119
0.717327
2.42586e-12
2.42329e-12
0.354835
0.167444
2.42085e-12
0.83949
0.0992913
0.10489
0.839489
0.388085
2.42429e-12
2.42595e-12
0.167442
0.112446
0.598351
0.167446
0.839493
5.64492e-12
5.63961e-12
0.572281
0.169972
0.319594
0.268028
0.167446
0.167446
0.267817
0.167445
2.42045e-12
0.312642
0.37007
0.415642
0.253477
2.42413e-12
0.18423
0.10653
0.717323
0.167447
0.216716
0.370049
0.333291
2.41846e-12
2.41962e-12
0.253466
0.483233
0.126492
0.113743
0.717326
2.42026e-12
0.0405562
0.370054
0.370053
2.4133e-12
2.41985e-12
0.41779
0.000110432
0.18243
0.370052
0.167443
0.370053
0.268028
0.950618
0.370071
0.370066
0.44765
2.42657e-12
2.65612e-11
0.557928
0.854732
0.661889
0.752525
2.65158e-11
0.167445
0.125481
0.253464
0.26802
0.752531
0.166639
0.139687
2.42119e-12
0.408717
0.370048
0.281023
0.865239
2.4219e-12
0.187153
0.612026
0.280607
0.717325
2.42303e-12
2.41222e-12
0.533911
0.77619
0.64668
0.167455
0.0392946
4.962e-12
0.253477
0.300615
0.437988
0.167444
0.167446
0.496455
0.338979
0.338979
0.370049
0.54251
0.370051
0.109686
1.46831e-10
0.612811
0.167447
0.178938
0.227847
0.294329
0.29626
0.566145
0.395709
0.370058
0.402594
0.377293
0.669589
0.370052
0.321959
0.40261
0.447647
0.37007
0.370066
0.294337
0.370066
2.32969e-11
0.268029
0.496284
0.447629
0.223842
1.39889e-12
0.37005
0.483221
0.370053
0.125483
0.477358
0.708101
0.370046
0.167446
0.167446
0.319585
2.42616e-12
0.258344
2.41728e-12
0.738672
0.752537
0.383422
0.365605
0.0442328
0.312613
0.316805
0.370062
0.455387
0.370067
2.42015e-12
0.0405619
0.253471
0.354833
0.461823
0.717323
0.167447
0.370043
0.533983
0.321892
0.370049
0.572292
0.285057
0.274878
0.370045
0.524698
0.370047
0.370047
0.274865
3.31272e-09
4.5226e-08
2.50726e-08
0.115834
0.2515
0.406025
0.370052
0.00998646
0.0724778
0.308625
0.0851664
0.0123979
0.180636
2.77212e-12
0.674916
0.193122
0.717327
0.566167
0.752531
0.761987
2.85095e-05
0.370049
0.124726
0.753747
4.95488e-12
0.410447
2.42659e-12
2.41568e-12
0.447626
0.167447
0.167447
0.167447
4.98805e-12
2.43235e-12
0.939493
2.43052e-12
0.377456
0.964996
0.839498
0.408652
0.767304
0.185725
0.717322
0.312646
0.239841
0.455408
0.520117
0.0664129
2.85129e-10
0.229729
1.83333e-12
0.370049
0.964975
7.29168e-09
0.319588
7.36029e-12
0.000589195
0.40477
0.167453
0.315697
0.49646
0.533989
0.370047
0.272429
0.524712
0.370052
0.717321
0.258343
0.272431
0.272424
0.14912
0.370053
0.272424
0.109688
2.18876e-11
4.96359e-12
0.312649
0.156067
0.72144
0.208308
0.175103
0.772141
0.370048
0.531919
0.454145
0.323492
0.370049
0.764119
0.370053
0.370052
0.13368
0.279733
0.993011
0.993011
0.413276
0.370047
0.993022
0.542513
0.993014
0.993025
0.370056
0.370054
0.226822
0.993026
0.370047
0.993025
0.370065
0.285067
0.261272
0.406089
0.370065
0.646678
0.261259
0.337823
0.0327804
0.839493
0.323485
0.370049
0.283869
0.398577
1.30024e-05
0.116783
9.58366e-07
0.253453
0.636121
0.370047
0.0390594
0.543086
0.16745
0.788605
3.589e-05
0.383422
2.42125e-12
0.370052
0.337822
0.595221
2.41622e-12
0.572292
0.767643
6.44147e-05
0.00408813
0.307572
7.64721e-12
0.234767
0.4501
2.41911e-12
0.0325789
0.429192
0.428396
2.78317e-11
0.285049
0.0371842
0.000261602
0.759435
0.354835
0.370047
0.258334
0.542503
0.370049
0.0371826
0.336905
0.370058
1.33618e-07
0.370058
0.739659
2.42299e-12
0.708134
1.15574e-07
0.455347
0.695535
0.370065
0.402605
0.0413761
1.15607e-07
2.42405e-12
8.02993e-08
2.42206e-12
0.506261
0.216999
0.321951
0.0372111
0.595214
0.595214
0.186929
0.02496
0.241032
0.40603
0.13367
0.253458
0.447629
0.370048
1.2509e-09
5.13845e-05
0.0371851
0.281016
8.02714e-08
2.42336e-12
0.477353
0.0247093
0.0371866
8.53287e-05
0.370054
0.599312
8.53811e-05
0.0371937
8.03216e-08
0.25348
8.03216e-08
0.0371878
0.40603
0.312621
0.37005
3.86863e-05
0.408711
0.455371
7.89112e-10
0.464125
5.42177e-09
0.211044
0.227839
0.370046
0.177692
0.370047
0.568365
0.370056
0.48323
0.447622
0.568382
0.370056
0.174458
0.354831
0.370054
0.242902
0.258277
0.370064
0.370064
0.104977
3.89105e-05
5.5257e-05
8.51395e-05
0.00111127
0.0300331
0.0179285
0.174029
0.566143
0.402587
0.181865
0.455371
0.00230858
0.159814
0.00616613
2.41439e-12
0.646087
0.416746
2.42013e-12
0.00354561
0.241073
0.165366
0.370406
2.41972e-12
0.66926
0.370052
0.000210965
5.48385e-08
0.000312219
0.622766
0.0833369
0.354842
0.00354719
0.296269
0.599309
0.370066
0.49616
0.281024
0.2917
0.566155
0.261241
0.308621
0.454151
0.40871
0.323494
0.323493
0.370056
0.669564
2.41774e-12
0.380632
0.253462
2.42057e-12
2.45914e-12
0.00161992
0.000791598
0.294337
0.699008
9.2347e-08
2.44345e-12
0.370068
0.370042
0.431934
0.669608
2.42405e-12
0.37007
0.253478
0.370065
2.42447e-12
0.24653
2.41769e-12
2.41753e-12
0.109687
0.370043
0.00342321
2.41865e-12
0.370049
0.000312264
0.377444
3.73522e-05
0.532013
0.00228973
2.42017e-12
0.131623
0.253461
2.42142e-12
0.611633
0.182428
0.404774
0.660588
2.417e-12
0.708123
2.417e-12
2.4171e-12
2.4189e-12
0.0362624
0.00740901
0.300474
0.669263
0.321965
0.566185
0.000168007
0.00016798
1.5428e-06
9.71751e-07
1.29699e-06
9.71604e-07
2.95594e-11
2.41843e-12
0.417371
9.72047e-07
0.612022
1.29676e-06
0.0052595
2.41976e-12
0.0373977
0.000210937
0.167453
0.000131449
0.370047
0.253469
0.227852
0.612011
0.000210985
0.612011
0.279737
2.41663e-12
0.595243
0.496309
0.37007
0.359641
0.3196
0.750339
0.294332
0.0710711
9.99189e-08
0.323491
0.455364
0.197264
1.39893e-12
1.39893e-12
0.000141811
0.572292
0.00910505
4.65757e-09
0.321758
0.244003
0.144763
0.323488
0.370054
0.370053
0.338976
0.370054
0.417207
0.990575
0.308625
0.370052
0.708114
0.611633
0.417225
0.417226
0.125489
0.612039
0.557961
3.92362e-08
0.125487
0.28764
1.72373e-11
0.37729
1.02153e-11
0.370049
0.283869
0.275951
0.00740757
0.000141828
0.431941
1.02059e-11
0.133159
0.280605
5.27898e-08
0.253463
1.72295e-11
1.72072e-11
0.307559
0.484578
0.286796
0.261256
0.750337
0.534005
0.308621
0.167444
0.294337
0.0006595
0.438015
0.438013
0.391304
0.294337
0.738672
0.0118991
0.739657
0.612005
0.0326387
0.253459
2.41845e-12
0.0570264
0.496291
0.300609
0.542516
2.41453e-12
0.00015684
2.42057e-12
0.496141
0.253462
0.370054
0.370053
0.739658
0.296396
0.455394
0.181012
0.572293
0.930521
3.93982e-07
0.613454
4.35358e-08
0.12495
0.370071
0.524731
0.161236
0.542533
0.464922
0.242915
0.316801
0.15509
0.68013
2.49571e-06
6.59152e-07
0.496287
0.227847
0.5339
6.59642e-07
0.253453
0.292049
0.253461
0.698627
0.646089
0.253474
0.162906
0.1629
0.417212
0.946527
0.370054
0.370054
0.167446
2.41366e-12
0.370053
0.281028
0.274876
0.109689
2.4228e-12
2.62584e-06
2.4228e-12
4.40587e-08
0.253464
0.612001
0.595215
0.27486
2.62402e-06
0.00324568
0.159812
0.370053
0.431934
2.4257e-12
2.41421e-12
0.666678
0.354827
0.286784
2.42011e-12
2.42137e-12
0.454157
0.370044
0.370054
0.377446
6.89998e-10
0.18243
0.56616
0.572284
2.41763e-12
0.370066
0.370066
2.4234e-12
0.124734
0.540957
0.370066
0.37006
0.286801
0.669571
0.184966
0.542494
0.370049
0.370049
2.41819e-12
2.42013e-12
2.42445e-12
0.646776
2.41558e-12
0.455369
0.258273
2.34003e-06
0.253462
2.43724e-12
0.612033
0.612012
2.43052e-12
0.520113
0.391297
7.43425e-07
1.08919e-07
2.41137e-12
6.36006e-08
6.3662e-08
0.294337
2.42258e-12
2.42445e-12
0.370065
0.370065
7.43163e-07
0.612016
0.225859
9.85746e-07
0.455363
0.45537
0.28679
1.75854e-08
0.370053
0.370052
0.370056
0.253453
0.216967
0.666738
0.359717
0.216972
0.899092
0.521395
0.159372
0.404774
0.0653505
0.35483
4.77725e-10
0.156066
0.568369
0.383422
2.50124e-11
0.383434
0.216989
0.789293
0.216992
0.134137
1.76028e-08
1.51486e-06
0.216966
1.51468e-06
0.669562
0.370049
0.370049
0.595214
0.312627
8.21153e-08
0.417217
0.417182
0.483215
0.238492
0.611623
0.370047
0.370056
0.416756
0.370408
0.0445414
0.308626
0.129205
0.011213
0.454157
0.307557
0.483225
0.540953
0.296268
0.184233
0.286682
0.312646
0.753786
0.75377
0.0292296
0.0697134
0.241029
0.292048
0.406021
0.228227
0.708113
0.370052
0.370051
0.75243
0.292045
0.370046
0.00822625
0.370047
0.370047
0.281021
0.00178624
0.216959
0.370055
0.455384
0.177687
0.216965
0.277974
7.07399e-09
0.0327236
0.370066
0.216988
3.83152e-06
0.216994
0.572319
0.210884
7.22706e-25
1.51897e-06
0.684252
0.30862
0.253457
0.378711
0.370049
0.684251
4.3222e-06
0.753761
2.598e-06
0.370046
2.59593e-06
2.59645e-06
0.684257
4.40512e-08
1.95303e-08
5.74579e-08
0.931985
0.0295093
0.406035
3.21445e-07
0.0741524
0.568383
0.406066
0.370052
0.613444
0.253475
3.11481e-09
0.370065
2.16837e-07
0.370065
0.878109
2.16653e-07
0.611999
2.16646e-07
0.253455
2.41839e-12
0.253459
0.216968
9.07808e-08
0.283877
0.370056
0.447621
6.17229e-08
0.00179981
0.109686
0.174002
1.19517e-07
2.84603e-06
2.41472e-12
0.145205
0.327632
0.138479
3.98752e-08
0.431935
4.51654e-12
0.189387
0.00942455
0.611659
0.611667
0.61166
0.370066
0.147758
0.000176834
0.383425
0.208324
0.233917
0.568359
0.410444
4.51742e-12
2.41827e-12
0.177692
0.746313
0.123261
0.228823
0.156335
0.370047
0.540924
0.253461
0.0737245
0.204844
0.054099
0.778203
0.370056
0.105279
0.286665
0.542513
0.323491
0.613464
0.478809
0.570682
0.56619
0.438011
0.455404
1.30669e-08
0.164875
0.447635
0.876389
0.370049
2.1657e-07
0.89667
0.612003
0.612003
0.753756
0.218317
0.370056
0.125478
0.370046
0.454152
0.370047
0.253461
0.878529
0.370052
0.557887
0.164636
0.417373
0.218319
0.107452
0.218319
0.370049
0.218319
0.612036
0.417226
0.11304
0.417231
0.31265
0.177703
0.646668
0.53193
0.437977
0.253463
0.370043
0.370049
0.417366
0.370049
0.370053
0.296259
4.96692e-07
0.684251
0.370046
0.174001
0.314938
0.56615
0.410462
6.19024e-08
0.258351
0.337826
0.417386
0.25348
0.585513
0.300476
0.646633
0.708122
0.253474
0.612035
0.524737
0.216989
0.253478
2.42444e-12
0.370059
2.41755e-12
0.370047
0.612005
0.410436
1.4022e-10
6.17282e-08
0.312623
0.253463
0.41737
0.612022
0.611992
0.216966
0.878522
2.42013e-12
2.42013e-12
2.42136e-12
0.280607
2.41314e-12
2.42133e-12
2.42252e-12
2.41705e-12
2.41705e-12
4.5153e-12
2.41714e-12
2.41895e-12
2.42424e-12
0.612036
0.455409
0.520119
2.42576e-12
0.612037
0.37006
2.41814e-12
0.370048
0.37005
2.41835e-12
0.684251
0.560977
0.7676
0.612011
0.455387
0.415632
0.370045
0.241024
0.25346
0.370047
0.294324
0.417217
0.370054
0.535445
0.29433
0.767623
0.280605
0.167446
0.17769
0.300439
0.000111739
0.0245795
0.953514
0.928001
0.928007
0.291723
2.76923e-07
0.612021
0.612015
0.253458
0.307559
0.496134
0.120395
0.370049
0.0734595
2.28269e-12
0.109686
0.543104
0.370045
2.41709e-12
0.613458
2.42028e-12
2.42028e-12
0.612015
0.327625
0.0229095
0.000108697
0.415631
0.59522
0.672832
0.978165
0.370049
0.684247
0.612036
0.259359
0.370071
0.370066
0.0799554
0.216993
0.37006
0.370057
0.370048
0.612007
0.200303
0.0539319
0.612003
0.417193
0.995321
0.612013
0.684257
0.611996
0.612001
2.42117e-12
0.2917
0.370048
0.612035
0.370058
0.684255
0.370058
2.42821e-12
0.370056
0.612018
0.184227
0.44762
0.35483
0.286678
0.241041
0.61204
0.300619
1.04285e-12
0.370064
0.259345
0.370056
0.229724
0.684253
0.280601
0.162509
0.684251
0.224028
0.646652
0.300458
2.42615e-12
2.41457e-12
0.611999
2.42066e-12
0.612004
0.370047
0.216979
0.120398
0.684249
0.370058
0.0395291
2.4196e-12
2.4196e-12
0.370054
0.370051
0.370056
0.431956
0.684249
0.204859
0.483246
0.370066
0.25348
0.646668
0.370057
0.417189
0.253462
0.477339
0.25346
0.25346
0.25346
0.253463
0.253467
4.51496e-08
0.370045
0.370046
0.533986
0.149915
0.435868
0.354835
0.931978
0.415782
0.354834
0.931507
0.415794
0.354831
0.415794
0.354825
0.415788
0.000977341
0.0203474
0.119193
0.415813
0.61203
0.280613
0.370057
0.370055
0.238671
0.31858
0.585467
0.318576
0.25346
0.406071
0.253463
8.97516e-08
0.6584
0.416744
1.50592e-05
3.08182e-12
0.618521
0.300609
0.902022
0.242913
0.319585
0.323496
0.17594
0.111488
0.370052
0.167928
0.318571
0.25346
0.210876
0.182268
0.261274
0.611661
0.253481
0.216992
0.37006
2.41869e-12
0.542502
0.524705
0.410436
0.283869
0.321952
0.45537
0.204843
0.318583
0.477359
0.496137
0.496138
0.178938
0.66668
0.684256
0.370063
2.43237e-12
0.370052
0.415148
2.43219e-12
0.16031
0.216986
0.214613
0.370045
0.0240308
0.4554
2.42437e-12
0.253479
0.370427
0.370065
0.259358
9.90511e-12
0.370056
0.300445
0.557915
0.109687
0.296257
0.216969
0.987403
0.321955
1.91787e-10
0.370056
0.402582
0.253457
2.2766e-05
2.45147e-05
1.10012e-11
0.939917
0.370052
0.762007
0.708129
1.10099e-11
1.09872e-11
0.612007
0.761996
0.216965
1.09955e-11
0.172523
0.316815
0.300474
0.332833
0.231781
0.167495
0.0375688
0.334656
1.09868e-11
0.612005
0.370043
1.24017e-07
0.216967
0.572285
0.837574
0.939919
9.17452e-08
0.823483
0.257744
0.300449
0.236932
0.370047
0.167931
0.939921
0.300445
0.281022
0.370056
0.939907
1.0996e-11
0.285052
0.253452
0.109688
0.939913
0.229732
0.258353
0.524729
0.253477
0.0741576
0.463674
2.16498e-07
0.308619
0.939913
0.000922475
0.939906
0.43798
0.568369
0.184224
0.172518
0.184232
0.762003
0.613466
4.20598e-10
0.152384
0.00387362
0.415629
0.275953
0.435968
0.599286
0.406076
0.370052
0.437977
0.370052
0.572284
0.370053
0.383435
0.272569
0.300623
0.327648
0.285075
4.66542e-10
0.000340419
0.455388
0.939907
3.23221e-07
0.455366
0.684251
0.370049
0.708114
0.241608
0.761977
0.684258
0.172519
0.370411
0.161226
0.684258
0.612008
0.438026
0.441201
7.28808e-10
0.417378
0.383426
0.383424
0.337824
0.21288
4.96466e-05
3.54606e-10
0.457441
0.167454
0.37007
0.319601
0.815179
0.00090538
0.684253
5.56642e-08
0.00324875
0.370049
0.370043
0.259329
7.28041e-10
0.897811
0.370052
9.8547e-07
3.55559e-10
0.184218
0.126493
0.417365
0.261248
0.167925
0.752626
0.162057
0.141025
2.88506e-07
0.00337294
9.93709e-05
0.52471
0.124725
0.524705
0.218319
0.308635
0.308634
0.868487
0.109688
0.227862
0.00273263
0.156066
0.241033
0.316801
2.43651e-07
2.43534e-07
0.167445
0.612003
0.000792482
0.0385192
0.616943
2.43841e-07
0.542495
0.437974
0.708107
0.370047
0.109687
7.29569e-10
0.151711
1.59495e-11
0.000697677
0.417376
0.17252
0.684248
0.227846
4.10401e-07
0.753754
0.253472
0.156068
0.370069
0.438012
0.253476
0.3196
0.646663
0.646656
0.370048
0.109687
0.18422
0.666677
0.761994
4.10648e-07
0.370053
0.00183515
3.63905e-10
0.483213
0.253456
0.000918316
0.404762
0.391866
0.217613
0.323493
0.370044
0.363315
0.217616
0.370052
0.370052
0.406073
0.312617
4.10615e-07
0.223549
4.43063e-10
0.370071
0.559823
0.172523
0.519069
0.370059
0.40603
0.338979
0.406022
0.406014
0.370049
0.496286
0.435974
0.566161
0.327628
0.327636
0.383412
0.383413
0.928253
0.842316
0.401779
0.37007
0.370065
0.496509
0.928031
0.354842
0.826097
0.703708
0.35484
0.145649
0.496462
0.865942
0.370065
0.42148
0.370065
0.307571
0.307571
0.44764
0.307565
0.447626
0.307559
0.307554
0.25346
0.753747
0.524704
0.370052
0.224242
0.568384
0.299239
0.568362
0.370047
0.370047
0.568366
0.568377
0.568374
0.370044
0.542515
0.253468
0.542511
0.542511
0.0732621
0.149171
0.907685
0.370067
0.0224255
0.0881724
0.496313
0.00164995
1.54817e-06
6.49247e-07
0.000170051
0.162782
1.19921e-06
0.280601
0.319588
1.1989e-06
0.370049
1.96211e-06
7.0829e-05
1.51335e-09
0.32761
0.370046
0.370047
0.0851242
0.477316
0.477343
0.172842
0.172833
0.455392
0.132364
0.761991
0.611635
2.37809e-10
0.370047
0.405611
5.40326e-07
0.253475
2.14793e-07
0.370065
0.557952
3.55414e-10
0.18243
0.370056
0.447626
0.000223979
0.18422
0.761994
0.0204541
2.14609e-07
0.370052
0.612011
0.612021
0.533968
2.14547e-07
0.172275
2.14643e-07
0.156064
0.115834
1.08535e-10
1.26211e-07
0.359627
0.946532
0.253458
2.25713e-10
0.906259
0.300607
0.370053
0.000181756
2.26304e-10
0.00027342
2.26432e-10
0.612039
5.62454e-07
0.761976
0.17229
0.109687
0.517058
0.0539758
0.177689
0.520092
0.370049
0.0204551
0.000619422
0.405638
0.132927
0.197264
0.370048
0.0011408
0.125482
0.612034
2.42843e-12
0.37005
0.444706
0.612026
0.378758
0.308626
0.308626
0.000114926
0.496462
0.416769
0.307571
0.572321
0.312646
0.417385
0.534024
0.281024
0.0357104
0.666677
0.307558
0.646104
0.246526
0.00867305
4.29222e-12
0.370052
0.359621
0.779689
0.253453
0.281016
0.41044
0.109686
0.417196
0.370054
0.236938
0.370044
0.4963
0.126498
0.173592
0.370054
0.370054
0.229725
0.496476
0.370068
0.464929
8.01269e-09
0.109688
3.56924e-09
0.0336127
0.370059
0.167449
0.0134775
0.415623
0.370043
0.483221
0.672331
0.566155
0.431935
0.398585
0.204846
0.455358
0.0414415
0.00204313
0.214039
0.0216396
0.242922
0.406079
0.611997
0.455392
0.167451
0.00204347
0.370054
0.767611
0.0414432
0.00293962
0.00294018
0.0414486
0.370069
0.23695
1.12148e-10
0.00204381
0.0412558
0.275955
0.951769
1.12086e-10
0.0414403
0.496144
0.43798
0.613463
0.00204339
0.134409
0.0020435
0.00204304
0.00204307
0.00204313
0.431929
0.00204313
2.62823e-08
0.177694
0.00204305
0.0103708
0.391293
0.53398
0.708121
0.18243
0.45261
0.378337
0.730757
0.00399365
0.279752
0.0819529
0.456027
0.125489
0.125487
0.391296
0.204838
0.125482
0.294322
0.646646
0.156065
0.370049
0.159103
0.370052
2.5241e-06
0.165976
0.285046
0.398574
0.595209
0.275949
0.15097
0.10106
0.225863
0.0043661
0.0362072
0.150963
0.0278151
0.236945
0.149505
0.00436539
0.370065
0.0403191
0.0403218
0.137291
0.0403183
0.319601
0.262545
0.669587
0.0403111
0.370049
0.109687
0.415623
0.370049
0.0660593
0.684251
0.101052
0.300614
0.134201
0.04031
0.496287
0.0403101
0.0403101
0.764536
0.447633
0.398565
0.0403141
0.753766
0.0403143
0.0278139
0.55791
0.0403127
0.229727
0.0403197
0.419632
0.370071
0.496313
0.460239
0.30062
0.454168
0.533998
0.253457
0.533902
0.0403086
0.040312
0.883848
0.410444
0.236938
0.0278126
0.0278138
0.111153
0.0278106
0.548027
0.0278107
0.337813
0.0403134
0.25347
0.370046
0.0403142
0.17865
0.0961
0.542513
0.591494
0.258076
0.447629
0.380856
0.370065
0.120411
0.417226
0.292075
0.109435
0.47736
0.477357
0.7851
0.406072
0.638361
0.370049
0.402587
0.560977
0.782897
0.477351
0.477358
0.599265
0.327614
0.466521
0.370047
0.370047
0.370054
0.370053
0.542495
0.194258
0.0809332
0.883842
0.109688
0.951766
0.0403126
0.101053
0.0902287
0.292076
0.149527
0.149516
0.833069
0.455419
0.455404
0.0326444
0.0403114
0.0240465
0.260404
0.405611
0.417193
0.189754
0.12096
0.00573564
0.370057
0.0403103
0.939678
0.0403102
0.0305092
0.0305092
0.354839
0.865928
0.150355
0.483237
0.149507
0.149509
0.0551631
0.043954
0.370046
0.86341
0.274877
0.294337
0.767648
0.0305137
0.370065
0.0403182
0.447639
0.0305114
0.0305088
0.177692
0.126492
0.517319
0.280604
0.370049
0.280606
0.646654
0.415632
0.321948
0.370046
0.59521
0.156064
0.370048
0.383421
0.370053
0.669563
0.338986
0.483233
0.25346
0.557913
0.613461
0.37005
0.568378
0.370068
0.0305139
0.0305154
0.0305141
0.455413
0.520119
0.020058
0.258341
0.296256
0.182831
0.611615
0.470221
0.973011
0.614997
0.147793
0.437994
0.848017
0.370045
0.149498
4.56734e-06
0.149496
0.0403098
0.0141879
0.0305109
0.391284
0.0403142
0.10511
0.0305104
0.0305104
0.0305104
0.613475
0.14951
0.0305135
0.0403189
0.253476
0.323504
0.0441985
0.438012
0.14951
0.370056
0.370048
0.1495
0.274859
0.149502
0.0266761
0.0305093
0.0305102
0.149501
0.0403134
0.370045
0.405605
0.0278107
0.658401
0.21424
0.280608
0.280607
0.253451
0.566164
0.300458
0.14951
0.14951
0.14951
0.658389
0.45537
0.865939
0.0878077
0.32351
0.103488
0.149517
0.566185
0.383427
0.253467
0.149501
0.16339
0.0356469
0.236934
0.236934
0.300608
0.109687
0.258342
0.0809344
0.438008
0.149498
0.0305089
0.370047
0.678286
0.965388
0.93339
0.472305
0.146279
0.417386
0.421472
0.79547
0.421472
0.421448
0.285048
0.406088
0.241041
0.149526
0.149516
0.00122907
0.0309375
0.101058
0.000427119
0.190569
0.767601
0.253455
0.370049
0.153642
0.149502
0.149506
0.000401134
0.692965
0.111153
0.0133244
0.703228
0.767596
0.0589016
0.0915029
0.137279
0.25345
0.000487316
0.000487337
0.370053
0.0600085
0.236937
0.0229297
0.130233
0.156068
0.406089
0.150974
0.613433
2.71884e-09
0.25348
0.461833
0.398591
0.7851
1.96705e-12
0.225855
0.370049
2.27819e-08
0.327619
0.688616
0.52471
0.447638
0.542495
0.253457
0.308617
0.74033
0.370047
0.370056
0.669588
1.51605e-10
0.406079
2.42427e-12
4.15806e-12
0.370054
0.0179184
2.20992e-10
0.540932
0.164588
0.370065
0.000483076
0.672335
0.831818
0.144154
0.342215
0.447636
0.0788471
0.0010031
0.496279
2.04163e-12
7.6414e-13
0.557909
1.76721e-09
0.658398
0.0456887
1.76501e-09
1.766e-09
0.26041
1.76726e-09
1.76726e-09
0.612015
0.701823
0.000482756
0.137281
0.30061
5.19761e-12
5.19761e-12
0.076435
0.294326
0.566163
0.455404
0.292075
0.0764499
0.370066
0.531947
0.370066
0.0022234
0.613454
0.592013
0.701815
0.370043
0.447626
0.406021
0.000717772
0.406076
0.612013
0.0246176
3.51873e-09
0.00107491
6.01816e-09
0.00107496
6.01816e-09
0.933918
0.000750172
0.00016112
0.0832974
0.415637
0.154034
1.21531e-12
0.283879
0.44762
2.55622e-11
0.0109861
0.172523
0.172525
0.477325
3.52549e-09
8.53702e-12
0.370058
0.404773
0.437973
0.337816
0.141399
0.391287
0.540927
0.314935
2.25635e-09
0.668956
0.000768744
0.167442
0.370046
0.253462
0.26041
0.540925
0.229727
0.182429
0.00400557
0.3235
0.250825
0.883918
0.410453
0.383424
0.35483
0.00122709
0.883934
0.801775
0.566193
0.455412
0.130345
0.144156
0.31264
0.119626
0.370048
0.483222
0.283864
1.89686e-11
0.300608
0.156065
0.410448
0.370052
0.177699
0.370045
2.47389e-08
0.370047
0.708107
0.370047
0.41962
0.281021
0.370047
0.853148
0.865941
0.20972
0.962219
0.370054
0.323491
0.00102694
0.00102718
0.110598
0.0788529
0.0788511
0.00102718
0.54095
0.370056
0.184223
0.370048
1.89899e-11
0.0889496
0.406071
0.668111
0.759381
0.370052
0.370051
0.435982
0.11058
0.110581
0.370047
0.753743
0.141778
0.377447
0.123773
0.291697
0.844643
0.43802
0.110588
0.110588
0.110588
0.739661
0.0168064
0.172523
0.110601
0.370071
0.599309
0.131325
0.370066
0.131319
0.0701788
0.294325
0.53192
0.279731
0.167445
0.786124
0.13131
0.611634
0.26551
0.131315
0.370045
0.962232
0.438012
0.308617
0.370048
0.13132
0.131318
0.378754
0.455417
0.417382
0.131318
0.131318
0.131318
0.167439
0.496465
0.280614
0.131325
0.13133
0.260442
0.131324
0.566183
0.253471
0.131316
0.370047
0.131309
0.437971
0.144139
0.000299773
0.14051
0.197267
0.314946
0.75377
0.370045
0.350244
0.300451
0.167447
0.167447
0.16745
0.167448
0.16744
0.131315
0.131315
0.253459
9.0018e-12
0.231647
0.319339
0.370054
0.123825
0.28389
0.0347619
0.225878
0.0372224
0.81519
0.646668
0.646659
0.370048
0.370049
0.040988
0.184222
0.130532
0.913787
0.708122
0.565191
0.188212
0.91985
0.283866
0.28387
0.175564
0.370047
0.535464
0.873641
0.126493
0.586176
0.1263
0.000231519
0.275953
0.350258
2.4138e-12
0.370053
0.167453
0.167454
0.078853
9.02597e-12
0.167455
0.949033
0.131318
0.370056
0.131308
0.350248
2.41858e-12
0.658394
0.391287
0.35025
0.167447
0.35025
0.167452
0.350244
0.167444
0.0741472
0.49216
0.296256
0.350254
0.370053
0.370045
0.167448
0.167448
0.423214
0.131313
0.131313
0.350252
0.0255233
0.000114797
0.194834
0.868731
0.370067
0.112503
0.114968
0.175456
0.191703
0.350248
5.27673e-12
0.279731
0.167445
0.275814
0.167445
0.928171
0.370052
0.0485954
0.0866366
0.595348
0.964904
0.615489
0.250675
0.25069
0.204848
0.421459
0.708138
0.71453
0.354833
0.370056
0.241033
0.703717
0.857046
0.370065
0.242925
0.242927
0.242926
0.454173
0.370427
0.496159
0.496153
0.49614
0.370049
0.496134
0.496144
0.496144
0.496144
0.370052
0.59522
0.0788482
0.767584
0.258331
0.530039
0.370048
0.075843
0.785106
0.196257
0.131306
0.477358
0.182428
0.383421
0.131314
0.204843
0.000128153
0.370054
0.131326
0.410464
6.06374e-08
0.447649
0.131325
0.350642
6.06235e-08
0.455385
0.447626
1.7395e-08
6.05523e-08
0.13131
4.09324e-05
5.6317e-12
0.370053
5.47009e-09
0.4963
6.05165e-08
0.370046
6.05715e-08
0.518077
0.273809
0.406029
9.02419e-12
6.05442e-08
0.184739
9.02532e-12
0.447631
9.00778e-12
4.09384e-05
0.839481
9.00018e-12
0.447645
0.126499
0.131329
2.42344e-12
0.167455
0.410461
0.0840082
0.131316
0.000767769
9.73418e-08
0.253456
0.370049
0.204839
6.14599e-08
0.455378
0.0788472
0.43194
0.520083
0.413274
9.012e-12
6.8909e-05
0.68576
0.406077
0.488735
0.865966
0.447633
5.36766e-12
0.950601
1.04633e-11
0.455364
0.370049
0.865956
1.04907e-11
0.430581
0.455409
0.865933
0.281029
0.454176
0.370059
0.370057
0.370048
0.101519
0.370043
0.48322
0.461819
0.0788475
2.4199e-12
0.415627
0.865935
0.566146
0.12548
0.0840007
0.557915
0.865947
0.454201
0.455463
0.708146
0.156059
0.000112951
0.281026
0.268873
0.253492
0.86598
0.865959
1.69395e-11
0.370065
0.238464
0.279746
9.02727e-12
0.398609
0.438002
0.989307
0.455367
0.084002
0.370043
0.370049
0.524704
0.22586
0.120377
0.541816
0.00052275
0.213795
0.285045
0.455376
0.0070503
0.455376
0.239514
0.370052
0.431924
1.08272e-08
0.304352
0.370053
0.370053
0.172233
0.0143018
0.218319
0.370067
0.1265
0.126502
0.126502
0.126502
0.0121906
0.126499
0.518072
0.180918
0.321952
0.229722
0.126494
0.300449
0.189731
0.126495
0.458898
0.424875
0.398566
0.454149
0.126494
0.292053
0.133646
0.038168
0.40563
0.226302
0.370056
0.370056
0.00528745
0.519706
0.0970969
0.120375
0.0915978
0.364953
0.496167
0.229734
0.253477
0.447647
0.175209
0.447639
0.329462
0.00668503
0.126495
0.175182
0.109708
0.000956749
0.329462
0.329459
0.576719
0.26169
0.00320703
0.204836
0.370047
0.329452
0.337813
0.16675
0.00454256
0.158122
0.613454
0.158112
0.16676
0.16676
0.496288
0.0135255
0.100114
0.15811
0.370066
0.246538
0.215992
0.100108
0.291711
0.224692
0.000583358
0.119059
0.37005
0.370043
0.533982
0.166754
0.402587
0.429561
0.13513
0.258349
0.189751
0.337813
0.0287269
0.455379
0.125482
0.155534
0.370058
0.0973662
0.7647
0.370059
0.638984
0.464917
0.370056
0.0233747
0.370052
0.370065
0.239335
0.319605
0.531943
0.103488
0.0318196
0.453274
0.0470564
0.273741
0.438013
0.245539
0.572286
0.568368
0.138702
0.59522
0.370051
0.126499
0.175184
0.458887
0.458889
0.39502
0.518077
0.458902
0.126496
0.458886
0.00146901
0.557937
0.906647
0.158117
0.857049
0.00459628
0.215384
0.158107
0.625749
0.322744
0.417387
0.370066
0.625747
0.49616
0.464918
0.158116
0.126495
0.518078
0.967466
0.133648
0.00296287
0.00296311
0.585309
0.370056
0.115863
0.625712
0.518077
0.557912
0.25464
0.0345603
0.370055
0.613467
0.370056
0.281022
0.518071
0.566164
0.926032
0.0979054
0.41737
0.370064
0.000692533
0.300468
0.300468
0.253475
0.370064
0.406031
0.76761
0.572283
0.496472
0.370043
0.566155
0.0312807
0.227844
0.0642205
0.113185
0.415632
0.415617
0.051173
0.132571
0.370047
0.483218
0.00596001
0.106423
0.776217
0.370054
0.524713
0.244419
0.00021505
0.00153978
0.254644
0.126494
0.378769
0.254667
0.370071
0.417231
0.51807
0.00086955
0.00669038
0.254655
0.370048
0.254644
0.00668818
0.158116
0.253459
0.167861
0.370053
0.477352
0.477358
0.778072
0.416745
0.245981
0.162514
8.51943e-05
0.254662
0.00919378
0.273188
0.765739
0.0984459
0.422217
0.0535299
0.370058
0.0788472
0.400901
0.0261161
0.1265
0.856228
0.0665136
0.370065
0.370065
0.648522
0.00034193
0.260109
0.000341875
0.361539
0.296257
0.26011
0.361548
0.560881
0.000341907
0.00148238
0.126492
0.158419
0.000341859
0.126494
0.281278
0.000528366
0.00139866
0.126491
0.21269
0.126497
0.000528352
0.00139869
0.00139869
0.00336435
0.464913
0.464932
0.000528535
0.301219
0.338994
0.611628
0.000652844
0.301203
0.000528399
0.126493
0.229725
0.370043
0.0514684
0.0788475
0.126494
0.126495
0.0788472
0.126498
0.000528237
0.338977
0.128253
0.00139848
0.126494
0.956176
0.126497
0.000652524
9.69503e-12
0.316808
0.301206
0.370054
0.000528373
0.258327
0.814321
0.0788516
0.000878325
0.109689
0.126501
0.301208
0.595244
0.00139886
0.241031
0.126493
0.0614687
0.126492
0.00160848
0.2917
0.128258
0.126495
0.568374
0.159819
0.128256
0.126493
0.126494
0.3168
0.0013985
0.000528367
0.83916
0.0820648
0.354832
0.447632
0.126493
0.126493
0.126493
0.61163
0.7983
0.576365
0.12916
0.000528603
0.128263
0.301206
0.23712
0.347986
0.0788499
0.000528295
0.191864
0.00052823
0.000528305
0.000528305
0.91774
0.126496
0.000528363
0.370057
0.370046
0.618002
0.370048
0.109686
0.15993
0.097321
0.417225
0.22018
0.731803
0.708142
0.385449
0.385449
0.385449
0.736811
0.0508934
0.843956
0.124731
0.383439
0.383433
0.126501
0.370065
0.0023296
0.00721059
0.000207178
0.0490467
0.00052822
0.000528304
0.00118597
0.370049
0.370052
0.275951
0.576356
0.00663278
0.308617
0.370048
0.417365
0.301192
0.28388
0.0788481
0.00052824
0.00052841
0.301199
0.0788485
0.301207
0.338983
0.000528316
0.576363
0.0752293
0.00118642
0.0752319
0.000528534
0.241045
0.576362
0.0752261
0.301207
0.370048
0.37005
0.000652479
0.3012
0.0788475
0.3012
0.349475
0.512034
0.469994
0.112042
0.276063
0.115144
0.902102
0.416645
0.416639
0.301197
0.00149492
0.0005284
0.204846
0.126495
0.576363
0.000431094
0.417364
0.370052
0.370064
0.274877
0.00114265
0.496167
0.296268
0.483243
0.25347
0.000649805
0.370048
0.370049
0.000492821
0.7247
0.781206
0.000490612
0.437986
0.402589
0.370056
0.0788467
0.000649654
0.000524375
0.0752213
0.305925
0.377294
0.000524439
0.229723
0.000524463
0.0752254
0.0752269
0.258333
0.377442
0.338979
0.370053
0.455403
0.000511291
0.000179846
0.0832084
0.257943
0.251443
0.0752261
0.00018909
0.37875
0.753815
0.483212
0.126494
0.533982
0.370049
0.962192
0.327628
0.327636
0.391283
0.291699
0.370048
0.595209
0.0384055
0.613396
0.391302
0.496155
0.282891
0.391303
0.370061
0.540951
0.416765
0.416746
0.370052
0.43195
0.383434
0.416776
0.471768
0.312647
0.312647
0.370059
0.229729
0.391285
0.171029
0.370043
0.370411
0.0752239
0.708114
0.0896154
0.323493
0.687685
0.0896142
0.370046
0.727099
0.56615
0.264271
0.628006
0.370052
0.204484
0.753764
0.323498
0.32762
0.418759
0.0689259
0.62802
5.37358e-06
0.068926
0.703721
0.595256
0.197414
0.280614
0.41723
0.225877
0.217336
0.0689237
0.225875
0.431924
0.7247
0.14414
0.264273
0.126495
0.454158
0.225871
0.4649
0.378748
0.0788464
0.37041
0.178937
0.370056
0.225873
0.208944
0.0768687
0.398595
0.0338853
0.785098
0.225882
0.124722
0.254877
0.370065
0.103149
0.126053
0.126049
0.0788512
0.0291496
0.354836
0.370056
0.354827
0.034046
0.126492
0.955632
0.126045
0.156475
0.0788481
0.0714421
0.156475
0.669562
0.0291472
0.767597
0.156472
0.267462
0.156476
0.0788481
0.156474
0.134961
0.36544
0.241023
0.126048
0.560888
0.817725
0.0832156
0.917751
0.917753
0.370071
0.415644
0.231337
0.0873643
0.0873607
2.2888e-06
0.454151
0.613455
0.0873514
0.611627
0.126494
0.599276
0.370053
0.370052
0.354835
0.370046
0.370046
0.62002
0.370048
0.161501
0.178951
0.496502
0.917748
0.417378
0.576356
0.0788486
0.501037
0.126497
0.839152
0.370052
0.370065
0.461841
0.370069
0.377457
0.370064
0.370064
0.415634
0.477356
0.917737
0.917744
0.283864
0.370049
0.370049
0.370049
0.0985945
0.370051
0.246527
0.370044
0.611999
0.370047
0.112732
0.0316573
0.0267809
0.241031
0.056317
0.0873589
0.0860929
0.01216
0.126047
0.400633
0.91774
0.0860937
0.280616
0.0121611
0.345261
0.519548
0.370066
0.546396
0.0554
0.19938
0.0860911
0.370049
0.126492
0.378752
0.0485456
0.864256
0.743156
0.517082
0.229727
0.49237
0.595205
0.40607
0.471743
0.316799
0.370056
0.404772
0.246737
0.455391
0.1223
0.404773
0.0997022
0.370054
0.18243
0.455367
0.492389
0.241037
0.574377
0.0788512
0.0114257
0.227857
0.122302
0.370055
0.518075
0.251411
0.323485
0.576361
0.413273
0.163121
0.023982
0.370051
0.0788482
0.605776
5.32428e-05
0.32762
2.61544e-05
0.109448
0.126496
0.168144
0.354822
0.168146
0.168145
0.370052
0.144142
0.168147
0.168144
0.120785
0.120793
0.540956
0.120797
0.12079
0.128765
0.12079
0.120786
0.339708
0.181692
0.2105
0.181686
0.377288
0.248768
0.184215
0.120783
0.12078
0.120782
0.126492
0.370046
0.258335
0.347964
8.57055e-12
0.286421
0.120782
0.151612
0.120784
0.120783
0.612025
0.120784
0.197275
0.120782
0.120785
4.79653e-12
0.404786
0.36207
0.119056
0.253478
0.12079
0.253471
0.406029
0.077953
0.12078
0.455363
0.492379
0.492379
0.370049
0.984723
0.377291
0.120782
0.24102
0.0788466
0.120778
0.0425796
0.285051
0.253467
0.447632
0.447618
0.120784
0.0425822
0.120785
0.0788484
0.0731707
0.167444
0.0788486
0.0714364
0.231098
0.14416
0.327646
0.25348
0.504908
0.122359
0.120787
0.325869
2.42048e-12
0.496278
0.120781
0.557908
0.370049
0.120784
0.308622
0.764126
0.655947
0.208943
0.0310242
0.598233
0.204837
0.246527
0.002718
0.120779
0.986329
0.370056
0.120785
0.120785
0.275953
0.120782
0.1695
0.144154
0.316814
0.0291508
0.132227
0.126501
0.70815
0.377298
0.906606
0.807004
0.583263
0.435965
0.197264
0.104491
0.180232
0.144143
0.146747
0.146747
0.120779
0.0788465
0.370047
0.146745
0.120778
0.120783
0.073787
0.000216998
0.120784
0.431938
0.120785
0.120785
0.370052
0.0233414
0.120785
0.120793
0.120792
0.696398
0.0100098
0.438022
0.338995
0.115837
0.0638174
0.421457
0.37005
0.370406
0.94585
0.370049
0.370049
0.17252
0.126497
0.292072
0.253458
0.370048
0.253465
0.769093
0.438014
0.417235
0.370058
0.851263
0.172519
0.568389
0.370056
0.417375
0.447635
0.258324
0.253458
0.370065
0.370065
0.417227
0.0976163
0.370065
0.370065
0.370059
0.275956
0.370047
0.370049
0.370043
0.204482
0.492378
0.406021
0.0788481
0.137053
0.55987
0.559891
0.781203
0.559877
0.492386
0.438012
0.826097
0.492388
0.492366
0.781209
0.281022
0.370053
0.231092
0.0425031
0.163175
0.126495
0.203814
0.323505
0.0425881
0.0425855
1.58661e-06
0.306186
0.0550634
0.492387
0.576361
0.126495
0.864257
0.391287
0.370049
0.406022
0.455378
0.798286
0.607401
0.4056
0.492377
0.595208
0.0788464
0.370047
0.0788483
0.0788482
0.063814
0.126497
0.177696
0.740539
0.535457
0.120785
0.000164596
0.492375
0.0937063
0.370064
0.078853
0.406088
0.0937043
0.370426
0.576362
0.253464
0.12078
0.13705
0.084226
0.370049
0.576361
0.093697
0.120783
0.0788472
0.576356
0.370045
0.370046
0.370047
0.277968
0.530046
0.370054
0.370052
0.370406
0.404773
0.862218
0.415786
0.253457
0.370052
0.492371
0.0449017
0.372983
0.0449049
0.815192
0.0449041
0.406041
0.0574541
0.540945
0.542516
0.0788471
0.0448988
0.370043
0.0448996
0.576361
0.566154
0.0449007
0.370052
0.0321617
0.253454
0.415619
0.321948
0.281017
0.646642
0.241072
0.566188
0.566173
0.370066
0.646693
0.0848991
0.253486
0.415643
0.0574493
0.576365
0.0574553
0.572315
0.0847673
0.576363
0.115839
0.492403
0.576362
0.576365
0.799049
0.595214
0.758745
0.0574483
0.0449033
0.955507
0.496472
0.455386
0.370056
0.370045
0.984353
0.208945
0.314937
0.241028
0.0590235
0.0449001
0.294323
0.370055
0.524714
0.492376
0.370053
0.124725
0.576363
0.241028
0.576364
0.100293
0.00205195
0.576362
0.576362
0.576362
0.14396
0.0118784
0.0243127
0.249755
0.0925296
0.554364
0.576361
0.227182
0.737597
0.281019
0.892685
0.281016
0.836612
0.836615
0.425681
0.327619
0.962202
0.294329
0.109687
0.109687
0.283882
0.00779372
0.753759
0.370054
0.781146
0.78114
0.279747
0.47737
0.946261
0.946266
0.946266
0.967469
0.726352
0.524713
0.92904
0.253463
0.496134
0.370049
0.0124528
0.70276
0.00263713
0.370051
0.576356
0.105775
0.492377
0.829114
0.14395
0.205876
0.16745
0.576361
0.182479
0.246528
0.455384
0.492373
0.504914
0.370052
0.177686
0.608238
0.0333168
0.253477
0.00482513
0.0203917
0.44765
0.280131
0.461868
0.0203897
0.815114
0.37005
0.0788455
0.283163
0.16281
0.0701901
0.126495
0.0701909
0.438023
0.0560254
0.887941
0.839495
0.0788465
0.415621
0.0173254
0.861139
0.137051
0.184233
0.338987
0.204846
0.455388
0.137059
0.12649
0.203745
0.950613
0.354842
0.124244
0.172523
0.253732
0.53804
0.28061
0.406353
0.370047
0.595213
0.253455
0.586947
0.574387
0.370049
0.137053
0.659386
0.361119
0.124724
0.0437807
0.253462
0.126494
0.370047
0.203739
0.370053
0.370044
0.806382
0.242921
0.920278
0.417372
0.708615
0.374049
0.177692
0.253737
0.137069
0.37007
0.25348
0.370066
0.184236
0.224911
0.508743
0.215545
0.182427
0.124217
0.124224
0.13705
0.708114
0.0511313
0.204842
0.0518317
0.542495
0.864257
0.540924
0.132297
0.0865378
0.137059
0.534008
0.599271
0.000462668
0.377294
0.253718
0.538046
0.253718
0.203742
0.361123
0.126498
0.370064
0.314956
0.312643
0.253731
2.42282e-12
0.137059
0.538047
0.253458
0.435974
0.134953
0.274862
0.538041
0.413278
0.491412
0.283167
0.604472
0.370044
0.52283
0.0294286
0.927249
0.370047
0.370054
0.538037
0.378746
0.533996
0.203742
0.69776
0.220182
0.8
0.144139
0.431936
0.535478
0.285069
0.979583
0.20375
0.370066
0.0788514
0.683359
0.316809
0.282883
0.274867
0.31493
0.285049
0.611626
0.538041
0.697748
0.281019
0.464281
0.126492
0.535445
0.421459
0.137048
0.697737
0.144153
0.467569
0.437998
0.0294322
0.300479
0.126499
0.697737
0.208562
0.410441
0.374257
0.464929
0.137873
0.0934339
0.447648
0.13353
0.576363
0.370059
0.126496
0.323489
0.13705
0.294321
0.203738
0.865954
0.984725
0.370053
0.927252
0.253474
0.370045
0.370046
0.697737
0.471744
0.203732
0.455389
0.496475
0.370044
0.370055
0.319593
0.0702352
0.538049
0.238455
0.538046
0.126495
0.218324
0.431952
0.253742
0.0281757
0.0185377
0.0788514
0.279742
0.599998
0.538041
0.538034
0.0114442
0.0185343
0.516976
0.0281703
0.538041
0.0114457
0.412275
0.0281688
0.00890921
0.540924
0.0185334
0.61346
0.370056
0.0594718
0.0489446
0.611642
0.483234
0.538045
0.0114463
0.296261
0.00890951
0.137054
0.137068
0.46758
0.1906
0.392092
0.540954
0.0788513
0.404777
0.25372
0.00890951
0.538033
0.0788455
0.13705
0.370049
0.53804
0.378755
0.53803
0.370056
0.203735
0.00871442
0.406018
0.0185335
0.0185335
0.538033
0.253715
0.370044
0.0788486
0.538039
5.67881e-05
0.253458
0.40477
0.61163
0.253461
0.203754
0.697749
0.535485
0.242931
0.253734
0.253734
0.137063
0.258343
0.280604
0.0294295
0.370044
0.417366
0.538041
0.0294295
0.406347
0.421462
0.546894
0.0474857
0.0757701
0.101353
0.0757694
0.253464
0.253484
0.419623
0.323492
0.370058
0.0114468
0.378758
0.137059
0.538038
0.283157
0.168986
0.260114
0.177699
0.527505
0.53804
0.53804
0.566182
0.391297
0.370056
0.378749
0.406071
0.0911523
0.646645
0.0849025
0.0483486
0.300513
0.455386
0.00337192
0.128747
0.260488
0.41961
0.00965913
0.464907
0.283171
0.0788481
0.415618
0.27974
0.00227809
0.259139
0.0182395
0.454155
0.37005
0.613456
0.018243
0.229732
0.0788531
0.483246
0.0788514
0.323505
0.477362
0.0182405
0.12548
0.294326
0.471737
0.496144
0.520092
0.813715
0.00869216
0.903849
0.527481
0.441296
0.484776
0.172519
0.0788464
0.00419311
0.405638
0.979585
0.285881
0.535462
0.25347
0.253462
0.221794
0.406075
0.370047
0.370052
0.520115
0.197274
0.370069
0.402603
0.402603
0.370064
0.25347
0.417373
0.27486
0.229725
0.535441
0.53545
0.292054
0.292054
0.292058
0.370051
0.496155
0.242902
0.370046
0.227179
0.370047
0.496468
0.204843
0.31959
0.0974165
0.0974225
0.204844
0.370052
0.274933
0.0659507
0.570682
0.944841
0.00933306
0.370066
0.534031
0.0481512
0.151955
0.0788514
0.496303
0.300615
0.00239476
0.125
0.104516
0.370049
0.00170906
0.74054
0.26846
0.463362
0.608246
0.405518
0.518079
0.758744
0.0249076
0.122519
0.855655
0.107442
0.0166558
0.301212
0.370064
0.175362
0.126501
0.0788487
0.370045
0.595221
0.535475
0.258352
0.275964
0.612035
0.286682
0.370065
0.175358
0.055936
0.12548
0.370049
0.370043
0.370049
0.327619
0.370049
0.370052
0.370051
0.253473
0.767584
0.94953
0.306159
0.543967
0.126494
2.42144e-12
0.45538
0.0788466
0.612016
0.697745
0.126494
0.014713
0.00351619
0.175346
0.0147131
0.253478
0.00430895
0.461849
0.417387
0.0147144
0.223106
0.0324242
0.421467
0.220177
0.669577
0.300605
0.827653
0.438013
0.177844
0.177847
0.109686
0.561582
0.370407
0.00582698
0.66957
0.907188
0.296255
0.286676
0.12473
0.496765
0.370056
0.187343
0.321957
0.455375
0.41045
0.06529
0.0488985
0.749752
0.323504
0.323509
0.292075
0.83079
0.253477
0.0818757
0.172523
0.126493
0.595215
0.595202
0.175347
0.175347
0.14414
0.00351613
0.599026
0.229727
0.815091
0.595204
0.926029
0.926029
0.697738
0.370054
0.406076
0.669562
0.301211
0.760926
0.313783
0.814001
0.740536
0.00351602
0.0788485
0.0788517
0.370066
0.319606
0.327647
0.406091
0.697742
0.00351641
0.370057
0.40607
0.69774
0.957439
0.213351
0.175347
2.41815e-12
0.392025
0.856366
0.697732
0.540921
0.0384859
0.59521
0.253463
0.701255
0.281023
0.540945
0.227847
0.370058
0.0384897
0.540941
0.370056
1.0943e-12
0.354824
0.370052
0.314954
0.405641
0.928001
0.697747
0.301221
0.50491
0.0384903
2.41701e-12
0.28316
0.595213
0.261563
0.740541
0.175347
0.370049
0.175351
0.370051
0.534015
0.283861
2.41755e-12
0.106878
0.278836
3.87501e-12
0.417372
0.455383
3.86487e-12
0.175359
0.175358
0.144145
2.4205e-12
0.594367
0.144142
0.175355
0.984716
0.175365
3.87822e-12
0.370066
0.370066
2.38024e-12
0.268466
0.370057
0.182428
0.296257
0.415616
0.599276
0.37005
0.294326
0.281021
0.338982
0.370056
0.316799
0.611999
0.595208
1.51333e-10
0.242909
3.59599e-08
0.109686
0.590614
0.286672
0.29433
0.234082
0.0788485
0.471751
0.370047
0.0788486
0.483238
1.97638e-10
0.0788529
0.471763
0.370062
0.121907
0.370056
0.370054
2.41788e-12
0.370049
0.301196
0.45085
0.814008
0.354827
0.370053
0.0788472
0.534014
0.535441
9.50139e-11
0.697738
0.338978
0.646641
0.370054
0.595219
0.370044
0.370054
0.370055
0.253458
0.53398
0.18243
0.319588
1.97506e-10
0.370066
0.338994
0.471775
0.126502
0.300475
0.594365
0.646668
0.54094
0.613464
0.391288
0.540918
0.377288
0.447627
0.377288
0.285493
0.253774
0.0775031
0.291699
0.383413
0.383414
0.70123
0.234075
0.341006
0.596387
0.370052
0.354838
0.253482
0.0130997
0.785036
0.0788486
0.413271
0.0788484
0.32764
0.370066
0.71908
0.447648
0.540954
0.483244
0.327634
0.253465
0.535447
0.078847
0.646633
4.74139e-13
0.0788474
0.261567
2.41964e-12
4.75302e-13
0.370056
0.437967
4.73909e-13
0.172502
0.815122
0.628004
0.594356
2.41998e-12
0.354822
0.0788486
0.595229
0.253459
0.939477
0.415789
0.00904946
0.264278
0.464932
0.0788513
0.708165
0.976738
0.731345
1.03164e-12
0.197275
0.0867645
0.417364
0.0212958
0.815098
0.557908
0.185956
0.417367
0.417371
0.54251
0.043106
0.535442
4.73887e-13
0.370047
0.384663
0.976767
0.461829
0.477766
0.769985
0.394155
0.279741
0.496471
0.595225
0.595225
0.595211
0.595222
0.595244
0.595245
0.308638
0.38101
0.377304
0.00395443
0.607216
0.370056
0.425005
0.00387624
0.708099
0.000617481
0.00937629
0.0122526
0.349482
0.971574
0.370056
0.539826
0.00835814
0.00185159
0.708109
0.928001
0.404771
0.553822
0.000250701
0.370054
0.70813
0.370052
0.370052
0.97156
7.27886e-07
0.377291
0.220197
0.253477
0.611668
0.477372
0.370067
0.204855
4.75253e-13
0.707652
0.370048
0.218317
0.370043
0.646646
1.02827e-12
0.0788474
0.313786
0.0788472
0.0788483
0.019913
0.419272
0.370049
4.74995e-13
0.238457
0.0788486
0.568389
4.74987e-13
0.417378
0.417225
0.471755
4.75069e-13
4.75069e-13
0.229724
4.73694e-13
0.423502
2.42358e-12
0.37007
0.534024
0.125488
0.611657
0.0788499
0.34103
2.41709e-12
1.02919e-12
0.354822
0.976759
0.595214
0.103784
0.253463
0.410244
1.12845e-12
0.613474
0.557905
4.74648e-13
9.51329e-11
0.143151
0.177697
0.370053
0.496446
0.184229
0.235723
0.994836
6.26981e-12
0.413281
0.000211339
0.370054
0.241044
0.477371
0.595256
0.370066
0.370066
0.0788514
0.37006
0.97675
0.874278
0.421459
0.38341
0.612003
0.0714973
0.0733232
0.0788482
0.524709
0.870871
0.477341
2.41724e-12
0.402584
0.370047
0.370047
0.370056
0.535461
2.41719e-12
0.253469
0.229727
0.29655
0.0788484
0.295271
0.370047
0.568374
0.296561
0.327639
0.976728
2.42345e-12
2.42345e-12
0.235727
0.370058
0.371334
0.219579
2.42126e-12
0.180412
0.377441
0.41675
0.196361
0.504911
0.00339245
0.29526
0.410244
0.29654
0.300609
0.976767
2.42013e-12
0.0788482
0.837674
4.73085e-13
0.370054
0.312632
0.370052
0.370052
0.370052
0.407431
0.471749
0.824673
0.713093
1.58531e-07
0.542533
0.40609
0.61166
0.300466
0.172237
0.496141
0.312627
0.370043
0.258333
0.767219
0.370049
0.370053
2.42424e-12
4.7574e-13
0.0788467
0.337813
0.370048
0.370048
0.568367
0.526263
0.0473514
0.402603
0.357924
0.0788494
0.49633
0.477382
0.235701
0.97676
0.370052
0.295277
0.370065
5.59132e-08
0.410462
0.976739
0.235726
0.196373
3.51212e-13
0.370047
0.767602
0.157159
6.15041e-11
0.370049
5.29873e-10
0.163125
0.156063
0.281022
2.41451e-12
0.103781
0.454152
0.281017
0.454152
0.415628
0.41737
0.455351
2.42132e-12
0.0788485
0.235729
0.876156
0.97675
0.126493
2.4189e-12
0.599311
0.323505
0.235732
0.370066
0.370066
0.891462
2.42328e-12
0.907187
0.370048
0.0110837
0.7081
4.74141e-13
0.0788475
0.124726
0.447632
0.126496
0.0788483
0.295264
2.4171e-12
0.103782
0.370047
0.310376
0.229728
0.370055
0.279735
0.534006
0.370056
4.74235e-13
0.323496
0.295271
0.976756
0.229726
0.370065
2.42291e-12
0.258353
0.241043
0.421476
0.167455
0.0788498
0.370056
0.976762
0.483222
0.97677
0.370049
0.354827
0.856366
0.156066
0.124728
0.370056
0.413272
1.0182e-12
0.0788465
0.402585
0.402585
0.370054
0.612011
0.53544
0.145232
0.370055
0.370052
0.177687
0.300609
0.599965
0.561882
0.845864
4.75389e-13
2.42347e-12
2.4266e-12
0.684254
0.708155
4.75229e-13
0.301214
0.0788471
0.887945
0.0788455
2.41818e-12
0.370049
0.319588
0.483227
0.28667
4.75852e-13
0.608244
0.447626
0.865946
2.42108e-12
4.74674e-13
0.20485
4.76196e-13
4.74825e-13
0.0788488
0.419625
0.719068
0.281022
0.370056
0.319587
4.73701e-13
0.684248
0.283888
0.286683
0.316815
0.125488
0.370065
0.447639
0.253465
0.402585
0.483221
0.524694
0.316802
0.520091
0.447626
0.599282
0.156063
0.316807
0.370044
0.785102
0.417364
0.370047
0.753744
0.136074
0.939231
4.73166e-13
0.370057
0.0788486
0.370054
0.103484
4.74165e-13
0.125481
0.370055
0.370068
0.295275
0.976727
0.887951
0.413298
0.370066
0.378762
0.370057
9.50333e-11
0.595215
4.74105e-13
0.976758
0.00474856
0.168516
0.301209
0.437995
4.75717e-13
0.258327
0.279732
0.125481
0.370047
2.41996e-12
0.128757
0.197403
4.73911e-13
4.74996e-13
0.204846
0.126495
0.319592
4.74243e-13
0.319587
1.02925e-12
2.41921e-12
0.0418781
0.078853
0.253475
0.167454
0.534019
2.42041e-12
2.41641e-12
1.16269e-10
0.0110836
0.405606
4.74169e-13
2.41858e-12
0.455371
4.74397e-13
0.785032
0.719066
2.4142e-12
2.41661e-12
0.175346
3.72355e-13
4.74477e-13
0.402592
0.258338
0.258325
4.74419e-13
4.74724e-13
4.73626e-13
0.455365
0.377442
0.370049
3.15135e-08
9.04229e-11
0.0741207
0.370071
0.00356053
0.00474952
2.42632e-12
0.642369
0.00254008
1.16269e-10
0.37005
1.16283e-10
0.00355955
0.406071
0.296544
0.235725
0.0239877
0.253474
0.00230226
0.17769
0.00355938
0.0110832
2.42049e-12
0.0057206
0.00356011
0.178943
0.184237
0.281024
0.354835
0.419276
0.419276
0.0110833
0.00355978
0.824673
0.1777
0.294341
0.156087
0.0722723
4.93906e-12
0.815155
0.755456
3.42389e-10
0.572286
0.282879
0.370049
0.00355954
0.00355954
0.286665
5.20895e-12
0.296542
0.00355927
0.85562
0.708109
0.00355939
0.126494
0.282886
0.419277
0.740537
0.00355988
0.0035599
0.646083
0.612007
0.612007
0.660521
0.370054
0.370067
0.370066
0.193878
0.370066
0.00502048
0.0167194
0.0115303
0.609238
0.00355946
0.112823
0.00355915
0.00455793
0.00355956
0.00154587
0.0040893
0.0682924
0.016792
0.0199307
0.0456753
0.25346
0.370047
0.0459588
0.253474
0.00355982
0.00355938
0.402594
0.00355996
0.955632
0.00355986
0.00355986
0.535445
0.405611
0.00356049
0.00356049
0.00356081
0.438033
0.00356045
0.043044
0.0359841
0.0313671
0.00355945
0.078847
0.533973
0.370049
0.2917
0.17769
9.50938e-11
0.00355965
0.00355989
0.00355926
0.976767
0.578531
0.00355938
0.00242097
0.00355978
0.313785
0.327608
0.307563
0.238455
2.41588e-12
0.814
0.646651
0.370049
0.370053
0.354843
0.757592
0.143027
1.12966e-12
0.103795
0.740546
0.12876
0.00524239
0.568836
0.00723466
0.204834
2.41823e-12
2.41823e-12
2.41823e-12
0.124728
0.447632
0.612024
0.419276
0.00355937
0.721619
1.12718e-12
0.489861
0.455424
0.684259
0.97676
4.75809e-13
0.283889
0.52283
0.684251
0.684251
0.370046
2.41611e-12
4.74636e-13
0.00356051
4.74804e-13
0.338803
0.753786
1.09474e-12
2.42205e-12
4.73908e-13
4.73866e-13
3.84529e-11
0.416742
4.74132e-13
0.319588
0.496463
4.74358e-13
0.377291
0.496156
0.294323
3.84324e-11
0.370049
0.383415
0.292057
2.42334e-12
3.84698e-11
0.370045
0.595231
0.129626
4.73979e-13
4.73979e-13
4.73979e-13
0.976755
3.84442e-11
0.243298
1.12829e-12
4.75081e-13
0.496508
0.281029
0.0788514
0.07885
0.496479
4.73952e-13
0.374491
0.0788456
2.41828e-12
0.483221
0.37005
4.74396e-13
0.0788472
0.370056
4.73398e-13
0.296255
0.0110831
2.41982e-12
4.74419e-13
4.75701e-13
4.75222e-13
0.338806
0.241035
0.370056
0.127415
0.0783942
0.00879408
0.128025
0.319591
2.41988e-12
0.177698
0.196387
0.144154
0.0788512
0.011086
2.66663e-12
0.0788497
0.976762
0.0110836
0.296536
1.9273e-11
0.462673
0.370049
4.74359e-13
0.438016
0.417375
0.406007
0.461813
0.370047
0.3168
0.296538
0.926025
0.078848
0.267802
1.92818e-11
0.377292
0.129622
0.337822
0.370052
0.00339234
0.406018
0.815179
0.281029
0.762885
0.669975
0.258356
0.370066
1.93044e-11
0.327629
0.0788471
0.37005
0.109687
0.164231
0.0788474
1.92702e-11
0.421462
0.534001
0.370056
0.300606
0.370046
0.740546
0.370048
0.319586
0.253499
0.455436
0.338788
0.078849
0.182426
0.372556
0.0404133
0.00127909
0.471736
0.296551
0.370065
0.30047
0.417229
0.140304
0.238462
0.00185373
0.599294
0.533996
0.354826
0.078847
0.669562
0.524704
0.595214
0.204839
0.533992
0.421461
0.184232
0.438007
0.417362
0.56615
0.224077
0.338798
0.417206
0.370052
0.496135
0.370055
0.337823
0.646653
0.708123
0.740537
0.976755
0.0788486
0.0788517
0.829099
0.471774
0.370066
1.63084e-08
0.281029
0.0160175
0.415632
0.415621
0.37005
0.218314
0.0740446
0.976758
0.370049
0.294328
0.406009
0.140295
0.370045
0.00185305
0.258219
0.164225
0.323487
0.406081
0.253469
0.267804
0.3388
0.267817
0.338808
0.253462
0.370054
0.338814
0.253459
0.0160189
0.347767
0.37007
0.383433
0.534024
0.00185372
0.406032
0.140301
0.338805
0.976761
0.22681
0.0160155
0.316802
0.370049
0.267812
0.370051
0.296542
0.338808
0.25833
0.307557
0.684256
0.41927
0.0788482
0.140296
0.708101
0.370054
0.753763
0.280604
0.337822
0.0580796
0.370049
0.431936
0.566185
0.370066
0.370071
0.370066
0.301222
0.47177
0.0490767
0.377297
0.0788472
0.0160155
0.438006
0.258222
0.269746
0.370049
0.613349
0.458304
0.182427
0.589365
0.138341
0.402585
0.0522436
0.274867
0.595237
0.438026
0.37005
0.338794
0.338794
0.41928
0.138349
0.684251
0.684245
0.0522483
0.293337
0.595246
0.229735
0.370065
0.204854
0.122246
0.139965
0.818211
0.078847
0.370049
0.370043
0.79047
0.478906
0.311486
0.347972
0.0305428
0.904233
0.144135
0.0111352
0.00430727
0.00366869
0.0522436
0.253468
0.370053
0.314925
0.370058
0.447637
0.00185342
0.0522482
0.0769875
0.997017
0.377447
0.0470561
0.316815
0.296273
0.204855
0.281029
0.07111
0.156066
0.0937327
0.673984
0.300452
0.471737
0.37005
0.32296
0.37005
0.41928
0.0522453
0.319593
0.370045
0.253457
0.172519
0.370047
0.28505
0.540942
0.204844
0.218316
0.0522472
0.246529
0.283872
0.370054
0.0257678
0.281018
0.455367
0.419292
0.0522515
0.253474
0.0522505
0.0788512
0.736772
0.0522484
0.253462
0.300608
0.282883
0.229722
0.431931
0.197264
0.669575
0.419615
0.828752
0.314953
0.566144
0.0820397
0.402584
0.250105
0.218316
0.0669241
0.300612
0.0788467
0.253465
0.285057
0.907179
0.70246
0.703719
0.613468
0.0522483
0.531946
0.410464
0.283893
0.0522505
0.767645
0.370066
0.0522484
0.0522486
0.0522453
0.71823
0.757594
0.32296
0.370049
0.0522459
0.864258
0.370052
0.408892
0.0522446
0.611621
0.229724
0.0788465
0.461816
0.540716
0.419266
0.281019
0.406085
0.417236
0.0672261
0.402597
0.282889
0.3168
0.370052
0.177699
0.708154
0.557957
0.370065
0.438015
0.708151
0.227854
0.321958
0.370047
0.253462
0.483212
0.308621
0.471745
0.281018
0.316805
0.455387
0.421468
0.406015
0.052244
0.471744
0.976766
0.223594
0.856369
0.419277
0.370044
0.032263
0.391294
0.767606
0.253459
0.178938
0.0916879
0.540936
0.17895
0.0916988
0.98121
0.138334
0.119693
0.282895
0.0801049
0.0801038
0.222113
0.0982551
0.0800924
0.370049
0.253459
0.128751
0.504911
0.370052
0.370056
0.125479
0.246522
0.0772705
0.0800949
0.0800949
0.0801013
0.557934
0.335066
0.300462
0.370056
0.9812
0.565907
0.217019
0.278268
0.278273
0.280613
0.0801102
0.557953
0.370065
0.278282
0.281028
0.217021
0.305937
0.305925
0.120395
0.308615
0.249654
0.292054
0.249654
0.253463
0.108329
0.182427
0.0806198
0.108325
0.323488
0.41044
0.145929
0.0359829
0.00467085
0.00119622
0.280607
0.370055
0.108333
0.00155005
0.370052
0.669573
0.599284
0.599309
0.337833
0.202875
0.722801
0.218324
0.595909
0.108337
0.177696
0.599273
0.37005
0.370043
0.327618
0.370049
0.370049
0.286406
0.824084
0.612026
0.540924
0.370048
0.241033
0.370049
0.370049
0.646675
0.167455
0.00444553
0.00119249
0.370059
0.253468
0.186365
0.711428
0.864246
0.0462386
0.101049
0.280613
0.238464
0.227859
0.281028
0.370065
0.319596
0.421466
0.535447
0.204839
0.221754
0.962189
0.0633676
0.0633676
0.129606
0.275951
0.0887197
0.370045
0.275949
0.24103
0.94295
0.383773
0.383781
0.383781
0.383779
0.40603
0.0935094
0.370053
0.241026
0.370053
0.10833
0.535458
0.0363486
0.000579246
0.370071
0.370066
0.542533
2.42586e-12
0.289591
0.613455
0.000578984
0.108328
0.312618
0.370049
0.354828
0.354828
0.455378
0.907178
0.000202865
0.406015
0.000639733
0.566149
0.000578964
0.531916
0.000842281
0.00408952
0.49614
0.126497
0.008151
0.85705
0.314939
0.486016
0.377285
0.477352
0.00465777
0.753785
0.370069
0.496167
0.354841
0.611656
0.419686
0.319594
0.944878
2.42129e-12
2.41891e-12
0.00220521
0.305928
0.438013
0.455378
0.572292
0.370056
0.370045
0.684253
0.37875
0.291699
0.398573
0.0133045
0.447632
0.0788467
0.370054
0.279741
0.229726
0.417192
0.455364
0.0030058
0.275953
0.709861
0.734347
0.711964
0.377459
0.561598
0.275961
0.3235
0.0788499
0.000537819
0.752795
0.020924
0.377288
0.00130407
0.370049
0.370053
0.370052
0.226661
0.337814
0.370046
0.142861
0.438012
0.542901
0.142314
0.417387
0.0788473
0.624433
0.447652
0.00721994
0.5684
0.370063
0.370044
0.370052
0.241039
0.370065
0.415648
0.00401866
0.624407
0.280614
0.370059
0.253466
0.670532
0.370049
0.00602296
0.142864
0.246526
0.00518114
0.0222502
0.437994
0.370056
0.142303
0.14286
0.557913
0.859528
0.00654681
0.354833
0.670533
0.144817
0.595227
2.42251e-12
0.455369
0.00281606
0.241025
0.33898
0.137147
0.370067
0.370427
0.496507
0.370066
0.129635
0.11512
0.0702394
0.283877
0.406019
0.142864
0.350939
0.877746
0.280604
0.0775051
0.280606
0.253467
0.880219
0.370045
0.566146
0.186664
0.300449
0.370047
0.659908
0.16506
0.568364
0.423107
0.415634
0.377292
0.568377
0.242912
0.370047
0.370052
0.370065
0.312643
0.557953
0.557952
0.370065
0.860109
0.566171
0.182431
0.283867
0.535451
0.182426
0.125481
0.370049
0.6244
0.129623
0.370414
0.18668
0.74054
0.458523
0.02041
0.0198694
0.624405
0.864262
0.253465
0.370044
0.258341
0.447632
0.0096969
0.670539
0.319367
0.646645
0.12377
0.455404
0.49617
0.227862
0.281029
0.383434
0.053141
0.4554
0.88023
0.370048
0.307559
0.421452
0.370049
0.566154
0.535449
0.370053
0.0531341
0.0760921
0.0799554
0.0799564
0.307557
0.218316
0.00609389
0.37006
0.132771
0.248467
0.0124969
0.416763
0.455388
0.274872
2.42302e-12
0.0347506
0.034752
0.00464068
0.00940801
0.204859
0.27596
0.370065
0.0046406
0.00464007
0.00940655
0.0799565
0.172519
0.00463883
0.327618
0.0361087
0.0310995
0.00463966
0.215208
0.354834
0.744841
0.272811
0.241142
0.447628
0.132762
0.00242592
0.0799602
0.172519
0.17252
0.455573
0.00940648
0.00463983
0.417372
0.00940598
0.437991
0.00940832
0.0065588
0.370071
0.314962
0.152855
0.49617
0.28061
0.703718
0.108935
0.229922
0.370043
0.180559
0.535631
0.0137967
0.880228
0.19727
0.0511708
0.377284
0.136727
0.565355
0.0799568
0.307557
0.316807
0.524714
0.531913
0.409647
0.0799621
0.0799603
0.370054
0.186665
0.246526
0.18666
0.370064
0.125161
0.954718
0.079967
0.197276
0.0310144
0.123707
0.316807
0.241025
0.447629
0.116482
0.370049
0.116487
0.246526
0.234834
0.370051
0.566167
0.906777
0.496458
0.355305
0.300609
0.483218
0.300613
0.496475
0.496444
0.0587767
0.370055
0.18243
0.172232
0.18243
0.300607
0.30061
0.0119492
0.455406
0.283193
0.0799688
2.42625e-12
0.5684
0.0799645
0.88023
0.0799571
0.37005
0.253456
0.880227
0.0799575
0.0799575
0.167447
0.55726
0.106926
0.347101
0.461637
0.533989
0.143461
0.3168
0.286695
0.300478
0.819273
0.370061
0.370061
0.651914
0.613436
0.370058
0.595207
0.175938
0.281029
0.280613
0.186687
0.646679
0.516101
0.496168
0.071332
0.253465
0.524701
0.124727
0.123689
0.383416
0.274493
2.41841e-12
0.38342
0.19727
0.531932
0.354824
0.370046
0.438012
0.204838
0.307557
0.370054
0.22682
0.316799
0.370055
0.472992
0.281021
0.273373
0.197863
0.253457
0.350919
0.29627
0.248487
0.123724
0.132777
0.370066
0.168793
0.354634
0.24653
0.311234
0.285193
0.337811
0.383417
0.767599
0.168775
0.197036
0.300458
0.404774
0.16877
0.421456
0.179567
0.327619
0.165159
0.370056
0.370055
0.236754
0.880224
0.0799621
0.406075
0.880231
0.939469
0.186651
0.415789
0.218324
0.370065
0.496175
0.76764
0.997691
0.566183
0.18423
0.0016268
0.0646618
0.370049
0.646633
0.447626
0.178938
0.177275
0.370052
0.204841
0.253473
0.186653
0.085532
0.227761
0.0936614
0.14022
0.370054
0.370053
0.370044
0.370054
0.413284
0.880235
0.415786
0.370052
0.0799569
0.47175
0.471769
0.416101
0.611668
0.370067
0.320034
0.354844
0.162909
0.527591
0.520937
0.920439
0.667699
0.419611
0.457774
0.0449967
0.0821132
0.172518
0.880217
0.0799557
0.25346
0.0804025
0.880219
0.323488
0.612035
0.417225
0.734873
0.370058
0.152849
0.370056
0.370056
0.370056
0.646788
0.646651
0.646677
0.646679
0.417391
0.417385
0.417385
0.670577
2.82442e-10
0.370056
2.07099e-10
0.305928
0.0314977
0.105113
0.204839
0.612003
0.370052
0.241032
0.241039
0.174543
0.447626
0.474342
0.907191
0.370048
0.316805
0.307561
0.370045
0.182429
0.417375
0.370053
0.322414
0.566162
0.657503
0.197674
0.548354
0.67054
0.197055
0.127627
0.00103688
0.880226
0.757728
0.880231
0.880227
0.612006
0.253455
0.486013
0.197033
0.282884
0.880228
0.0891656
0.370056
0.880228
0.292049
0.370047
0.880221
0.880221
0.880218
0.41609
0.218598
0.162726
0.742533
0.619244
0.370054
0.455375
0.354825
0.496149
0.0232445
0.406088
0.798491
0.542529
0.184233
0.547718
0.25347
2.40892e-10
0.133502
0.167447
0.0581558
0.370049
0.0936644
0.238455
0.740541
0.88022
2.42592e-12
0.186652
0.253456
0.279732
0.327619
0.880221
0.370053
0.10493
0.74302
0.0799608
0.880226
0.246528
0.713088
0.880235
0.186655
0.378755
0.370066
0.327643
0.708165
0.264295
0.270964
0.905894
0.277814
0.397117
0.40607
0.227746
0.072791
0.370049
0.6575
0.296258
0.204843
0.150316
0.880218
0.0112021
0.447626
0.774691
0.939458
0.172519
0.172518
0.172518
0.880211
0.182426
0.123224
0.106931
0.739658
0.544093
0.256925
0.370052
0.0799677
0.138333
0.880237
0.47737
0.156067
0.156067
0.708135
0.296263
0.510697
0.461819
0.46181
0.241026
0.880226
0.880226
0.415793
0.540933
0.880218
0.471738
0.370046
0.455376
0.0936612
0.370047
0.079961
0.0936666
0.483212
0.880225
0.30046
0.186661
0.204842
0.880233
0.370049
0.880231
0.0799693
0.880231
0.204859
0.6966
0.197412
0.0936785
0.812161
0.0936713
0.0244123
0.0936639
0.22774
0.197033
0.22179
0.0936647
0.0702356
0.140227
0.227753
0.939464
0.595204
0.880221
0.370047
0.431928
0.611644
0.67053
0.417363
0.370056
0.0354515
0.337823
0.248472
0.880362
0.880351
0.880234
0.0354556
0.880233
0.323509
0.646433
0.370065
0.483244
0.0799636
0.377296
0.880227
0.078847
0.599264
0.880226
0.416087
0.880226
0.0472686
0.416753
0.567127
0.127622
0.740543
0.0354474
0.19703
0.156064
0.0799611
0.81336
0.813353
0.813359
0.0799607
0.872142
0.455364
0.872142
0.984702
0.0799597
0.370066
0.140246
0.294341
0.370066
0.542534
0.277821
0.496161
0.140234
0.880226
0.172519
0.565672
0.00409205
0.275815
0.197264
0.417371
0.722708
0.00782272
0.370046
0.370047
0.229724
0.653237
0.993613
0.684262
0.370058
0.684255
0.413291
0.535454
0.051132
0.0896098
0.438022
0.370046
0.740537
0.0403804
0.406089
0.193157
0.534023
0.415642
0.258352
0.23846
0.0614367
0.370047
0.496468
0.740543
0.684251
0.370049
0.513797
0.684251
0.954716
0.702571
0.229724
0.370046
0.370048
0.104746
0.370048
0.33782
0.370053
0.684249
0.565709
0.37006
0.21832
0.53193
0.0788487
0.00341977
0.53401
0.316819
0.186682
0.37007
0.370066
0.347996
0.370066
0.296265
0.307565
0.540924
0.370049
0.438006
0.167445
0.540928
0.684251
0.197267
0.156063
0.418445
0.206633
0.431927
0.370047
0.0788464
0.370047
0.0889587
0.370055
0.370047
0.723244
0.370056
0.294329
0.18243
0.394937
0.595211
0.0628956
0.253469
0.733679
0.767641
0.370063
0.253473
0.496164
0.496297
0.125482
0.437976
0.286665
0.406065
0.370049
0.19767
0.370049
0.279738
0.0281455
0.370056
0.202428
0.513791
0.56568
0.646641
0.669571
0.126497
0.447632
0.447618
0.447633
0.753763
0.140626
0.253457
0.524708
0.275951
0.406074
0.568399
0.172523
0.566194
0.0788514
0.542533
0.275961
0.752796
0.258342
0.565671
0.37005
0.321946
0.0201712
0.10688
0.540927
0.496474
0.477352
5.21378e-12
0.316799
0.285047
0.370048
0.49647
0.370048
0.25349
0.37006
0.370052
0.370061
0.383428
0.542523
0.5657
0.542523
0.370046
0.321957
0.982204
0.415643
0.0788531
0.455408
0.280614
0.0788513
0.370059
0.496476
0.253457
0.565679
0.57621
0.431931
0.227745
0.0828076
0.323494
0.684255
0.939456
0.4649
0.646637
0.370047
0.314938
0.888173
0.109687
0.241031
0.568358
0.695839
0.370055
0.197673
0.253459
0.477352
0.398285
0.253463
0.370067
0.204855
0.226841
0.370066
0.599309
0.5684
0.899159
0.0788499
0.421456
0.542505
0.608246
0.237514
0.455369
0.204839
0.0695546
0.684255
0.565699
0.413272
0.140615
0.421458
0.204837
0.253461
0.684258
0.684255
0.447622
0.684253
0.684254
0.0281471
0.370054
0.253462
0.116485
0.370053
0.067814
0.274879
0.496315
0.294337
0.0529055
0.454173
0.903848
0.292059
0.477346
0.218317
0.415779
0.352218
0.370049
0.370049
0.565676
0.370051
0.447638
0.937627
0.376126
0.0266476
0.111615
0.437983
0.312634
0.435978
0.437964
0.327627
0.535459
0.000890378
0.604979
0.12548
0.370049
0.963542
0.173117
0.585323
0.322078
0.684254
0.275961
0.343201
0.0444726
0.5723
0.283162
0.394925
0.253456
0.242909
0.488303
0.126494
0.127623
0.987074
0.125487
0.599271
0.599272
0.0021611
0.694106
0.464909
0.377457
0.316808
0.486023
0.781208
0.377452
0.204846
0.612018
0.57793
0.241015
0.0885669
0.854864
0.662731
0.413301
0.370065
0.308632
0.370065
0.223282
0.241031
0.670533
0.585953
3.20267e-05
0.370049
0.323491
0.370049
0.535455
0.253466
0.00216145
0.197666
0.126493
0.608248
0.186666
0.00263391
0.295619
0.229727
0.204835
0.827661
0.998572
0.00180097
0.0201718
0.109688
0.927138
0.484408
0.370068
0.781516
0.958987
0.464931
0.464931
0.0131899
0.000480581
0.370057
0.156066
0.319588
0.241022
0.241026
0.977363
0.37005
0.396188
0.229725
0.684257
0.253453
0.540921
0.16272
0.370047
0.370047
0.370056
0.370055
0.39493
0.404775
0.534007
0.275953
0.370054
0.307622
0.314925
0.486011
0.370064
0.684248
0.204858
0.165178
0.327641
0.739667
0.535464
0.129626
0.370048
0.698983
2.64969e-06
0.496464
0.167364
0.0999633
0.849651
0.70621
0.370056
0.316799
0.0633714
0.132081
0.226302
0.253461
0.227851
0.370052
0.116483
0.642777
0.370055
0.802657
0.323495
0.0655341
0.0948914
0.00125406
2.74303e-12
0.185644
0.370071
0.731104
0.419632
0.354843
0.227756
0.354835
0.496284
0.496471
0.27782
0.612002
0.370049
0.370049
0.454157
0.370052
0.370419
0.417361
0.124726
0.767303
4.3039e-08
0.49647
0.684277
0.281745
0.0788474
0.383434
0.0788492
0.639822
0.253492
0.905617
0.0713858
0.50631
0.370065
0.370065
0.416776
0.547487
0.370065
0.710649
0.404778
0.68425
0.370047
0.383416
0.944618
0.280604
0.938827
0.646646
0.496149
0.370051
0.84767
0.177686
0.323487
0.612003
0.572283
0.37041
0.471752
0.395858
0.416593
0.0105189
0.0788485
0.370053
0.806651
0.646653
0.370049
0.370054
0.204856
0.409664
0.280617
0.613433
0.53403
0.731104
0.496492
0.0788499
0.00317864
0.0590995
0.85798
0.857985
0.591933
0.220814
0.378755
0.370052
0.370056
0.227741
0.319335
0.370047
0.370047
0.126494
0.708379
0.684255
0.455338
0.546875
0.546873
0.377292
0.370054
0.350941
0.684246
0.281021
0.394835
0.204854
0.61204
0.70815
0.406039
0.394827
0.0112423
0.937632
0.394828
0.448559
0.312618
0.370049
0.731089
0.370049
0.394828
0.253466
0.415632
0.410438
0.378748
0.182427
9.53326e-05
0.419609
0.248471
0.53403
0.673091
0.139089
0.684251
0.394836
0.599281
0.370052
0.771075
0.231019
0.849664
0.944862
0.944863
0.370066
0.000287313
0.370066
0.37006
0.438023
0.0395144
0.0344702
0.370043
0.00135939
0.286661
0.215907
0.122125
0.907194
0.24104
0.415779
0.600754
2.90766e-11
7.30942e-07
0.000144437
0.110133
0.438026
0.37005
0.184233
0.0226113
0.684251
0.612018
0.370056
0.131058
0.312622
0.768945
0.64668
0.37007
0.35203
0.238462
0.864264
0.75377
0.370056
0.281017
0.815123
0.18422
0.253459
0.377441
0.370049
0.370052
0.767306
0.221797
0.140109
0.370046
0.421459
0.417364
0.258335
0.370054
0.780466
0.431924
0.204846
0.323499
0.61201
0.242912
0.0235769
0.0788475
9.21694e-07
0.684251
1.89532e-05
0.59861
0.070243
0.370066
0.241045
0.766171
0.370057
0.283866
0.370049
0.258329
0.126494
0.666677
3.64266e-05
1.89435e-05
0.416753
0.370056
0.455358
3.66341e-05
0.274865
0.292053
0.156065
0.124732
0.447636
0.285046
0.227852
0.25347
0.307562
0.167446
0.415794
0.535445
0.27974
0.897728
0.296268
0.37746
0.172523
0.283887
0.370064
0.241035
0.0788497
0.370048
0.37005
0.000148946
0.319588
0.924186
0.370049
0.611633
0.000148991
0.000149011
0.000148937
0.842351
0.0726931
0.455376
0.00014896
0.370054
0.131454
0.473848
0.178351
0.00705714
0.108123
0.18243
0.684246
0.000148965
0.370053
0.370066
0.599309
0.283875
0.370066
0.455414
0.613432
0.684254
0.370057
0.887664
0.20484
0.533975
0.000219509
0.000183335
0.406021
0.370053
0.0788472
0.463155
0.286145
0.286144
0.179699
0.370047
0.684256
0.260067
0.568393
0.317028
0.327646
0.372239
0.327639
0.286153
0.540586
0.630828
0.192706
0.0511347
0.524731
0.0511363
5.49385e-05
0.36705
0.419631
0.370059
0.370056
0.447625
0.283849
0.431923
0.370049
0.14655
0.0012424
0.684251
0.283849
0.0728591
0.28385
0.294324
0.283846
5.49054e-05
0.370047
0.417207
0.354831
0.47734
0.370055
0.283879
0.000764953
0.477352
0.00965099
0.447625
0.0256702
0.0912326
0.402606
0.849669
0.84966
0.787099
0.740545
2.24774e-07
0.00128804
0.000340633
0.124727
0.57787
0.530103
0.126494
0.767313
0.609024
0.524709
0.370056
0.283849
0.370046
0.417193
0.471743
0.370047
0.377451
0.0788482
5.49014e-05
0.383423
0.44347
0.370054
0.120399
0.477354
0.377437
0.26264
0.93992
0.85437
0.32197
0.854366
0.197684
0.296269
0.319963
3.38619e-05
0.308619
0.863832
5.48972e-05
5.49069e-05
0.216066
5.49069e-05
0.684251
3.38628e-05
5.49269e-05
0.416744
0.614262
0.125482
3.38552e-05
0.612004
0.612016
0.323493
0.253451
0.496295
0.24401
0.496289
0.455365
0.28386
0.370049
0.44763
0.238462
0.352395
0.496177
0.496171
0.370067
0.684254
0.00012503
0.370058
0.684252
0.996611
0.167443
2.4182e-12
0.0702335
0.314935
0.447633
4.33483e-05
2.42722e-12
0.0397012
0.535447
0.383415
0.669444
0.000112671
0.246527
0.447642
0.124727
0.612026
0.178948
0.767318
0.370056
0.0397051
0.325369
0.354829
8.16619e-05
0.000209518
0.684246
0.281028
0.184234
0.370065
0.00415355
0.455381
0.447625
0.684254
0.370043
0.684251
0.370049
0.540927
8.16329e-05
0.595221
