0.775493
0.570405
0.730733
0.440361
2.39674
1.50026
4.04804
1.18984
0.785832
0.380524
0.0677368
0.35027
1.00484
0.853547
1.37689
1.36497
1.27501
5.85441
4.76082
1.09185
1.36407
0.816429
1.60971
1.52266
0.85996
6.02125
1.20252
1.52266
1.20252
1.10381
1.52266
0.750125
0.394887
1.51993
0.598848
4.45393
5.75929
5.69255
1.25764
1.25764
1.25764
0.748452
2.06208
0.403007
1.20379
0.710841
0.033772
1.38253
2.85252
2.78432
1.48196
0.144663
1.14091
1.89822
1.89822
1.02029
0.611359
0.611359
0.752415
2.74388
2.6518
1.53042
1.76428
0.896317
4.26491
0.313663
1.00966
0.65916
2.5639
0.65916
2.86648
2.70591
0.621874
0.621874
1.65846
3.45653
0.83157
0.871556
0.871556
0.803834
5.41748
0.896317
1.07889
6.18278
1.25819
4.56676
0.534712
0.0515143
0.435388
4.90249
1.0415
0.539174
0.465144
2.42015
1.04319
5.81011
3.70589
1.10162
0.896317
1.1825
2.49282
5.72584
0.984031
1.58781
1.44988
1.73061
3.98937
1.73116
3.85085
3.95065
3.93422
3.73047
4.08706
6.2398
4.66004
2.10477
5.52661
0.374349
2.37726
0.611359
4.44422
0.446076
3.3044
1.86808
4.83867
2.10804
1.7573
1.32644
2.99402
6.71483
1.83598
1.91429
2.6494
5.50068
0.830765
0.789014
3.31702
3.43541
0.748452
3.14539
0.0619342
0.863229
5.21198
0.995899
2.39108
2.0947
1.1419
6.71846
1.1419
4.1303
4.77807
2.47125
4.20241
0.570405
5.103
1.04045
3.63535
0.585889
0.47622
6.40305
2.51681
3.56471
1.20584
0.0595838
0.680515
1.37784
0.748452
0.313663
3.68003
0.671753
1.39588
1.40253
2.14562
2.21689
3.96684
1.33519
3.26007
0.778952
1.32578
1.05433
0.405024
3.76544
2.26038
0.958421
1.06897
1.95832
1.36707
0.83157
0.306576
3.08682
6.48246
1.66492
4.16504
1.20985
1.20985
0.0955817
1.20099
0.297905
0.421649
1.59951
3.5732
0.573675
1.34394
5.46964
2.83382
0.896317
2.58342
3.14514
0.83157
1.85264
0.978845
4.67171
1.89721
3.15299
0.44052
1.07159
5.78686
5.22463
4.4912
1.20584
0.407571
2.16482
6.08042
0.286811
2.96596
6.44049
7.05954
7.1311
1.59037
0.397872
0.428444
1.24433
5.46498
1.32358
1.18516
1.00484
1.53513
0.480406
1.44144
0.0903563
0.0845351
1.1419
1.1419
1.44955
2.04033
6.90404
0.681642
0.849362
0.680741
1.35481
3.33019
2.27862
3.13071
1.18257
0.625027
0.0465943
1.77055
1.11192
1.01805
2.58931
1.1718
0.896317
0.812012
1.34781
1.34781
0.233783
0.505123
1.20099
3.08188
0.56412
3.66419
1.44764
0.896317
1.84588
0.896317
1.56342
3.51785
1.17402
0.923622
0.828334
1.36554
3.85312
3.73699
4.06546
1.35882
0.531248
2.77656
0.987242
2.45521
0.761355
1.07093
1.22896
3.14448
2.89161
0.896317
4.67343
1.20985
1.61709
3.47924
1.01805
3.26958
3.19905
0.775541
4.08343
0.776072
1.44559
0.0412006
0.830765
3.16225
1.89439
0.938465
0.994642
1.08496
0.896317
0.995237
3.41203
3.36879
1.59026
2.74433
1.33139
0.568893
1.56681
1.52798
1.52798
0.224678
0.362032
0.978845
3.14395
1.60935
4.22917
0.39461
0.830855
1.1419
1.17234
0.045636
2.68681
3.96616
0.811231
1.45789
3.43689
0.760485
0.0883814
3.22625
0.896317
1.13026
1.67719
0.896317
2.76382
0.701076
3.73332
0.978845
2.04466
1.45912
1.42695
0.612806
2.84004
1.05355
1.32981
0.982797
1.25668
1.97257
1.38985
0.452477
0.313663
1.05433
1.20117
0.896317
1.06206
0.94023
1.1826
0.896317
1.7573
0.710518
2.95325
3.62625
3.47988
0.525394
3.83618
0.896317
1.1419
1.36344
0.987242
0.896317
0.935106
2.60968
4.332
4.0632
0.896317
3.18864
2.75435
0.701076
3.44305
0.896317
3.90873
3.79155
0.896317
2.4067
3.19747
2.8447
1.70015
3.04472
1.55901
3.0573
2.51972
1.07889
3.11713
0.698061
0.896317
0.896317
0.896317
1.98587
0.730733
0.426688
0.896317
2.43717
1.76502
2.02321
0.815793
1.08165
1.08165
0.719585
0.212988
1.00098
0.361489
1.1236
1.98201
0.807036
0.719585
0.807036
0.646249
2.19868
2.38681
2.09646
1.24288
0.63311
1.69596
1.18235
1.35411
0.775541
1.39528
2.25798
1.17878
2.11761
1.00966
3.6284
0.00743966
0.987242
1.49082
1.84011
1.0654
1.0654
0.810938
1.0654
3.65789
1.27699
0.531248
1.11803
0.748452
1.51412
0.896317
1.45801
0.780714
1.48528
2.91041
1.55441
1.05433
2.52227
0.313663
0.426815
0.83157
1.1419
1.34035
0.374349
0.374349
1.00368
2.86815
1.07379
0.956116
0.321228
0.790173
0.0209009
2.66275
2.81989
1.60449
0.563724
1.67939
1.22615
1.03539
0.748452
1.38395
1.84726
0.406645
1.90802
0.896317
0.896317
0.368637
3.65741
1.56175
1.1419
1.08939
2.01101
0.406082
1.62594
0.830855
0.664068
1.00484
0.576793
0.374349
1.08084
0.235835
0.864369
1.07889
0.896317
1.09185
1.09185
1.09185
0.636058
0.746423
1.07379
0.295478
1.43378
0.956116
1.00966
1.07889
1.07889
0.896317
0.896317
1.16766
0.531248
1.34781
0.995237
0.811231
0.811231
0.680515
0.370623
1.00484
0.928842
0.748452
1.07796
0.794991
0.12987
1.68415
2.49658
0.896317
0.987242
0.167502
0.141391
0.896317
1.25638
1.63751
2.18262
1.23094
1.34394
4.55058
0.531248
2.72039
0.896317
3.0146
5.12138
4.1633
3.5994
0.292338
0.792884
0.830765
0.608732
1.06456
2.11236
1.32777
1.72023
4.67299
1.59255
0.0578169
0.232448
1.12941
0.233783
1.03506
0.511041
1.96963
0.830765
1.5389
1.17234
1.01805
2.1297
0.785832
0.896317
1.18339
1.0654
1.03506
0.665975
0.833078
0.211342
0.896317
0.319877
0.594169
2.03092
1.07363
0.896317
1.44162
0.680515
1.30158
0.719585
0.632236
0.896317
0.896317
0.0405485
2.10277
0.826301
1.04442
1.52191
0.401516
2.17802
0.0304836
0.372102
0.778952
1.36093
2.1077
4.30998
0.659367
1.13223
2.71576
0.896317
1.1419
1.36067
1.42206
2.06013
2.41372
0.583975
0.787206
0.896317
1.49336
1.17736
1.36484
0.0658455
0.812012
2.05591
3.40519
2.41534
0.812012
1.26779
1.33323
0.896317
0.896317
0.877966
1.12737
1.92922
0.235835
0.896317
2.71769
1.35328
0.896317
2.31594
0.896317
1.87574
0.461793
3.34205
2.0675
4.48745
4.43316
4.885
1.05355
0.531248
0.978845
3.73796
1.59951
0.507705
0.896317
0.896317
1.82355
0.990387
0.639935
1.22169
0.896317
0.896317
0.636058
0.507167
1.30219
1.46781
0.570405
0.896317
1.63789
0.830765
1.28099
0.957652
1.22169
1.27629
2.25692
0.0813496
0.896317
0.896317
0.968587
0.745306
0.170945
1.60668
0.807036
2.80986
3.2816
0.339798
0.680515
0.680515
0.696965
1.64625
0.830765
0.570405
1.61111
1.55994
1.16027
0.830765
1.69261
0.830765
0.830765
0.905338
0.896317
0.896317
0.896317
0.209003
0.896317
1.53886
1.1419
0.066167
0.18412
0.174574
1.30219
0.896317
0.170945
2.20241
1.86459
1.30364
2.11697
1.22169
0.898003
2.08315
0.896317
0.896317
2.68771
0.896317
1.96655
2.08332
0.292452
1.52798
0.430689
0.836949
0.896317
0.548637
0.896317
0.535409
1.00943
0.896317
1.00098
0.430689
1.1511
0.430689
1.36497
0.430689
0.430689
0.181142
0.773625
0.730733
1.35328
0.821759
0.896317
0.263017
0.896317
0.896317
1.23094
1.23094
2.23663
2.14203
2.03441
1.23094
0.816416
1.59291
0.735798
1.744
1.744
1.8783
2.41918
0.426876
0.896317
0.245839
0.0412181
0.245839
0.35939
0.347597
0.705877
0.374349
1.23094
0.430689
1.50255
1.07889
1.26779
1.60133
0.35939
0.896317
1.84057
0.430689
0.349324
1.12136
1.57696
0.4349
0.245839
0.430689
1.23094
1.50255
1.23094
0.896317
3.02937
0.889798
2.31063
2.6005
1.86765
0.592488
1.01805
0.896317
0.381465
1.01805
1.05355
0.829036
0.896317
0.896317
1.01805
1.36407
1.57881
1.04442
1.50255
0.264824
1.03728
0.564638
1.34158
0.896317
0.45918
1.56055
0.926998
1.1419
1.32023
0.877527
0.386931
1.80964
2.06711
2.98453
0.958421
1.46967
1.23094
0.170945
0.476263
0.896317
1.4357
0.896317
0.278691
0.17681
1.28929
1.28929
0.958421
0.458382
0.458382
1.32508
0.896317
0.896317
1.05355
0.680288
0.680288
0.956116
1.05355
1.04442
1.37222
0.956116
0.458382
0.374349
1.03506
1.03506
1.01805
1.05373
2.71722
0.952681
0.680515
3.77946
1.00966
0.806991
1.65318
0.896317
0.826157
1.11692
0.472345
1.23953
0.896317
0.896317
0.896317
0.365904
1.52798
0.627384
1.08481
3.67486
2.53816
0.775493
0.775493
4.18671
1.01805
0.882839
1.50737
0.169837
2.47812
1.84894
0.701076
4.50012
0.759317
1.08481
0.896317
0.823052
6.79093
7.08601
0.811231
0.896317
1.13715
2.39971
1.0654
0.0633405
6.78045
6.78664
0.862644
0.896317
6.89966
1.40406
0.60205
0.573675
0.896317
1.65246
6.29692
0.619656
0.167166
1.11603
0.269805
0.978845
0.748452
1.02029
6.79015
1.01805
0.507167
5.90113
5.7127
1.77581
4.45045
6.48615
0.896317
0.978845
7.00751
1.26974
7.00751
1.20099
0.990387
0.458382
6.29675
1.3315
0.880135
0.811231
0.625027
0.570405
0.896317
6.81687
6.23402
0.896317
5.84013
0.00287749
0.896317
6.56993
0.896317
6.1545
6.4326
1.6502
5.55043
6.89966
0.608979
0.896317
1.07796
7.03208
6.91715
1.1419
0.896317
0.583619
6.77896
1.1419
0.951964
6.80751
0.830855
6.7172
0.896317
7.23944
1.1419
7.13114
0.818078
0.818078
0.818078
1.32777
6.93492
1.5466
6.74558
0.759317
7.00751
0.896317
6.93731
0.625027
0.978845
1.55301
6.39602
0.896317
1.1419
1.34781
5.6982
6.9248
0.313663
7.00751
0.525394
7.10345
0.896317
1.07889
1.13026
1.34394
7.10345
7.22434
0.896317
1.1419
0.812012
1.02029
1.38037
6.68158
1.59951
6.93018
7.00751
7.00751
1.17234
0.643151
0.426688
0.896317
6.93018
1.1419
0.896317
0.896317
6.89966
1.20584
0.896317
0.896317
6.69387
6.88828
0.896317
0.759317
0.896317
1.20099
6.79244
6.6893
7.00751
0.882839
6.7758
1.35481
6.91957
7.19225
6.80045
0.0675013
7.08601
6.98701
0.631224
0.51947
0.746423
6.70147
0.507167
0.896317
6.34087
6.52803
6.47721
0.458382
1.0654
7.06249
1.02029
0.813682
1.1419
0.896317
6.39002
5.62558
5.82681
1.50829
5.87114
1.07159
0.573675
0.896317
0.0766542
0.896317
1.03539
7.10546
1.20099
0.525394
0.426688
0.810938
0.83157
1.40406
0.271739
6.3807
0.896317
6.24318
0.701076
0.520253
6.92314
6.3933
1.17234
0.896317
1.17234
0.803834
0.956116
6.87291
6.70083
0.896317
1.17234
0.625027
0.244895
0.570405
1.36407
1.32777
7.0622
6.22614
6.90391
6.68552
6.52109
6.79812
0.896317
0.896317
6.89995
0.895638
1.17878
0.810938
0.810938
3.40605
3.19337
1.41834
1.41834
0.945777
0.896317
0.0357198
0.746423
0.746423
0.680288
0.959082
0.896317
1.80506
0.0657913
1.51556
2.00207
2.39991
0.828353
0.896317
0.896317
0.250301
4.51518
0.502371
1.5344
0.813978
2.31409
1.07504
1.5187
1.26779
0.631337
0.896317
0.896317
0.347597
0.896317
0.681539
0.681539
0.564638
1.58283
2.02142
3.07217
1.39659
0.155534
1.52798
2.18848
2.7835
0.896317
0.896317
0.107916
1.08491
3.14912
3.75387
0.189691
0.293411
0.470231
2.11903
1.1419
1.92329
2.31779
0.531248
1.54293
2.26175
1.5382
0.338455
0.507705
0.180878
1.66581
0.680288
0.98642
1.01603
3.09611
0.814965
2.19768
0.446985
3.94353
1.59951
1.07889
2.87523
0.247303
1.21627
1.1419
0.458382
1.16766
1.16766
0.730733
1.45027
1.09185
0.0505245
0.0505245
0.9252
1.63225
0.313663
0.9252
1.20584
0.515824
0.83157
0.487624
0.036077
1.1419
1.00484
0.120482
1.52798
1.99594
0.313663
0.896317
0.354541
0.354541
0.573675
1.1419
1.1419
1.23094
0.630646
0.896317
0.828545
0.952741
0.100075
1.05355
1.59867
1.68839
1.67309
1.11603
0.531248
3.76692
6.46612
0.719585
4.89918
0.170023
2.07669
0.533201
1.20485
4.92772
0.896317
1.37331
2.60769
0.295478
0.533144
0.266315
0.351669
0.643151
0.823052
0.896317
0.233783
0.375552
0.768669
1.344
0.810938
0.730733
0.952645
1.1419
0.823052
0.587003
0.775541
1.67806
0.83191
1.00484
0.19626
1.93751
0.287513
0.896317
1.04442
0.826348
0.570405
0.516345
0.585889
0.747119
0.344137
0.251948
0.974562
1.72531
0.729463
0.830855
1.1419
1.1419
0.775493
2.05137
1.7006
2.87403
1.69487
0.650035
0.669377
0.896317
1.38037
3.41737
1.96356
1.86683
1.00966
1.1419
2.18501
1.47491
0.810513
5.92839
1.36407
2.65963
0.374349
0.735798
0.679999
0.679999
2.63435
1.55301
1.65928
0.785832
0.795479
0.0599839
1.01255
1.53513
0.882839
1.00484
1.07316
1.79107
0.0487796
0.679999
0.896317
1.79107
0.811231
0.00304083
0.813682
0.641732
1.00966
0.9252
0.390097
0.116579
0.896317
0.0162076
4.73799
1.18758
0.696574
0.22709
1.36497
1.38037
2.06999
1.08084
1.53513
1.14329
1.59707
5.84744
1.19492
0.896317
0.162448
0.860463
1.61947
1.34999
1.22463
1.26779
0.748452
1.59951
0.882839
0.938465
1.23438
0.871556
0.896317
0.487911
0.775541
0.896317
1.67127
1.87758
4.34692
3.84115
0.643151
1.62359
1.15513
1.51323
1.20099
1.38782
0.896317
1.05433
0.458382
0.458382
0.871556
0.896317
1.28929
0.896317
0.585889
0.813682
0.680515
0.896317
0.807036
0.896317
1.05355
1.03506
1.03506
0.47043
0.561574
0.871556
1.41834
0.896317
5.40437
2.01586
2.28411
6.94191
0.775493
0.820447
0.956116
1.13026
0.730733
0.9252
1.12987
0.896317
0.823052
0.573675
0.714336
0.9252
0.11446
0.896317
0.774195
1.79107
0.857223
0.595671
0.332672
4.05451
0.833078
1.38037
0.896317
1.29677
0.896317
1.26779
0.896317
0.896317
1.34781
1.1419
0.316526
1.42978
3.77667
1.90226
1.33323
0.180521
1.33323
1.33323
1.33323
1.33323
1.33323
0.313663
0.619656
0.458382
0.507167
0.896317
0.896317
0.896317
0.896317
0.0162076
0.619656
0.84657
1.32777
0.896317
0.710518
0.710518
0.812012
1.62214
1.00484
1.00484
1.1419
0.896317
0.896317
0.896317
1.02327
1.00966
0.857223
0.857223
0.857223
0.896317
0.807036
0.995237
1.82063
0.995237
1.46393
0.995237
1.60161
1.17878
0.346865
3.01595
0.896317
0.896317
0.466514
1.23756
0.295478
0.102367
0.358588
0.896317
2.0464
1.7095
1.1419
0.679999
1.33323
0.818688
1.17234
0.649772
0.882557
0.896317
0.803834
1.1419
0.896317
0.896317
1.06886
0.236264
0.896317
0.896317
1.1419
0.895638
1.26733
0.896317
1.44043
0.719585
1.92647
0.0892738
3.57906
3.29159
1.1419
0.775493
1.05355
1.09185
0.778952
1.41834
0.9252
0.9252
0.824286
1.16766
0.636058
0.965246
0.628059
0.680515
0.0898242
0.746423
6.05847
0.701474
0.235018
1.09439
1.09439
0.0672698
0.896317
0.124006
0.813978
1.44829
2.91048
3.26902
0.896317
1.04442
1.20584
0.0512516
1.41834
1.2581
0.611359
0.570405
0.0218469
0.978845
1.26779
0.882557
1.88955
0.896317
2.18752
0.978845
1.01909
1.09707
1.13301
1.06769
1.8247
1.1511
0.643151
0.896317
0.14348
1.28115
1.54338
0.995237
0.525394
0.938465
0.445387
1.1544
1.1544
1.43771
0.643151
1.41834
1.41834
1.0136
1.0136
3.13068
4.92659
1.13026
0.981792
0.749372
1.1419
0.636663
1.43285
0.882839
1.26779
3.57117
0.896317
0.573675
1.21216
1.21216
0.978845
0.818078
1.28697
0.896317
4.82336
0.830855
0.896317
0.623939
0.896317
1.58668
1.04861
0.155011
0.976279
0.608979
1.35891
1.37222
1.60602
0.360918
0.241203
0.896317
0.896317
0.54506
0.895638
0.436652
0.828993
1.1419
2.20241
5.0644
0.0844272
0.896317
1.07229
1.5086
0.272661
0.458382
0.987242
1.33323
0.734094
0.978845
0.573675
0.896317
0.896317
1.26779
0.730733
1.01984
1.01464
0.30963
0.896317
2.41347
2.02244
1.04442
0.896317
6.48169
3.35628
0.570405
1.34406
0.147043
1.04861
1.36407
0.896317
1.70913
1.69603
0.871556
1.02985
0.238908
3.61951
0.984715
0.775541
1.08084
1.59095
1.57236
0.0682167
2.44525
6.27886
2.2966
0.730733
0.730733
0.976868
0.0752911
0.0959617
3.4102
1.25835
1.23094
0.896317
3.70486
2.50886
1.263
2.1053
3.03889
0.251948
3.88756
0.0512102
2.89673
0.730733
0.896317
0.374349
1.53513
0.778952
0.0881608
0.507705
0.710518
0.374349
0.585889
0.622235
0.536724
1.84412
1.1419
1.4241
0.170945
0.896317
0.43746
0.748452
1.06679
0.958421
0.680515
1.07379
1.07379
0.564638
1.38037
1.85034
1.74282
1.81343
1.13224
2.24697
2.45614
0.896317
2.364
0.510672
0.691796
2.95186
1.22025
0.848389
1.44922
0.896317
6.75094
0.0903563
1.04442
1.04442
1.70161
0.766346
2.28529
2.1377
1.01255
0.524171
0.896317
0.474766
1.31
3.00115
0.759317
2.23011
1.1419
0.804718
6.84617
0.553594
0.979522
6.93471
0.553594
6.16762
6.93148
1.05355
0.573777
5.62162
3.38516
1.24346
2.23667
0.803834
1.81337
1.32777
3.25983
0.923883
0.426837
0.108517
0.896317
1.17256
1.06897
4.44738
5.23726
1.5744
6.93471
1.07889
1.07889
6.77168
0.507167
0.974273
1.50894
0.804027
0.979522
7.03368
0.504257
0.710518
0.710518
0.896317
0.426688
0.896317
0.185564
0.679999
1.29723
0.896317
0.679999
0.190138
1.00966
1.00966
0.350888
1.00966
1.23126
1.48947
1.59951
0.978845
1.59951
1.59951
2.61886
0.730733
1.14718
0.882557
1.14718
0.896317
0.0492651
0.327656
0.807036
1.01805
1.8765
1.04861
1.04861
4.58591
0.393684
1.03539
1.03539
1.95883
1.86785
0.775541
0.830855
3.33826
1.17008
0.896317
0.830855
0.830855
0.896317
0.830855
0.830855
1.57706
0.830855
0.904994
0.896317
1.25884
1.18347
1.11627
1.11627
0.896317
0.896317
0.896317
0.896317
0.896317
1.35481
1.43015
1.11674
0.830855
1.08286
0.748452
0.686771
0.212464
1.45185
0.724937
0.272661
0.562954
1.86318
0.967998
1.1419
0.380288
0.380288
1.1419
0.0280482
0.0280482
0.295478
0.176882
1.04861
0.896317
1.34394
0.896317
1.66279
0.896317
0.882557
0.922078
1.61388
1.13026
1.13026
1.13026
0.961798
1.13026
1.33728
0.896317
0.896317
0.896317
0.896317
0.896317
0.896317
0.896317
0.295478
5.03303
0.787637
0.295478
0.807036
0.295478
0.295478
0.295478
0.295478
1.1419
0.170945
0.896317
0.494425
0.896317
1.03539
1.03539
0.896317
0.896317
0.896317
0.896317
0.458382
0.458382
0.389188
1.59951
2.25739
0.896317
1.14329
1.08084
0.896317
0.185564
0.185564
1.05355
1.1097
1.60061
0.585889
1.08084
0.96065
0.96065
0.896317
0.572327
0.128937
0.759317
0.775541
0.621874
0.621874
0.806148
0.896317
0.344904
1.75112
0.882839
0.313663
1.06897
5.99262
6.72343
1.10193
0.925781
1.04558
1.06897
0.830765
1.69269
1.28549
1.1419
1.01479
0.896317
1.15238
0.621874
1.69754
1.20018
0.896317
1.20084
1.66491
1.18529
1.18758
0.896317
1.58039
1.20584
0.896317
1.85226
1.85226
0.896317
0.896317
0.896317
0.896317
6.27015
0.896317
1.59951
1.07159
1.59951
2.55094
0.882557
1.24965
4.66226
0.0622166
0.896317
4.91441
0.656498
0.374349
0.748452
0.810938
0.313663
1.1419
1.1419
1.1419
1.07379
1.07379
1.34394
0.619656
0.871556
1.00966
1.20099
5.56401
1.1826
0.0903563
0.696574
1.1826
0.775493
1.33323
1.33323
0.775493
0.775493
0.35005
0.679999
0.374349
1.19365
1.26779
0.896317
1.34781
1.34781
0.308626
0.896317
0.701076
1.34781
1.85105
0.436418
2.60497
1.1704
0.905325
0.525394
1.1419
0.619656
0.295478
1.52798
0.279613
0.896317
0.380244
0.553644
1.25819
0.896317
0.725235
0.385719
2.02315
1.34394
0.493409
1.1419
0.152699
0.896317
1.26779
1.07379
0.896317
0.239023
0.611359
4.95966
1.1419
0.812012
1.45846
6.25726
0.393684
1.78048
0.458382
0.573675
1.05355
0.0854275
1.32395
2.01939
1.00966
1.32777
0.785003
0.959106
6.82239
0.514024
1.53207
6.10166
1.52798
0.896317
0.710518
0.905164
0.437045
0.437045
0.710518
5.30769
2.93679
5.36214
4.53519
1.53207
0.927484
6.18396
0.748452
1.07595
0.922713
0.088623
3.29074
3.07751
0.265042
4.46974
0.374349
0.995237
0.165085
0.185564
1.78046
1.28929
1.1419
0.748452
0.823052
0.823052
1.03539
1.26779
0.9252
0.895883
1.45636
0.374349
0.896317
1.41834
0.12372
1.08084
0.848203
0.185564
1.28279
1.53513
1.94691
1.30904
1.08084
0.785832
2.64221
1.59951
0.507705
0.745008
1.75114
1.01277
1.9936
1.75383
1.7316
1.17205
0.805802
0.896317
1.00966
0.077932
0.759317
0.860463
0.877553
1.05355
1.59951
1.33153
7.13334
0.813978
6.28114
0.611359
0.189662
2.127
0.775541
1.00966
0.896317
0.830765
1.26779
0.987242
1.00966
1.00966
1.21571
1.33323
1.60899
1.49062
0.896317
1.64418
1.26779
7.0149
0.896317
2.17187
6.89933
0.896317
1.33323
0.535988
0.374438
0.0824038
0.813682
6.87291
0.830765
0.185564
1.55862
6.18849
0.599903
5.05888
0.458382
1.00966
1.74746
0.636058
6.70332
0.155427
1.47152
0.719585
0.896317
1.64317
0.458382
0.958421
1.15876
0.830765
2.12909
0.185564
1.32777
0.701076
0.120799
0.896317
6.40585
0.896317
1.84465
1.0654
0.896317
0.896317
0.896317
1.41834
2.27014
2.39682
0.830855
0.440361
0.680288
2.02267
0.9252
1.16766
0.445313
1.22729
0.896317
1.42477
1.42477
0.896317
0.950757
0.0987093
0.0987093
0.0987093
0.813978
0.896317
0.759317
3.81271
3.815
1.56959
0.818333
0.896317
1.04442
7.16947
2.54174
0.580118
1.93667
1.36815
1.36815
6.35569
1.18529
1.34881
0.896317
0.896317
0.730733
2.39406
1.34394
0.730733
0.680515
4.46689
1.1419
6.93471
2.003
1.28929
1.20985
1.1419
1.53513
1.20329
1.86348
1.04442
7.00751
1.92059
0.882839
1.04442
1.88344
0.882557
1.34394
1.55301
7.00751
0.896317
0.871556
0.185564
1.05355
1.54388
1.00098
0.185564
1.00966
0.896317
6.98865
1.20151
0.896317
1.03506
0.896317
0.896317
0.661183
0.785832
1.1419
0.680515
0.700287
1.41131
1.08271
0.590574
0.714813
0.986548
0.986548
0.882557
1.3529
0.185564
0.185564
0.896317
1.00966
1.59951
0.426688
1.71049
1.18615
1.32777
0.426688
0.374349
7.00751
1.72123
0.846255
0.286085
0.162786
1.08084
0.896317
0.458905
1.38037
0.775493
1.03539
1.05355
1.26708
1.1419
1.00371
0.759317
6.93471
1.72938
1.29168
0.759317
1.53513
1.55301
1.13874
0.619656
0.374349
1.06897
1.41834
6.83067
0.896317
0.896317
1.1419
0.896317
0.830765
0.987242
1.57834
1.30603
1.15876
1.06897
1.59951
1.28929
0.220243
3.52436
0.701076
0.701076
1.07889
1.58668
2.58444
1.1419
1.11566
0.759317
7.1187
1.63686
5.7582
0.710518
6.74378
0.511838
2.56395
3.69114
5.8813
0.813978
1.53207
5.94084
1.08084
0.896317
1.76899
6.32794
7.15136
1.33323
0.573675
1.06897
1.06897
0.730733
0.730733
0.896317
0.80428
5.54094
0.136841
0.216035
0.458382
1.23791
1.07889
1.97183
1.05433
0.958421
0.262927
0.896317
0.783015
1.35481
0.529185
0.991642
1.59951
1.08084
0.775493
1.53169
0.185564
1.00966
0.83157
0.378748
0.729044
1.59951
0.679999
2.05772
1.53207
1.00966
0.896317
0.896317
0.233783
0.896317
7.03332
7.00751
0.823052
1.33665
2.52722
0.775541
5.53548
4.67287
3.1998
0.855593
0.178271
1.20511
0.769667
0.811231
0.0675013
1.00966
0.0381815
0.119296
1.0415
0.891855
0.803834
0.746423
0.491371
0.8412
1.49276
1.72157
0.564638
1.53513
0.680515
1.41834
1.26779
0.391677
0.896317
1.00098
1.28929
0.759317
0.818333
0.958421
0.896317
1.96811
0.680515
0.896317
2.10765
0.775541
0.883591
0.823052
1.00098
0.896317
0.510524
0.13661
1.21029
1.69675
2.31365
1.50701
1.24834
1.22169
0.778952
1.19714
6.27307
4.38858
0.896317
0.608979
1.43305
1.2693
1.45394
2.04271
1.54611
1.83183
2.08218
1.86706
1.73222
0.281706
1.09185
1.73342
1.44942
0.830765
5.23365
0.680515
0.680515
1.48806
2.94506
0.790511
0.494236
2.42328
0.0199051
1.74792
1.47357
1.00966
1.0438
1.87968
1.53207
0.577508
1.07889
7.00751
1.82252
1.07159
0.821502
7.10298
1.65594
1.3788
0.710547
6.89838
1.59951
0.775493
0.896317
2.80772
0.896317
1.64337
0.896317
2.00068
2.33357
2.56387
2.45556
1.52798
1.26779
2.09157
4.10723
0.298768
0.643151
0.987242
0.635217
1.33153
1.79361
0.9252
1.77378
0.896317
0.896317
0.896317
0.896317
0.608979
0.730733
1.49766
0.896286
0.536952
1.52798
0.210272
1.4968
0.803431
0.593288
4.22274
0.155534
0.896317
0.896317
0.233783
0.585889
0.0856047
0.621874
0.621874
4.08152
1.62089
1.07159
1.52798
1.91817
0.746423
0.811231
1.59951
0.570405
1.45651
0.896317
0.611359
1.34158
1.41834
1.03506
1.10144
0.896317
0.896317
0.896317
0.412762
0.976093
0.573675
6.64642
0.313663
0.896317
0.313663
7.00751
0.956116
3.20762
1.01805
1.1419
0.0474665
1.19541
1.50319
0.896317
0.896317
1.09185
4.15046
1.11657
0.811231
0.978845
0.978845
0.978845
1.76252
1.12279
6.01793
1.52798
1.07889
3.58194
1.34715
0.978845
1.04442
1.04442
0.313663
2.84771
2.22863
1.59951
1.53023
2.24909
0.608979
1.51964
0.775493
1.93808
1.88409
0.284194
0.848389
0.896317
0.896317
0.956116
1.09185
0.573675
7.00751
0.896317
7.00751
2.18829
0.896317
0.896317
0.896317
2.14197
5.53811
0.83157
1.59951
1.33591
4.42722
2.53206
1.44127
1.44127
2.44094
0.433212
0.109235
0.313663
0.896317
0.497107
2.00902
2.40469
0.363475
1.9667
0.775493
0.636058
1.08997
0.636058
1.55301
0.896317
3.39005
0.896317
2.16696
1.63917
2.16578
1.26779
0.896317
1.27685
0.896317
1.83975
1.25926
2.07008
1.04861
0.345832
0.132658
3.88428
1.66396
0.896317
0.51607
0.643151
0.746423
0.746423
0.0974484
0.643151
2.82002
6.40075
0.710518
0.710518
1.13026
1.13026
0.319549
2.00314
0.170945
0.227471
0.364202
1.1419
0.291173
0.180117
0.759317
0.660223
0.759317
1.37787
1.39455
0.0847398
2.21513
2.23724
1.1419
1.67367
0.383241
0.111304
1.13026
1.13026
0.276065
0.260441
1.40973
1.65544
1.25819
3.18363
2.36303
3.18847
0.0408725
0.443102
1.16495
1.16495
1.22169
2.37484
4.92713
6.07091
0.896317
2.98016
3.08725
3.70691
0.896317
1.34378
1.30731
1.20027
4.23122
1.47473
0.882839
0.896317
1.70597
1.60341
1.3788
1.05433
0.698699
1.41834
1.21244
6.21095
1.44825
1.40363
1.1875
1.47849
1.01756
1.1419
0.680288
0.680288
0.680288
0.680288
0.0473986
0.896317
1.97886
1.07661
0.295478
4.73843
4.83139
1.4949
1.98691
1.17878
0.730733
0.730733
1.32447
3.96147
1.45795
3.63537
4.18817
2.42425
3.89212
0.730733
2.0066
2.50317
0.887937
0.248446
0.978845
0.248446
1.78402
0.896317
4.17761
4.13123
1.17234
4.7124
1.61801
1.33776
0.217447
2.78192
3.87709
1.8844
1.13026
2.30241
6.58208
0.313663
4.40336
3.13667
0.553313
1.88307
0.747472
3.14839
2.87462
3.35693
3.13083
3.45143
0.122667
1.52565
0.803834
2.52906
1.91268
4.1137
1.13052
1.20985
1.84001
2.3259
1.64996
1.26763
2.01337
1.98599
1.72216
0.456114
0.906826
0.906826
1.08486
0.642445
0.259354
0.705998
0.810938
1.57326
1.01483
1.0469
0.83157
0.770757
1.03469
1.02029
1.93753
1.46284
1.17035
2.72791
0.775493
0.775493
0.710518
2.59029
1.97034
5.46481
6.35823
6.27339
1.41579
1.36407
1.27226
5.04443
4.65044
3.47806
2.18555
3.21914
2.45734
1.5225
2.1045
0.34218
1.52798
0.896317
0.990387
0.302319
0.625181
0.818078
0.818078
0.896317
1.48383
1.70154
1.11603
0.857223
0.857223
0.679999
1.61466
0.679999
0.679999
0.871556
0.871556
2.02474
1.41834
1.41834
0.833078
0.833078
1.90177
0.896317
0.619656
0.931669
1.23227
1.1419
1.1419
6.24083
6.52497
5.36339
4.43841
3.19089
0.0839674
0.507554
0.880374
1.74088
0.958421
1.13026
4.7978
4.54762
0.194981
4.76057
0.812012
0.803834
6.58674
1.62974
6.60895
0.896317
1.0654
4.95523
1.52798
4.91174
1.53207
3.54468
1.38037
3.54468
0.896317
1.59951
3.66278
0.778952
3.66278
3.66278
0.896317
3.54468
3.36751
0.533371
1.33323
0.930808
3.36751
1.03539
1.55595
0.896317
0.274205
1.52798
0.621874
2.04665
0.710518
3.54468
3.36751
0.930808
0.958421
1.59951
3.36751
2.99363
1.3788
0.0299274
1.52798
3.61048
0.426688
1.52798
1.03539
0.813978
0.896317
0.943419
3.14062
0.564638
0.896317
1.08084
2.061
3.42135
3.14062
1.52798
0.202532
1.06897
1.22403
1.60032
1.52798
0.759317
1.34412
1.1419
1.38037
0.9252
3.01964
3.10144
0.680515
1.00222
1.00222
1.59951
1.00222
1.00222
2.83942
3.42135
0.896317
0.813978
1.00222
0.74048
0.0759131
1.00222
0.78007
0.608979
0.896317
0.680515
0.611359
1.81862
1.84155
1.05355
1.01851
0.896317
0.896317
0.836949
1.34394
1.52798
0.73581
1.05355
1.02029
0.882557
1.80575
0.896317
0.573675
3.36828
0.896317
0.896317
0.12253
0.896317
0.719585
0.896317
1.00484
4.93263
1.07379
1.08939
2.08642
2.98255
0.896317
0.746423
1.34781
3.06193
1.52798
0.807036
0.9252
3.86158
1.85663
0.990387
7.00751
1.13026
1.1419
2.60472
1.1867
0.896317
0.0926
0.62202
1.59951
1.1419
3.82433
1.1419
1.04861
0.625027
0.458382
0.531248
2.86232
0.407732
2.05298
0.725471
3.02292
6.01373
0.746423
0.748452
0.458382
1.01805
0.807036
1.07379
0.680288
2.75601
1.01805
1.39263
0.701076
0.958421
2.78607
0.746423
3.04963
0.896317
1.23094
1.1419
6.93802
1.05355
2.78607
0.737039
1.34781
6.93802
0.79772
1.1419
2.72518
2.94596
0.62202
2.77906
7.00751
0.14301
3.30947
0.62202
1.38037
0.507167
3.3285
2.10578
1.69531
3.01123
3.01123
1.1419
0.507705
1.03506
0.148997
0.896317
3.3285
0.759317
1.23094
0.362018
0.14301
0.896317
0.14301
1.09185
0.9252
1.52798
0.0275876
0.14301
6.93802
3.11849
3.3285
5.91143
0.14301
6.09033
1.07889
0.362018
6.05059
0.896317
0.362018
1.61388
3.11849
3.22434
1.50406
6.93802
1.59951
7.00751
1.59951
0.83157
1.06897
5.91143
5.91143
6.93802
1.53207
1.18984
1.07796
0.14301
0.759317
3.41535
1.03539
3.41535
0.810938
5.97836
0.505123
6.93802
0.14301
1.07796
3.41535
0.14301
1.14512
0.00549973
0.362018
0.896317
0.534921
0.987242
0.896317
5.97836
0.896317
0.362018
0.896317
3.20065
0.24852
6.09391
0.978845
6.09033
6.09391
1.18984
0.156098
1.1419
1.59951
1.07796
0.608979
0.362018
0.362018
1.38037
1.03506
1.92678
1.38037
1.02029
3.98017
3.98017
0.882557
2.21859
0.103372
0.882557
0.9252
4.14103
2.33357
0.368824
0.202532
1.93906
0.625027
0.195562
0.826103
1.09742
1.38037
7.00751
0.170945
4.04487
4.04487
1.00966
0.871556
6.2353
0.896317
1.07796
0.286085
1.39172
0.78007
0.701076
0.701076
0.680515
0.896317
7.08372
1.52798
3.54051
7.08372
7.08372
0.710518
1.28929
7.08372
0.896317
0.896317
0.896317
1.04861
0.896317
1.1419
5.06973
1.04442
5.87711
0.573675
0.362018
7.08372
6.40644
0.957652
1.1419
0.896317
7.00696
7.08372
7.08372
0.811231
7.08372
1.07889
1.07796
0.11458
0.719585
0.202532
1.52798
6.33078
7.00751
0.505123
0.748452
7.00751
7.00751
1.20099
0.362018
0.896317
1.04861
7.00751
7.00751
0.710518
0.818078
1.33323
1.24061
6.22744
0.896317
0.896317
7.00751
0.399064
0.896317
1.21627
1.32777
1.69793
2.2727
2.26175
3.2847
2.23384
1.4056
0.896317
0.896317
6.91633
6.91633
0.896317
1.8957
0.759317
1.17122
0.646261
1.17205
2.37391
0.896317
2.46983
0.820187
1.45961
1.49891
1.42977
0.202532
7.00751
0.362018
0.896317
0.982354
0.494814
0.991568
1.23094
0.40029
3.71406
1.38037
0.362018
2.44504
0.362018
7.00751
7.00751
6.33078
3.52095
0.202532
0.362018
1.07796
0.0275876
0.348674
0.525394
0.362018
0.896317
0.896317
0.710518
0.896317
7.00751
1.59951
0.896317
0.896317
1.65913
6.39085
7.00751
3.42161
7.00751
3.52095
0.625027
2.13636
0.564638
1.0415
0.965732
0.202532
0.281706
0.9252
7.00751
0.896317
1.38037
7.00751
4.96605
0.896317
0.817619
1.38037
7.00751
0.362018
1.1419
7.00751
7.00751
0.202532
0.202532
0.811231
0.857223
3.49778
5.32061
0.148997
0.818078
2.62577
2.75332
1.53207
2.52647
0.426237
0.0632768
1.0654
3.24791
1.13954
0.896317
1.0654
2.89722
0.263209
1.1826
0.775493
1.0654
1.28118
1.53366
1.1419
0.884348
1.05433
1.05355
0.623927
0.326166
1.01805
0.80021
1.1419
0.14175
1.27692
0.573675
1.25773
1.00713
1.45371
1.8332
0.609185
0.518883
0.507167
1.13052
1.1419
0.0282776
0.701124
1.07796
1.07796
1.58632
1.17338
0.896317
4.18207
0.768473
1.38037
1.1419
0.505123
0.965732
1.17878
7.00751
1.32777
1.41834
1.23094
1.13026
0.507167
0.362018
6.81845
0.202532
0.621874
1.26414
4.42286
0.295478
1.15876
0.45918
0.896317
0.202532
1.13026
0.896317
1.79361
1.28813
0.40029
0.40029
3.66388
1.28929
0.202532
0.896317
1.14115
1.1419
0.896317
0.286752
0.0407933
1.37563
1.05433
6.87618
0.758697
0.896317
1.38037
1.12519
0.921217
0.128415
0.829054
0.362018
0.128415
0.813978
0.507167
1.15876
1.41834
1.36407
0.813978
1.00966
0.362018
0.896317
0.896317
0.458382
1.7942
0.818078
6.98994
0.826103
0.896317
0.778719
5.99546
0.746423
2.48444
1.30136
1.07159
7.00751
0.813682
1.28929
1.09742
3.56537
0.573675
1.33323
0.896317
0.202532
1.20584
0.525394
0.896317
0.896317
6.61854
0.958421
1.52798
0.362018
0.810938
0.785832
0.679999
0.735798
0.710518
0.896317
6.89714
0.896317
1.17234
1.53207
0.811231
0.896317
0.896317
0.823052
1.38037
0.458382
0.823052
0.823052
1.04442
0.990387
3.65846
1.78453
0.759317
0.836949
0.505123
0.680515
1.1419
0.148997
1.20208
0.956116
0.148997
1.59951
0.525394
1.10756
0.978845
0.775541
0.564638
7.00751
7.00751
0.636058
0.374349
0.680288
0.835679
0.600816
0.823052
1.62148
0.9252
7.00751
0.830765
1.10756
2.78311
1.91239
1.16495
0.525394
0.315278
0.418347
1.1419
1.0654
0.362018
0.680515
6.66431
1.1419
1.38037
0.896317
1.56297
4.03743
1.7996
1.05433
1.07379
7.00751
1.38037
0.148997
1.38037
3.09335
0.680515
7.00751
0.272661
1.38037
0.746423
0.558799
0.746423
0.896317
2.01106
0.531248
1.07889
1.30136
7.00751
0.643151
0.362018
7.00751
7.00751
0.9252
1.38037
7.00751
0.202532
1.64819
1.62148
0.202532
0.863039
7.00751
7.00751
1.38037
1.58719
0.526739
1.38037
0.202532
6.88833
6.88833
0.564638
1.37222
0.995237
1.10756
1.38037
1.38037
1.10804
1.38037
7.00751
1.00966
0.896317
0.813978
1.1419
7.00751
1.32777
1.61388
0.362018
1.38037
1.23521
0.896317
0.967444
7.00751
7.00751
1.1419
0.701076
1.52798
1.58148
0.362018
7.00751
2.04789
0.896317
0.896317
7.00751
7.00751
0.810212
3.86621
1.33323
0.896317
1.38037
0.896317
1.10756
0.0619342
0.896317
0.896317
0.759317
7.00751
6.66431
0.585889
0.183071
0.437273
0.315278
6.66431
1.38037
1.53207
1.1419
1.10756
0.315278
1.38298
1.47685
7.00751
0.826103
0.896317
1.07796
0.16967
7.00751
1.31898
0.507167
1.07889
0.362018
7.00751
7.00751
0.62202
0.284262
0.458382
1.38037
2.061
6.90654
1.1419
1.03506
0.775541
1.38037
1.38037
0.679999
0.956116
0.956116
0.896317
0.608979
0.896317
1.59951
6.40806
0.506039
1.38037
1.34394
1.20584
1.04861
1.04442
0.573675
0.849241
0.896317
0.836949
0.882839
0.426688
0.896317
0.990387
0.836949
0.759317
0.896317
0.896317
1.04861
0.896317
6.68351
1.10756
0.680288
0.759317
1.21627
7.08372
0.896317
0.701076
0.896317
1.53207
0.710518
0.374349
0.896317
1.38037
1.38037
0.995237
7.00751
1.13026
7.00751
0.333595
0.315278
0.871556
0.904691
2.01176
1.00966
1.00098
0.896317
0.746423
0.896317
7.00751
2.04789
1.1419
0.9252
0.735798
0.362018
1.38037
0.896317
0.621874
0.990498
0.896317
0.564638
1.06897
1.09185
0.896317
0.636058
0.896317
0.896317
1.09185
5.91502
5.46883
5.5723
1.57241
1.14665
0.830855
0.896317
2.57614
1.79596
1.01805
1.72142
2.50053
1.33878
6.98882
0.419393
1.30136
0.362018
0.573675
0.315278
0.302857
4.18474
0.896317
1.53513
0.313663
6.90654
0.823052
7.00751
7.00751
0.759317
1.38037
1.38037
1.38037
6.90654
7.00751
0.0759131
7.00751
0.882557
0.0439071
0.202532
0.826206
0.295919
1.32327
0.362018
1.00966
1.17536
0.746423
0.643151
1.83555
6.30643
1.20099
7.04611
0.896317
0.0439071
5.78371
0.995237
6.85006
3.43634
0.833078
1.38037
1.00324
0.679999
0.621874
0.896317
1.09742
0.636058
0.896317
0.362018
1.13026
1.09742
1.09742
1.44256
0.896317
1.09742
1.59951
6.69275
6.90654
1.00966
1.41834
0.356519
1.25819
1.35592
0.289564
0.896317
0.625027
0.748452
0.987242
0.896317
0.300057
0.896317
0.896317
1.49966
1.08084
0.00874106
0.00874106
0.818078
0.896317
0.00874106
0.608979
0.00874106
0.00874106
0.896317
0.896317
1.20851
0.00874106
0.896317
0.00874106
0.896317
1.06897
1.12336
0.830765
0.896317
0.458382
1.12336
0.958421
2.13461
0.202532
0.987242
0.896317
1.07159
0.844094
4.35982
1.56831
4.89988
1.1419
0.473078
0.896317
2.0634
0.60811
1.38037
0.268103
4.13212
0.871556
7.00751
0.896317
0.958421
0.531248
7.00751
0.564638
0.295478
3.99593
2.87122
1.02029
6.84505
1.18812
0.755209
7.00751
2.13708
0.790517
0.791878
6.65719
1.06897
2.08359
3.65043
0.30619
0.9252
0.896317
1.13026
0.608979
0.896317
2.08359
0.96021
0.896317
5.27359
0.896317
0.332282
7.00751
0.374349
5.30018
0.746423
0.391325
0.896317
0.836949
2.03967
5.30018
7.00751
5.36633
7.00751
0.664635
1.23444
0.990387
2.08326
0.531248
0.531248
1.31963
2.24188
1.17234
0.830855
1.49966
1.1419
0.759317
0.896317
6.0733
4.04902
2.08359
1.07796
5.36633
7.00751
0.710518
2.24579
2.08359
3.92866
0.896317
0.525394
3.92866
2.08359
5.36633
1.1419
5.36633
2.08359
0.830855
1.00966
0.896317
4.11487
0.826103
0.746423
6.14672
0.732026
5.83352
1.25063
1.20584
0.896317
1.34781
0.896317
0.570405
0.896317
0.701076
0.759317
0.570405
0.896317
1.35793
0.9252
0.896317
1.16766
1.13039
0.896317
0.896317
1.62115
4.11372
4.03208
3.92931
3.26056
2.16954
2.36692
1.35927
0.573675
0.836949
1.33494
0.746423
3.04718
1.4056
2.73866
7.00751
0.45918
0.812012
7.00751
2.91578
1.17223
1.38715
0.895638
7.00751
0.427136
0.896317
3.70528
5.43448
3.60469
0.491908
1.73159
0.9252
2.91578
1.04442
0.525394
0.896317
0.680515
1.07796
1.05433
0.573675
1.12336
1.01805
0.748452
0.826103
0.987242
0.987242
0.896317
0.426688
7.00751
0.876666
1.1419
7.00751
7.00751
3.15227
3.3556
1.04861
0.386622
5.34134
7.00751
0.896317
0.896317
0.785832
0.426688
7.00751
0.896317
1.1419
0.896317
7.00751
1.15876
7.00751
7.00751
1.59951
0.896317
2.92674
7.00751
0.896317
3.60469
0.882557
4.1231
0.624879
3.0496
7.00751
1.50762
1.1419
7.00751
0.507705
1.33323
0.833078
0.439071
7.00751
0.374349
7.00751
7.00751
7.00751
2.09391
2.67779
1.03539
0.427136
0.990387
0.573675
3.76267
3.76267
4.80528
4.897
4.83987
4.897
6.64834
7.00751
0.810938
4.897
0.507167
4.83987
2.79049
7.00751
2.08124
3.70528
1.38037
3.82353
0.896317
1.1419
1.20584
0.507167
3.70528
0.507167
1.08084
7.00751
0.531248
0.680288
0.896317
0.91602
0.995237
0.318179
1.04861
1.80492
5.32652
0.987242
0.746423
1.28929
7.08372
7.08372
3.80476
0.564638
2.60793
5.85849
0.99077
1.16495
1.45816
0.987242
0.896317
0.896317
0.956116
0.896317
0.811231
0.0118251
1.01805
0.896317
0.374349
0.507705
0.811231
0.811231
1.53207
0.507167
0.585889
5.49419
1.53207
1.06326
6.72727
0.882839
6.80303
0.896317
1.07159
1.08939
2.67779
3.80475
0.785832
6.80303
1.50166
1.07889
5.44137
1.1419
6.72806
6.72806
1.02029
0.698941
1.06511
1.12336
0.318179
0.621874
1.01805
1.38037
1.04861
3.40576
0.775541
0.775541
0.857223
1.04861
0.333595
2.51499
0.332282
0.507167
2.13632
1.1419
7.00751
1.90297
0.680288
1.03506
0.608979
7.00751
3.7797
7.00751
0.680515
1.1419
0.896317
0.896317
0.332282
1.04414
0.746423
1.33756
0.564638
0.0871745
5.07154
0.505123
5.4758
1.53427
0.896317
0.636058
1.40088
0.608979
0.730733
1.16766
1.00098
1.42169
0.412251
4.70818
4.97271
0.680288
1.20584
0.62202
4.97271
1.1419
1.05355
1.1419
0.387128
0.45918
1.1419
1.39528
1.39528
0.811231
0.0670555
0.896317
0.896317
1.38037
7.00751
0.896317
1.07796
1.09185
1.59951
7.00751
4.69795
7.00751
5.4735
1.1419
0.507167
0.531248
1.09185
4.69795
2.94325
1.4056
0.896317
0.785832
7.00751
7.00751
0.430689
0.9252
1.06511
7.00751
7.00751
0.748452
0.896317
0.896317
0.882557
6.16789
1.33323
0.573675
0.564638
7.00751
0.896317
0.896317
7.00751
1.53513
0.611359
0.896317
0.896317
1.06511
0.426688
1.32553
0.608979
0.896317
0.896317
7.00751
7.00751
7.00751
0.458208
7.00751
0.746423
1.13039
4.7213
1.1419
7.00751
0.507167
0.507167
7.00751
0.643151
0.857223
4.94953
5.31112
7.00751
5.40801
5.40801
1.04861
7.00751
7.00751
0.896317
0.896317
4.94953
0.507167
1.211
4.89417
0.746423
0.746423
1.06511
5.63387
0.896317
0.896317
0.896317
1.1419
1.23454
0.430611
0.915852
1.23454
0.126804
0.641154
1.40708
0.833078
1.84274
0.9252
6.22583
1.41834
0.570405
0.871556
6.67319
0.871556
1.23454
0.267192
1.23454
1.49793
5.63387
4.80901
1.23454
4.80901
0.426688
0.896317
0.896317
0.531248
1.00966
5.36223
0.811231
0.811231
0.701076
1.17867
0.507705
0.896317
0.896317
0.812012
0.895638
2.00885
1.01805
1.51715
2.53584
0.748452
1.02029
0.701076
0.611359
1.04442
1.32777
1.0654
1.00966
0.313663
0.313663
2.18025
1.81363
1.17234
1.05355
0.830855
1.20485
0.374349
0.896317
0.896317
0.315411
1.05355
0.896317
2.64245
0.896317
0.896317
1.07796
3.12345
1.23454
0.896317
0.746423
1.34781
1.23454
1.08481
5.78875
2.13532
0.896317
1.23454
4.62023
1.23454
0.564638
1.25111
10.2971
4.80848
0.406645
1.01805
1.1419
0.8802
0.896317
0.406645
4.59502
0.313663
4.70013
0.896317
4.70013
4.70013
0.406645
5.47353
5.61617
5.42646
0.0853307
2.17649
0.830855
5.11021
1.78557
0.570405
0.830765
0.896317
0.505123
1.1419
5.92525
0.896317
5.18415
0.896317
0.153357
5.18415
0.507167
5.18415
1.1419
7.00751
1.1419
1.23454
5.34398
1.07159
0.896317
0.759317
5.41339
3.1212
1.59951
1.35935
5.29403
4.6814
7.00751
1.45659
0.978845
1.4814
5.49107
0.785832
6.91953
1.31231
2.59619
0.507705
0.507705
0.507705
0.896317
1.44745
3.74984
0.871556
1.2581
1.19024
0.570405
0.823052
6.91953
7.00751
1.34781
0.323478
1.54115
1.20329
1.4174
0.896317
0.611359
1.1419
1.78822
1.26779
1.92589
0.281643
0.896317
1.61969
1.0654
0.608979
0.987242
0.505123
0.708205
0.56702
0.573675
0.775541
0.746423
5.68503
1.38879
0.759317
0.155534
0.896317
5.18415
0.12987
0.507167
0.507167
0.313663
1.23094
0.896317
1.53207
0.896317
0.748452
0.896317
1.1419
0.15282
0.896317
0.585889
1.38956
0.810938
1.23094
1.60965
1.23094
0.896317
1.23094
0.507167
0.811231
1.58462
0.811231
1.00966
1.34781
0.458382
0.625027
0.775541
1.1419
0.896317
0.896317
0.810938
0.896317
0.896317
1.04442
5.02742
0.406645
0.896317
1.35935
1.00484
0.573675
0.823052
5.41339
1.13026
0.958421
0.810938
1.1419
0.545361
1.03539
0.458382
0.374349
1.1419
0.507167
0.636058
1.23454
1.1419
7.00751
0.896317
7.00751
0.896317
0.507167
0.823052
6.41526
5.41339
1.00966
1.1419
0.810938
0.507167
0.507167
1.23454
0.15282
7.00751
7.00751
7.00751
1.07889
7.00751
7.00751
7.00751
7.00751
7.00751
6.91953
7.00751
7.00751
7.00751
0.507167
0.746423
0.643151
7.00751
0.507167
0.896317
7.00751
0.896317
0.896317
7.00751
0.406645
0.58136
0.295478
0.507167
0.746423
0.813978
0.896317
1.17234
1.1419
0.896317
1.04861
0.811231
0.896317
0.619656
1.04861
0.295478
1.07889
1.38037
1.34781
1.03539
3.86334
2.24787
0.0582999
0.0903563
0.0903563
1.05432
5.13837
0.507167
0.507167
1.1419
1.02029
0.680515
1.55301
0.896317
1.78984
7.01566
1.59951
0.60811
0.896317
7.00751
0.505123
7.00751
7.00751
0.507167
0.978845
2.27476
3.87009
0.813978
0.531248
0.422247
0.0273751
0.896317
0.406645
0.507167
1.12788
0.896317
0.896317
1.75088
1.23454
0.896317
0.896317
0.896317
0.507167
1.28056
1.92725
0.507167
0.811231
0.00586233
0.507167
0.406645
0.507167
0.507167
7.00751
1.05433
0.896317
0.507167
0.896317
0.406645
0.896317
7.00751
0.896317
0.507167
1.32777
0.759317
0.9252
1.0654
1.17234
0.507167
1.03506
7.12459
0.896317
1.12788
0.896317
1.20099
0.406645
1.07889
1.39659
0.406645
1.2158
0.458382
1.03539
7.00751
7.00751
0.507167
7.00751
0.507167
0.896317
1.23454
1.55301
0.406645
0.896317
2.05852
7.00751
7.00751
0.896317
0.896317
0.896317
0.785832
0.406645
1.26779
0.701076
0.896317
1.1419
0.458382
0.896317
0.811231
1.1419
0.710518
1.1419
1.1419
1.1419
1.1419
1.1419
5.4693
0.896317
0.896317
0.621874
1.43974
0.779122
0.9252
0.0853444
0.813682
0.9252
0.0859387
0.813682
0.9252
0.813682
0.9252
0.813682
3.29684
2.31979
1.55809
0.813682
0.507167
1.07889
0.896317
0.896317
1.17822
0.997321
0.545361
0.997321
1.1419
0.830765
1.1419
5.34613
0.442105
0.812012
4.3275
6.9736
0.497912
1.03506
0.123091
1.16766
0.995237
0.987242
1.35328
1.59144
0.896317
1.3788
0.997321
1.1419
1.25111
1.33375
1.12336
0.507705
1.1419
1.23454
0.896317
7.00751
0.608979
0.636058
0.823052
1.07159
0.990387
0.746423
1.26779
0.997321
0.710518
0.680515
0.680515
1.34394
0.430689
0.406645
0.896317
7.00751
0.896317
0.814789
7.00751
1.40395
1.23454
1.24092
0.896317
2.2565
0.746423
7.00751
1.1419
0.895638
0.896317
1.12788
6.80766
0.896317
1.03539
0.585889
1.59951
1.04442
1.23454
0.0157882
0.990387
6.36763
0.896317
0.836949
1.1419
4.2356
4.21895
6.79244
0.0753755
0.896317
0.302857
0.374349
6.79244
6.79244
0.507167
0.302857
1.23454
6.79244
1.36407
1.00098
1.03539
0.968386
1.19574
1.38024
2.07943
0.964729
6.79244
0.507167
0.896317
5.28713
1.23454
0.564638
0.20498
0.0753755
5.34224
0.223055
1.13167
1.03539
1.1826
0.896317
1.3788
0.0753755
1.03539
1.07796
0.896317
0.0753755
6.79244
1.06897
1.1419
1.59951
0.0753755
1.20099
1.13026
0.636058
1.1419
1.78557
0.732779
5.18425
1.01805
0.0753755
3.3129
0.0753755
0.775541
0.570405
1.32777
1.36407
1.32777
0.302857
0.505123
6.24588
1.43107
2.88808
0.813978
1.08939
0.778952
0.525394
0.830765
0.896317
0.775541
0.896317
0.564638
0.896317
0.871556
1.09714
1.03506
0.978845
1.06897
6.22997
3.58227
0.746423
0.0753755
5.10914
0.746423
0.406645
0.896317
0.374349
1.1709
0.302857
0.406645
1.36407
0.895638
1.40088
0.406645
0.507167
0.775541
0.770104
6.15949
0.810938
0.871556
0.871556
0.958421
1.24562
4.05698
6.27233
0.743037
1.38037
0.896317
0.995237
0.233783
3.31827
0.406645
5.43187
2.94296
0.896317
0.896317
1.12788
6.15949
0.128415
0.896317
4.89433
6.27233
1.32777
1.52798
0.810938
1.12336
1.3788
0.315154
1.3981
1.47185
5.1306
2.93138
3.8919
0.636058
1.53513
0.636058
1.23094
1.01805
1.01805
0.165588
1.59951
1.20584
2.9962
1.41834
1.17234
1.00098
5.16226
5.16226
1.38037
0.507167
3.35518
2.06916
0.500147
5.16226
0.608979
0.775541
0.374349
0.896317
1.59951
6.15949
1.43343
6.73851
3.39031
0.810938
1.36407
0.406645
1.20584
5.06364
0.313663
1.1419
1.41834
0.896317
0.775541
1.1419
0.995237
0.458382
0.458382
0.896317
1.59951
1.32777
0.430689
0.302857
5.06364
0.896317
3.1155
6.26872
0.701076
1.1419
3.31419
0.833078
0.856183
1.23282
0.987242
0.896317
0.90901
1.23282
0.896317
0.896317
0.830765
1.00966
5.06364
1.2171
6.23793
0.896317
0.58309
1.36407
0.644739
0.896317
0.830855
0.956116
0.830855
0.830855
0.896317
0.680288
0.778952
0.573675
0.978845
0.978845
0.871556
0.871556
0.0900227
0.198924
0.838379
0.896317
0.896317
0.679999
0.0903563
0.9252
0.219692
0.380288
0.9252
1.45498
0.679999
0.1688
0.896317
0.803834
0.896317
1.02029
1.02029
0.759317
1.02029
0.759317
1.02029
1.02029
1.1419
0.313663
0.636058
0.896317
1.21525
0.570405
1.03797
0.570405
0.896317
0.896317
0.570405
0.570405
0.570405
0.896317
0.608979
1.1419
0.608979
0.608979
1.79107
1.44233
0.115944
0.896317
2.28299
1.70506
0.680288
3.14682
4.80483
4.97579
3.7596
1.39567
4.85552
1.07889
0.995237
4.85552
0.896317
4.75703
3.97326
6.04288
0.978845
0.896317
0.896317
1.72157
0.710547
0.710547
1.36305
1.36305
0.746423
1.50476
0.302857
0.507705
6.33433
0.896317
0.83157
5.01121
1.1419
5.1859
0.896317
0.585889
6.27233
1.33323
0.896317
0.759317
3.69007
1.32777
0.302857
2.31775
5.1859
0.896317
0.507167
0.507167
0.621874
5.1859
1.36481
5.1859
1.41834
1.57241
6.45424
5.28379
0.91602
0.0670555
1.1419
6.34225
0.11776
1.03506
0.896317
3.743
6.34225
3.63919
6.34225
0.507167
5.00362
0.302857
1.36481
1.59951
0.647845
1.92688
1.34781
0.643151
0.896317
2.31775
3.42276
0.83157
1.50255
1.28929
0.896317
3.25305
1.53207
0.507167
7.00751
0.896317
0.764235
0.507167
0.880135
1.01805
1.01805
3.8564
0.679999
0.812012
1.02029
0.564638
1.00966
0.810938
0.621874
1.07796
2.10009
0.430689
1.02029
0.459159
1.15876
2.62449
6.92678
0.896317
0.91602
0.279701
1.1419
1.07796
0.823052
1.59951
0.811231
0.896317
1.1826
0.896317
0.680288
1.52798
1.36067
0.896317
0.896317
1.20099
0.679999
0.896317
0.730733
5.76805
1.59951
5.90294
2.12461
0.896317
1.38037
2.47072
0.813978
0.896317
0.701076
0.422924
0.573675
0.785832
0.844094
1.26779
0.746423
2.03893
3.08367
1.24244
2.29646
1.16766
0.830765
0.507167
0.746423
1.38037
3.08367
0.896317
0.295478
2.03893
2.97381
2.97381
2.03893
0.896317
1.1826
6.44942
3.08367
2.04084
1.08939
0.0604762
6.44942
2.03893
0.680515
0.775541
0.505123
3.08367
1.49684
3.08367
3.08367
3.08367
3.08367
0.785832
3.08367
5.56431
1.34781
3.08367
2.56307
0.857223
0.621874
0.374349
1.33323
0.751023
0.880912
0.344111
2.87857
1.08084
1.73939
0.745391
1.53207
1.53207
0.857223
1.26779
1.53207
1.04861
0.458382
1.41834
0.896317
1.408
0.896317
4.70599
1.38516
1.06897
0.844094
0.531248
1.08939
1.43606
1.63966
1.211
2.85031
2.09449
1.43606
2.19977
1.1826
1.44119
2.85031
0.896317
2.0504
2.0504
1.4859
2.0504
0.995237
1.12034
0.426688
2.0504
0.896317
1.59951
0.813978
0.896317
1.83789
0.406645
1.63966
1.03506
1.49763
2.0504
0.680288
2.0504
2.0504
0.299504
0.759317
0.844094
2.0504
0.313663
2.0504
2.19977
0.585889
2.0504
1.20099
2.0504
0.807036
0.896317
0.680288
0.738426
1.03506
0.748452
0.621874
1.1419
0.62202
2.0504
2.0504
0.146079
0.823052
1.1826
2.19977
2.19977
1.5929
2.19977
0.600666
2.19977
0.958421
2.0504
1.1419
0.896317
2.0504
1.34485
1.66396
0.608979
0.536631
1.13087
0.759317
0.876302
0.896317
1.55301
0.811231
1.05355
1.60068
0.710518
0.710518
0.272661
0.830765
0.469954
0.896317
0.836949
0.58136
0.275525
0.710518
0.710518
0.525394
0.978845
0.728093
0.896317
0.896317
0.896317
0.896317
0.608979
1.29801
1.74519
0.146079
1.59951
0.0604762
2.0504
1.63966
1.69414
1.05355
1.44119
1.44119
0.210729
0.746423
0.746423
2.13632
2.0504
2.25623
1.12532
0.83157
0.811231
1.31122
1.55066
2.76236
0.896317
2.0504
0.0756754
2.0504
2.16327
2.16327
0.9252
0.1688
1.43817
0.701076
1.44119
1.44119
1.91748
2.01442
0.896317
0.172024
1.09185
1.04861
0.295478
2.16327
0.896317
2.0504
0.759317
2.16327
2.16327
1.34781
1.52798
0.647433
1.07889
0.896317
1.07889
0.458382
0.813978
0.990387
0.896317
0.531248
1.41834
0.896317
0.871556
0.896317
0.426688
0.956116
0.701076
1.1419
0.585889
0.505123
0.896317
0.570405
0.896317
2.16327
2.16327
2.16327
0.746423
0.643151
2.32514
1.13026
1.04442
1.33199
0.507705
0.72206
0.0338345
0.502922
1.44728
0.775541
0.191625
0.896317
1.44119
4.58345
1.44119
2.0504
2.45233
2.16327
0.857223
2.0504
1.62048
2.16327
2.16327
2.16327
0.505123
1.44119
2.16327
2.0504
1.1419
0.987242
2.01212
0.775541
1.44119
0.896317
0.896317
1.44119
1.09185
1.44119
2.21607
2.16327
2.16327
1.44119
2.0504
0.896317
0.83157
2.19977
0.442105
1.24188
1.07889
1.07889
1.1419
0.573675
1.03539
1.44119
1.44119
1.44119
0.442105
0.746423
0.1688
1.70701
0.987242
1.62809
1.44119
0.573675
0.871556
1.1419
1.44119
1.39365
2.10076
1.1826
1.1826
1.03506
1.59951
1.13026
1.74519
0.775493
1.44119
2.16327
0.896317
0.414785
0.0433194
0.0836202
0.718665
1.45272
0.810938
0.803834
0.259211
0.803834
0.803834
1.06897
0.830765
1.17234
1.44119
1.44119
3.23195
2.1578
1.63966
3.52253
1.30879
0.295478
1.1419
0.896317
1.42668
1.44119
1.44119
3.53915
0.394803
1.5929
2.47478
0.380949
0.295478
1.88877
1.68741
1.4859
1.1419
3.48745
3.48745
0.896317
1.88062
1.1826
2.27447
1.5131
1.41834
0.830765
1.43606
0.505123
5.94765
1.1419
0.735798
0.844094
0.272661
7.0365
1.211
0.896317
5.58908
0.978845
0.400709
0.636058
0.759317
0.608979
1.1419
1.01805
0.331384
0.896317
0.896317
0.426688
6.40329
0.830765
7.00751
6.9313
0.896317
2.36717
6.3454
0.611359
1.38975
0.896317
3.48988
0.422924
0.212365
1.46044
0.949742
0.759317
1.7573
3.28944
0.680288
7.03118
7.167
0.585889
6.01756
0.442105
1.99814
6.01756
6.01756
1.12532
6.01756
6.01756
0.507167
0.382828
3.48988
1.4859
1.03506
6.8995
6.8995
1.77164
1.04861
0.573675
0.746423
1.05355
1.77164
0.896317
0.625027
0.896317
3.0585
0.505123
0.535875
0.382828
0.896317
0.759317
0.830855
3.38248
0.830765
0.507167
2.24722
5.90491
3.26991
5.81598
3.26991
5.81598
0.0828524
3.37041
3.77303
1.73178
0.813978
1.42535
7.10345
1.07159
0.759317
6.66958
2.54305
1.36407
1.36407
0.710545
5.90491
6.82911
0.896317
0.833078
0.775541
0.958421
1.47046
0.857223
0.611359
1.00484
5.97787
0.427539
3.36365
1.38037
0.896317
1.1419
1.12532
0.611359
1.20099
1.33323
2.8775
0.987242
1.14829
0.145992
0.823052
0.871556
0.9252
3.23235
0.145992
0.251047
0.573675
0.746423
1.51269
1.46044
1.00966
1.55626
0.896317
0.701076
1.07159
6.71333
1.03506
1.41834
0.823052
0.896317
1.34781
0.896317
5.57469
0.896317
0.374349
0.896317
0.807036
1.07796
0.896317
0.185084
0.1688
1.25425
0.0473611
0.896317
0.987242
3.28285
3.28285
1.59545
1.7573
1.7573
3.28285
0.611359
0.896317
1.32777
0.896317
6.71333
1.70084
0.830765
0.428709
0.306274
0.896317
0.896317
0.778952
1.59545
1.59545
0.896317
0.313663
1.46908
0.882557
1.53903
1.05433
0.195945
0.775493
1.59545
1.59545
1.59545
0.332282
2.39078
1.36407
1.59545
0.896317
0.525394
1.50885
0.896317
1.50885
1.81065
1.04861
0.625027
1.08084
1.38037
0.271328
1.50885
0.507705
1.11338
1.50885
0.896317
0.0473611
0.775493
1.01805
0.896317
1.50885
1.50885
0.880135
0.746423
0.810938
1.50885
1.50885
1.50885
1.38037
0.679999
1.07889
1.50885
1.50885
1.12532
1.50885
0.573675
1.1419
1.50885
0.896317
1.50885
0.775541
1.46044
3.61526
1.4738
1.28929
1.00484
0.313663
0.896317
0.934034
1.03539
1.38037
1.38037
1.38037
1.38037
1.38037
1.50885
1.50885
1.1419
6.82113
1.19606
0.995736
0.896317
1.53886
1.07159
2.11105
1.211
2.08324
0.233783
0.458382
0.458382
0.896317
0.896317
2.04349
1.32777
1.51192
0.108261
0.374349
0.575106
1.31582
0.100625
1.07159
1.07159
1.35444
0.896317
0.619656
0.15902
1.52798
0.544355
1.52877
3.68168
1.08939
0.934034
7.00751
0.896317
1.38037
1.38037
1.7573
6.82113
1.38037
0.0639294
1.50885
0.896317
1.50885
0.934034
7.00751
0.442105
0.857223
0.934034
1.38037
0.934034
1.38037
0.934034
1.38037
1.78557
0.68682
1.04442
0.934034
0.896317
0.896317
1.38037
1.38037
0.800811
1.50885
1.50885
0.934034
2.23325
3.85686
1.29637
0.165284
0.896317
1.58698
1.5762
1.35481
1.30549
0.934034
6.89767
1.08084
1.38037
1.08969
1.38037
0.0901383
0.896317
1.972
1.71328
0.53105
0.0439761
0.502238
1.14863
1.14863
1.26779
0.803834
0.374349
0.365752
0.9252
0.896317
1.17234
0.380288
0.180117
0.896317
1.16766
1.16766
1.16766
0.748452
0.895638
0.680515
0.680515
0.680515
0.896317
0.680515
0.680515
0.680515
0.680515
0.896317
0.531248
1.7573
0.295478
1.13026
0.62789
0.896317
1.7752
0.272661
1.2922
1.50885
0.710518
1.33323
0.871556
1.50885
1.26779
3.82974
0.896317
1.50885
0.823052
5.41679
0.759317
1.50885
0.93331
5.41679
0.746423
0.759317
5.63582
5.41679
1.50885
4.10189
6.88824
0.896317
5.83206
0.680288
5.41679
0.896317
5.41679
0.646283
1.09425
0.830855
6.82113
5.41679
1.32622
6.82113
0.759317
6.82113
4.10189
0.202532
6.82113
0.759317
1.52798
1.50885
7.00751
1.38037
0.823052
1.7278
1.50885
3.36391
5.33135
1.1419
0.896317
1.26779
5.41416
0.746423
1.7573
0.785832
0.643151
0.818078
6.82113
3.97975
0.404581
0.830765
0.692272
0.1688
0.759317
6.89523
0.0619342
6.79942
0.746423
0.896317
0.1688
6.79942
0.788183
0.746423
0.1688
1.07796
0.748452
0.896317
0.896317
0.896317
1.63741
0.896317
0.701076
0.735798
1.7573
7.00751
0.813978
0.1688
0.573675
1.53207
1.7278
0.585889
0.1688
0.748452
0.746423
0.374349
1.41834
3.86092
1.07796
1.10563
1.1419
0.1688
0.1688
6.72998
0.896317
1.17878
1.08084
6.82113
0.844094
0.775541
0.0133964
0.746423
1.7278
0.896317
0.896317
0.636058
1.211
1.5531
0.610038
3.46866
1.2431
1.06897
0.746423
2.69425
0.746423
1.17613
0.896317
0.785832
5.71697
1.02708
0.896317
0.896317
1.36497
2.44944
1.23094
0.896317
1.52798
1.52798
1.52798
1.52798
2.5065
1.52798
0.646283
1.33785
0.990387
1.20099
1.52798
1.03539
1.31128
1.52798
0.740606
0.797965
0.844094
0.748452
1.52798
1.05355
1.49976
2.07291
0.83157
1.20985
0.896317
0.896317
2.78882
0.64376
1.65901
1.5531
1.68692
0.90595
0.680515
1.20099
1.1419
0.759317
1.35561
0.759317
0.975155
2.71194
1.52798
1.35561
1.59942
3.30273
0.975155
0.975155
0.558134
1.12231
2.94693
1.26779
0.896317
0.975155
0.958421
1.38263
2.83763
1.41137
0.505123
1.41137
1.38263
1.38263
0.680288
2.46947
1.64422
1.41137
0.896317
1.15876
1.23715
1.64422
1.05433
1.21408
3.43905
1.55862
0.896317
0.896317
0.621874
1.38263
0.836949
0.789893
1.49407
1.13026
1.31122
0.958421
2.18707
0.746423
1.53207
1.42015
0.896317
1.65765
0.299306
0.896317
0.469094
0.730733
0.896317
2.26708
0.896317
0.896317
1.17662
0.995237
0.625027
1.62809
2.14658
0.749935
1.98568
1.09441
0.775493
1.16115
0.564638
0.570405
1.48054
0.531248
0.896317
1.52798
1.35561
0.740606
0.740606
0.85047
0.646283
0.740606
1.52798
0.740606
3.18057
0.585889
0.117253
1.41137
0.180117
2.83387
1.23883
1.41137
0.487716
0.988802
0.810938
0.896317
0.487716
0.680515
0.730733
1.41137
1.52798
0.646283
0.0407933
1.49976
2.97136
2.97136
0.545619
0.896317
1.57225
0.487716
0.646283
0.585889
1.13905
2.11335
0.896317
0.505123
0.896317
1.07796
0.646283
0.573675
0.0928387
1.65497
0.810938
0.896317
3.39239
1.03539
1.03539
1.1419
0.896317
0.830855
0.295478
0.564638
0.679999
0.896317
0.573675
2.15332
1.20584
1.85053
1.58394
0.813978
0.813978
1.94989
1.50392
0.896317
0.701076
2.74981
1.61437
0.284262
0.896317
0.636058
1.16394
3.70042
3.16689
1.13905
1.52798
0.880135
1.13905
0.896317
0.811231
0.646283
3.32955
2.71175
1.13905
0.896317
1.13905
2.71175
1.41137
1.1419
1.37901
0.896317
0.710518
0.710518
0.281812
0.812012
1.16007
1.39655
3.92904
1.13905
2.60462
1.09568
0.297905
1.65237
0.802534
1.93052
0.896317
1.7573
0.839967
2.22441
1.52798
0.18114
1.83488
0.896317
0.896317
0.455795
3.58107
1.12606
3.58107
0.912357
1.04442
1.12606
0.912357
0.581497
3.58107
3.17795
1.52798
1.4103
3.58107
1.52798
1.07737
3.46575
3.19473
1.52798
1.24612
1.52798
3.46575
3.19473
3.19473
2.93214
0.730733
0.730733
3.46575
1.03379
0.956116
0.507721
3.40855
1.03379
3.46575
1.52798
1.20099
0.896317
1.94743
1.7573
1.52798
1.52798
1.7573
1.52798
3.46575
0.956116
1.52091
3.19473
1.52798
0.0549683
1.52798
3.40855
6.81077
1.00098
1.03379
0.896317
3.46575
1.13026
0.234845
1.7573
3.32674
1.59951
1.52798
1.03379
0.531248
3.19473
1.17234
1.52798
1.86999
1.52798
3.15416
1.05433
1.52091
1.52798
0.570405
1.4056
1.52091
1.52798
1.52798
1.00098
3.19473
3.46575
0.202956
1.73869
0.9252
0.759317
1.52798
1.52798
1.52798
0.507721
0.25554
0.558674
1.51736
3.46575
1.52091
1.03379
1.18215
0.938465
1.7573
3.46575
1.30499
3.46575
3.46575
3.46575
0.103266
1.52798
3.46575
0.896317
0.896317
0.49862
0.896317
1.59951
1.40522
1.65794
0.811231
1.22596
0.342714
0.374349
0.867855
0.867855
0.867855
0.336063
1.95226
0.196815
1.53513
0.871556
0.871556
1.52798
0.896317
3.04449
2.68681
3.70983
1.96804
3.46575
3.46575
3.24202
0.896317
0.896317
1.08939
0.558674
2.71451
1.01805
0.896317
0.810938
1.03379
1.07159
1.7573
3.46575
3.46575
1.03379
1.7573
1.03379
0.956116
3.46575
0.558674
1.77899
3.24202
1.77899
3.46575
1.17234
0.558674
1.77899
1.03379
0.896317
0.896317
3.40855
1.03379
1.7573
1.03379
0.93555
0.65562
0.722434
1.58896
1.08913
1.57536
0.122997
0.812194
0.812194
1.03379
3.17544
3.46575
1.26779
1.52798
0.558674
3.52009
0.810938
0.896317
0.896317
1.09185
3.25273
0.680515
1.04442
0.701076
1.1419
3.40974
0.896317
0.896317
3.48436
0.352163
0.277725
3.48561
0.775541
0.836949
0.896317
1.7573
3.40974
3.46775
1.77899
1.02372
0.882839
3.46775
1.20099
3.46775
1.77899
1.77899
1.13026
0.882557
0.956116
0.896317
0.746423
3.47465
3.74567
1.73232
1.13122
1.14684
1.77899
3.73297
0.880135
0.313598
0.701076
1.52798
0.621874
0.896317
0.0473986
0.978845
0.978845
0.857223
1.05433
0.896317
0.531248
2.07035
0.505123
0.857223
0.680515
1.07379
0.857223
0.896317
0.611359
0.812012
0.812012
0.896317
0.785832
0.871556
0.812012
0.719585
1.00966
1.00966
0.896317
1.20099
0.857223
1.3688
0.896317
0.895638
1.77899
0.374349
1.69733
0.987242
0.401967
1.69733
0.896317
0.348972
0.573675
1.11627
0.484501
0.896317
1.26881
0.313663
0.987242
0.978845
0.808532
1.81881
0.484501
4.5494
1.81881
0.380288
0.531248
1.28892
1.07889
0.811231
1.21097
1.23358
1.81881
1.21097
0.785832
0.352163
1.46044
1.11627
1.52798
0.748452
1.21097
0.730733
0.880135
1.7573
0.895638
1.34394
0.896317
1.21097
1.25638
1.76904
0.844094
2.12132
0.272661
1.21097
1.53513
1.13851
0.896317
1.6297
1.52979
1.52979
1.7573
2.18135
0.9252
0.896317
0.9252
2.11938
1.52798
0.0556387
1.52979
1.41693
1.7573
1.80254
1.41693
0.426688
2.18135
0.295478
1.41693
1.10884
1.41693
1.7573
1.41693
1.49473
0.904994
1.17234
1.52979
0.581497
0.230459
1.73222
0.103266
0.103266
0.896317
0.813978
1.1969
1.7094
1.7094
4.72585
0.748452
0.505123
1.7094
0.507721
1.52798
0.525394
0.896317
0.896317
0.9252
0.896317
0.896317
0.495784
0.896317
1.39993
1.34394
0.679999
0.103266
0.810938
0.558674
1.7573
0.672821
1.52798
0.202956
0.896317
0.896317
0.735798
0.896317
0.882557
0.896317
0.896317
0.813978
0.710518
0.103266
0.103266
1.07159
0.896317
0.896317
0.896317
1.6516
0.896317
1.15876
0.896317
0.507167
0.896317
1.58592
2.14856
2.21456
1.17234
1.90845
1.7094
1.71628
2.50733
1.52979
0.840447
0.103266
1.71628
1.07889
2.50733
0.943779
0.644001
0.896317
0.603132
1.91562
1.28325
1.71628
0.896317
1.52798
0.880135
1.97243
0.170945
0.327656
0.6478
1.20099
0.686475
0.531248
0.830765
0.719585
1.00098
0.896317
0.833078
1.15822
0.746423
1.5451
0.833078
1.64621
0.896317
1.33323
0.746423
0.686475
1.17234
0.561574
1.7573
2.5293
1.20584
1.5451
0.896317
0.646283
1.14684
0.987242
0.558674
0.81808
1.39455
2.25728
0.896317
1.7573
0.516059
4.04062
0.978845
4.20432
1.60056
1.52798
1.3781
0.9252
1.3781
1.3781
0.896317
1.46044
1.3781
1.3781
1.5514
1.5514
0.611359
1.5514
1.5514
1.51894
1.5514
1.5514
0.954692
1.33547
1.2521
1.33547
0.882839
1.15327
1.32781
1.5514
1.5514
1.5514
1.52798
0.896317
1.13026
0.938465
6.82837
1.06597
1.5514
1.43375
1.5514
1.5514
0.507167
1.5514
1.28929
1.5514
1.5514
6.91123
0.833078
0.911404
1.55869
1.1419
1.5514
1.1419
0.830855
1.76256
1.5514
0.746423
0.686475
0.686475
0.896317
0.0191473
0.882839
1.5514
1.17234
1.7573
1.5514
2.02766
1.06897
1.1419
0.759317
0.759317
1.5514
2.02766
1.5514
1.7573
1.79166
1.38037
1.7573
1.80263
1.19749
1.46044
0.978845
1.1419
0.666744
1.54486
1.5514
0.9824
7.00751
0.680288
1.5514
0.585889
0.896317
1.5514
1.01805
0.300057
0.445488
1.25638
2.1566
0.526904
1.26779
1.15876
2.99778
1.5514
0.0171291
0.896317
1.5514
1.5514
1.08939
1.5514
1.37373
1.46044
1.00098
2.18138
1.5053
1.52798
0.374349
0.882839
0.117315
0.244276
0.548599
0.778952
1.28929
1.62336
1.33995
1.46044
1.45102
1.45102
1.5514
1.7573
0.896317
1.45102
1.5514
1.5514
1.78782
3.69807
1.5514
0.785832
1.5514
1.5514
0.896317
2.26763
1.5514
1.5514
1.5514
0.390167
2.57538
0.775541
0.956116
1.57241
1.85335
0.803834
0.896317
0.895638
0.0679237
0.896317
0.896317
1.36407
1.52798
1.05355
1.1419
0.896317
1.1419
0.293528
0.775493
0.811231
0.896317
0.187495
1.36407
0.570405
0.896317
0.810938
0.759317
1.13026
1.1419
0.896317
0.896317
0.811231
1.65644
0.896317
0.896317
0.896317
1.08939
0.896317
0.896317
0.896317
1.26881
0.686475
0.830855
1.7573
1.48675
0.582984
0.582984
0.277725
0.582984
0.686475
0.775493
0.219692
0.686475
0.686475
0.277725
1.07796
0.896317
1.19749
2.02845
1.39439
1.52798
1.2707
0.987242
2.02766
2.02766
4.79988
1.02323
1.91827
0.686475
0.558674
1.52798
0.170945
0.857223
0.896317
0.830855
0.746423
0.25554
0.513782
0.83157
0.686475
0.531248
1.7573
0.896317
1.7573
1.7573
1.85335
1.52798
1.34781
0.331117
0.619656
1.5514
3.76768
0.686475
1.6761
0.896317
1.7573
0.830765
1.6761
0.895638
0.558674
1.1419
1.5514
1.48675
1.72653
0.896317
0.558674
1.6761
1.5514
1.7573
0.558674
0.896317
0.896317
0.896317
1.08481
0.627879
0.896317
0.896317
0.895638
0.833078
0.173543
0.813682
1.1419
0.896317
0.686475
2.00546
0.890883
2.00546
0.233783
2.00546
0.830855
1.89976
0.611359
0.608979
1.7573
2.00546
0.896317
2.00546
0.558674
0.573675
2.00546
0.896317
2.14226
1.1419
0.813978
0.990387
1.07796
0.458382
1.17234
0.573675
0.573675
0.896317
0.458382
1.72284
1.1419
0.813978
1.89976
0.558674
1.89976
0.564638
1.72363
0.558674
1.57241
0.686475
0.558674
0.558674
0.254555
0.531248
0.307105
1.89976
2.00542
0.0557829
0.679999
0.746423
0.896317
0.896317
0.0195935
1.25638
1.00484
1.17234
1.8879
2.00546
1.04861
0.896317
0.636058
0.686475
0.896317
1.53513
0.558674
1.17234
0.558674
1.64336
3.08254
0.558674
0.558674
0.558674
1.46113
2.5156
2.252
1.15086
1.68206
0.591186
0.558674
1.20756
0.335016
1.07796
0.134913
1.07796
0.206216
0.206216
0.796542
0.978845
0.0473986
1.04861
1.59951
1.59951
1.07159
2.66072
0.313663
0.896317
0.277835
0.277835
1.08084
0.710518
0.0674021
0.0674021
0.0674021
0.0407918
0.349963
0.636058
0.0890417
1.1419
0.680515
0.896317
2.49887
0.381575
3.00697
0.896317
0.558674
1.61737
0.686475
0.21583
1.46113
1.26489
1.38037
0.558674
1.33307
1.15876
0.746423
0.686475
0.666744
0.896317
1.34781
0.512555
2.12817
1.1419
2.81842
2.31898
0.759317
1.07998
0.735734
2.31898
0.233783
0.896317
1.7573
1.07316
1.39559
1.81055
1.52798
1.81055
0.775493
1.91069
0.1409
0.202532
1.7573
0.813978
2.37961
0.174899
1.48675
1.32777
0.956116
1.26779
0.746423
1.48675
1.52798
1.27089
0.0619342
0.9252
1.53717
1.36407
1.14129
0.615743
1.07889
0.830288
0.896317
0.531248
1.1419
0.543236
0.561574
0.896317
1.48675
0.44074
0.913174
1.53513
2.01603
1.1419
1.52798
0.896317
1.27089
0.896317
0.896317
0.245071
1.16766
0.100075
0.810938
0.373693
0.888845
1.34781
1.14129
1.48675
0.896317
1.1419
0.896317
1.32777
1.21351
0.660763
1.23837
1.33323
1.53717
1.53717
1.48675
0.374349
1.95026
1.26779
1.94442
0.608979
0.170945
0.611359
1.50499
1.71382
1.48675
0.621874
0.525394
3.50131
0.882839
1.14129
0.615743
1.14129
1.27089
0.913174
1.52798
0.896317
1.00484
1.00966
1.14129
7.00751
1.48675
0.615743
1.1419
0.778952
1.49473
1.09185
0.615743
0.818078
0.688019
1.07316
0.517946
0.896317
0.63895
2.17754
0.0913113
0.896317
0.896317
0.615743
0.880135
0.621874
1.27089
0.38834
1.22596
0.253328
1.46044
0.785832
0.619656
1.06897
0.0255815
1.27089
0.896317
1.7573
0.407868
1.00098
1.07379
1.09185
1.00484
1.06897
0.507705
0.615743
0.38834
1.07796
0.731767
1.52798
0.619656
0.803834
1.48675
0.38834
1.46044
0.726397
0.775541
2.17754
1.03539
1.52798
0.38834
1.25746
0.823052
0.888471
0.730733
1.48371
1.67748
0.759317
1.50027
0.558674
0.896317
1.52798
0.987242
1.48675
1.04861
1.27089
0.1688
0.0191473
0.896317
0.0913113
1.1419
0.896317
0.896317
0.38834
0.719585
1.27089
0.746423
0.679999
0.896317
0.896317
0.995237
1.81027
0.615743
1.17878
0.615743
1.52798
1.23094
0.785832
1.14129
2.19475
2.35461
1.7573
1.08084
0.524377
0.615743
0.615743
2.52863
2.35461
0.647964
2.19475
0.615743
2.52863
0.819853
2.19475
2.61532
0.611359
2.35461
0.505123
0.896317
1.88457
1.96893
0.507705
0.701076
0.615743
2.52863
1.04442
2.61532
1.48675
1.48675
0.726397
1.30878
0.855788
0.611359
1.7573
0.833078
1.14129
2.61532
0.615743
1.7573
1.48675
0.896317
0.615743
0.880135
0.615743
0.896317
1.27089
2.62286
0.830855
2.35461
2.35461
0.615743
1.14129
0.896317
1.7573
0.615743
4.02553
1.1419
0.833078
0.507721
1.1419
1.27089
0.38834
0.619656
1.16766
1.14129
1.14129
1.48675
1.13026
1.07889
2.17754
0.896317
0.810938
0.615743
2.17754
0.830288
0.803834
0.602373
1.9818
1.77565
1.6382
1.77565
1.1419
1.1419
0.807036
0.987242
0.896317
2.52863
0.880135
1.48675
0.615743
1.07316
1.37539
1.12606
1.34781
0.631814
0.615743
0.615743
0.573675
0.857223
0.896317
0.880135
0.830765
1.6892
0.458382
1.72279
1.97415
1.03527
0.746423
2.93146
1.51894
1.12516
0.807036
2.58761
0.730733
1.07316
1.7573
0.813978
1.08084
3.05119
1.12836
2.36057
0.748452
0.896317
0.505123
2.36057
1.20099
1.7573
0.701076
1.7573
0.987242
0.710518
2.36057
1.53207
1.04861
0.719585
0.680515
0.643151
0.235625
2.62377
0.120799
0.631814
0.769916
0.6986
1.36407
1.7573
2.86305
0.83157
0.0255815
1.06711
0.619656
1.1419
1.1419
1.22169
0.830765
0.896317
0.896317
0.643151
1.28929
0.896317
0.836949
0.836949
0.896317
1.1419
0.810938
1.09185
1.20099
0.619656
0.619656
1.05355
1.05355
1.05355
0.896317
0.680515
1.16766
0.896317
1.20756
0.896317
0.679999
1.26779
0.995237
1.65738
1.65738
1.26779
0.896317
1.09174
1.83867
0.56702
0.0691799
2.59951
0.896317
0.621874
1.97595
1.43263
1.7573
0.680288
1.03506
3.03612
1.53401
1.6232
0.896317
3.13642
0.331117
1.10654
0.733264
0.512555
0.831736
0.646262
0.307105
2.24267
1.54417
0.181941
1.6097
2.39406
1.03378
0.896317
1.35512
1.52798
1.7573
0.896317
0.531248
0.619656
1.13026
1.08939
0.507167
1.0654
0.896317
1.35512
1.91143
1.53207
0.896317
0.896317
0.896317
0.978845
0.896317
0.896317
0.896317
1.1419
0.295478
0.0632843
1.02323
0.606771
1.52798
7.00751
0.746423
1.7573
0.507167
0.38834
1.52798
2.43923
2.91842
1.35512
2.43923
1.1419
2.85452
0.735798
0.810938
2.43923
1.21825
2.13903
0.803834
1.22596
0.426688
1.03506
0.217696
0.775493
1.34733
1.34733
1.59951
0.580455
0.895638
2.75717
0.426688
0.116579
1.04442
1.0654
1.53513
0.679517
0.896317
1.31841
0.990387
0.746423
0.823052
1.84313
1.96936
0.31896
0.987242
0.987242
1.05355
0.213685
1.1419
1.73982
1.36407
1.52798
0.531248
0.531248
1.35512
1.35512
1.46044
2.91842
0.525775
1.20099
0.233783
0.531248
0.0928387
0.0928387
0.38834
0.896317
0.830765
0.426688
1.03378
0.304243
1.00724
0.235258
0.331117
2.91842
1.7573
1.7573
0.896317
0.995237
0.978845
0.830765
0.38834
2.91842
0.896317
0.830765
0.38834
0.0533599
1.24431
1.35512
7.00751
0.855896
0.18098
0.38834
0.611359
2.06949
0.531248
1.1419
0.383614
1.07796
0.611359
1.20584
0.896317
2.06949
0.611359
0.896317
7.11792
0.9252
0.896317
1.00484
0.83157
0.0903563
0.38834
1.03378
0.666744
2.06949
7.00751
1.07316
0.531248
1.12263
0.331117
1.35512
0.896317
1.35512
0.896317
0.621874
1.07159
7.00751
1.61227
1.08286
6.94136
0.810938
0.746423
6.94136
1.35512
1.35512
1.46044
7.00751
0.532493
1.46044
1.35512
0.0191473
1.35512
6.94136
0.896317
0.896317
7.01014
1.10654
0.896317
1.33323
1.04442
0.813978
0.525394
0.896317
1.04861
1.07796
0.956116
0.896317
1.00098
0.507167
0.531248
6.40368
1.16766
5.50949
1.59951
0.537905
1.0654
1.04861
1.18984
1.7573
0.719585
0.896317
1.7573
0.701076
6.36285
1.7573
0.719585
0.896317
1.54676
0.896317
0.896317
7.00751
0.896317
1.03378
0.753947
0.235258
0.9252
0.896317
1.7573
0.621874
0.619656
6.4742
0.38834
0.956116
0.458382
0.896317
0.531248
0.896317
0.896317
0.896317
1.1419
0.621874
1.33323
0.995237
6.36285
0.896317
0.956116
0.719585
1.52798
1.03539
0.532493
0.458382
0.611359
0.505123
0.857223
0.611359
0.882839
0.759317
0.882839
1.06799
1.14115
1.76527
1.05433
0.871556
0.871556
0.383649
1.18984
0.952085
0.529553
0.896317
0.9252
1.1419
2.48093
0.272739
1.7573
0.818078
1.7573
0.978845
0.896317
0.35968
0.759317
0.611359
0.701076
0.978845
1.1419
0.619656
1.7573
0.458382
7.23207
1.7573
1.12263
7.00751
7.23207
0.896317
0.775541
7.23207
1.3641
0.233783
0.484501
0.532493
7.00751
0.9252
1.7573
0.531248
1.1419
0.0759131
0.813682
2.61003
1.11627
0.730733
1.7573
0.374349
0.0291406
0.343321
7.12622
1.28929
1.71262
0.810938
2.30254
0.233783
0.585889
1.32256
0.810938
0.810938
0.608979
2.02257
0.619656
7.23207
0.896317
0.869266
0.0291406
0.735798
0.709853
0.292397
0.852053
1.08084
0.679999
0.531248
0.531248
0.531248
0.531248
0.531248
0.531248
1.01805
0.875997
0.882839
2.88167
0.514024
0.896317
0.797706
2.88787
0.374349
3.42358
2.59783
2.50461
0.935532
0.0356368
0.896317
0.613021
2.63704
3.11284
0.374349
0.0903563
0.833078
0.592005
3.66125
0.896317
0.374349
0.896317
0.896317
0.0356368
4.95342
0.882839
1.22596
1.1419
0.507705
0.710518
0.896317
1.26779
7.23207
0.374992
0.896317
1.23094
0.896317
0.458382
7.12622
1.7573
1.00724
1.7573
1.7573
2.32781
0.807623
0.896317
7.23207
1.17878
1.7573
0.570405
7.23207
0.810938
0.811231
0.719585
7.23207
7.23207
1.20099
7.23207
0.800333
7.00751
0.896317
0.621874
1.53207
0.507705
1.7573
0.952085
7.00751
7.12622
0.9252
0.0291406
0.531248
1.62667
1.1419
0.823401
7.11386
0.505123
0.585889
7.23207
6.4742
1.46405
1.34781
0.896317
0.679999
1.32777
1.18567
0.006464
6.87291
0.818078
3.70483
0.896317
1.17234
0.710518
0.531248
0.896317
0.896317
1.7573
0.896317
0.0291406
0.158213
0.803834
0.871556
0.507167
1.80219
1.79071
1.7573
0.636058
0.16254
0.710518
7.00751
0.836949
0.896317
0.896317
0.896317
0.619656
7.00751
1.1419
1.20099
1.0438
1.7573
1.04658
0.896317
0.570405
1.0438
0.978845
0.0291406
7.00751
7.00751
1.18567
0.896317
0.893928
1.22756
7.00751
1.33938
0.882557
0.812012
1.29189
0.666744
2.92956
1.04658
0.823401
1.0438
1.03506
0.0291406
7.00751
1.7573
0.204859
7.23207
0.896317
1.00966
0.896317
0.896317
0.896317
0.828353
0.719585
0.221539
0.367682
5.24227
0.608979
0.830765
0.507705
1.03539
1.36497
0.680515
1.00966
0.896317
1.13026
0.295974
0.896317
0.896317
7.00751
7.23207
1.7573
0.958421
0.896317
0.896317
0.570405
0.633617
1.98297
0.836949
0.919257
1.7573
0.680288
0.710518
1.18567
0.0291406
0.896317
1.04658
0.896317
5.43127
0.823052
0.0291406
1.18567
1.29189
7.27266
0.896317
0.295478
1.41456
6.53965
0.896317
6.20962
1.39455
1.41834
1.07796
7.00751
1.62667
0.748452
1.07796
0.748452
0.813978
0.810938
0.746423
7.00751
1.7573
1.18567
0.155829
0.0291406
1.52798
7.00751
0.525394
0.987242
1.18567
0.896317
0.896317
0.136455
7.00751
0.116579
0.896317
2.53988
0.374349
7.23207
1.7573
1.53513
0.759317
1.52798
1.7573
1.04658
7.00751
1.62667
0.896317
1.01435
1.20099
0.896317
1.08084
0.621874
0.896317
7.23207
0.987242
1.04658
0.0291406
1.20099
0.896317
7.00751
1.13026
1.17234
0.803834
1.38037
1.7573
0.896317
0.0291406
0.701076
0.0291406
0.896317
0.9252
0.18098
1.41834
1.53513
0.896317
0.818078
7.12751
1.7573
0.836949
0.836949
0.896317
0.507167
0.619656
1.45649
0.896317
0.896317
1.34781
1.03506
0.524411
0.580027
0.194378
7.23207
7.00751
7.00751
0.406645
0.374349
7.23207
1.03378
1.7573
0.1409
1.7573
7.00751
0.896317
0.995237
0.701076
1.0654
7.23207
0.512555
0.759317
0.1688
7.00751
7.23207
1.26779
7.23207
7.23207
1.7573
0.807036
0.35968
1.07796
0.896317
0.995237
7.23207
0.406645
1.07159
1.0654
1.00098
1.53207
0.896317
0.759317
1.1419
0.836949
0.701076
0.636058
1.00098
0.643151
0.759317
0.525394
1.41834
1.00098
0.896317
0.272661
0.810938
0.896317
0.313663
1.49048
0.0762324
7.23207
0.896317
1.7573
0.896317
1.62809
7.23207
1.53207
0.896317
0.896317
1.04658
0.0291406
0.1409
0.818078
0.896317
0.880135
0.896317
6.4742
0.531248
7.23207
0.0291406
2.82343
1.37689
1.03378
0.775541
7.23207
1.13026
1.08084
1.53207
0.896317
7.00751
1.51894
1.2889
7.23207
7.23207
1.26779
1.52798
0.995237
7.23207
0.995237
7.126
7.00751
2.03462
1.7573
1.1419
1.38037
0.621874
7.00751
7.00751
6.44371
2.53988
0.83157
7.23207
7.00751
0.746423
7.23207
0.272739
0.35968
7.00751
7.00751
1.35512
7.2649
7.23207
0.836949
1.13026
1.13026
7.23207
7.23207
7.23207
0.746423
0.882557
0.896317
5.53246
6.48198
1.78579
0.896317
2.91457
2.82343
7.00751
0.464381
3.01837
6.44371
0.896317
6.44371
2.91457
0.830765
1.0438
1.18567
2.25718
1.1419
3.04796
1.34781
2.91457
2.53988
7.00751
2.76325
2.91457
1.34394
1.32777
1.07796
0.9252
0.807623
0.807623
2.53988
2.91457
0.221539
1.34781
1.04861
1.41829
1.79732
6.90723
0.233783
0.311444
6.27781
0.564638
1.07379
0.896317
2.91457
2.91457
1.0654
6.89966
1.0438
2.91457
0.181941
0.374349
2.91457
1.52798
1.07379
0.807623
0.331117
2.91457
2.91457
0.45918
0.507167
0.507167
0.439157
0.896317
0.896317
0.896317
1.29918
0.896317
2.80561
2.39272
2.52607
0.511131
2.91457
1.58552
2.91457
2.83654
2.91457
3.16572
2.87102
1.82295
2.39109
2.32748
1.99824
1.1419
0.896317
1.99562
1.1419
2.91457
2.91457
0.836949
2.91457
0.0556387
2.91457
2.91457
0.619656
0.83157
2.91457
2.91457
2.91457
0.775493
2.91457
2.0232
2.097
2.15227
2.91457
1.7573
0.621874
0.896317
1.05433
1.34781
6.4742
2.91457
2.91457
2.91457
0.0291406
0.555484
2.91457
3.03283
2.91457
1.00724
0.978845
1.02029
1.17878
7.00751
0.235258
0.458382
0.896317
0.896317
0.9252
0.308626
1.46457
7.11377
1.62667
0.331117
1.51894
2.7916
0.569717
2.68567
1.26779
7.00751
7.00751
7.00751
1.53513
0.759317
0.507167
0.807623
2.91457
0.356293
7.11377
0.690464
0.746423
0.406645
0.0291406
7.23207
1.07159
0.63895
0.406645
0.406645
0.896317
7.00751
7.23207
2.91457
7.23207
0.956476
0.313663
7.11792
7.00751
7.23207
7.23207
6.60961
0.812012
7.23207
0.995237
0.679999
7.23207
0.882839
0.680515
1.04861
6.60961
0.896317
0.871556
1.05355
7.00751
6.60961
0.896317
0.531248
1.51549
7.23207
7.23207
7.23207
0.0291406
6.60961
1.16674
7.11377
7.23207
0.679999
1.07796
1.7573
1.7573
0.679999
7.23207
0.888033
1.7573
7.00751
0.701076
0.896317
7.23207
1.7573
0.896317
7.23207
1.04442
2.53988
7.00751
7.23207
7.23207
7.23207
0.956476
1.17234
0.896317
1.52429
1.75998
2.61981
1.52182
0.995237
7.00751
1.34781
1.29189
1.46044
1.7573
2.53988
6.99398
1.7573
0.0291406
2.53988
1.0438
6.71102
0.734398
0.896317
7.23207
0.775493
0.810938
0.830877
0.735798
0.896317
1.00098
1.0438
0.0928387
1.7573
1.10804
6.71102
0.882839
1.51549
0.958421
0.896317
2.92956
0.830877
0.233783
1.07796
0.301674
0.426157
1.13026
0.896317
6.71102
0.978845
1.7573
0.896317
1.59951
1.39089
1.7573
6.71102
0.803834
0.621874
0.896317
1.03506
0.896317
0.331117
0.896317
0.995237
1.1419
0.746423
0.956476
1.7573
1.33323
0.891604
2.04939
3.2205
0.719585
1.0438
0.896317
1.03539
0.811231
1.47459
1.17878
3.1126
0.525394
0.621874
0.9252
1.7573
0.426688
0.636058
0.531248
1.26779
0.621874
0.803834
1.32777
0.775493
0.810938
0.573675
1.21566
0.956476
0.811231
0.896317
0.680515
0.896317
0.958421
0.458382
0.374349
0.331117
0.0291406
1.7573
1.7573
0.21583
0.719585
0.896317
5.64712
1.07796
2.4084
0.813978
0.813978
0.896317
1.23094
1.78622
0.0291406
0.896317
1.04861
0.830877
1.47459
0.896317
3.1126
1.13052
1.39089
0.987242
0.830765
1.1419
1.10804
0.956476
1.10804
0.956476
1.1419
0.896317
0.956476
1.1419
2.4084
0.938907
0.896317
0.871556
0.621874
3.1126
0.830855
1.47459
0.956476
0.0291406
1.20851
2.4084
1.00098
0.896317
1.10804
0.896317
1.0438
0.956476
1.13026
1.02029
0.406645
0.807623
1.7573
1.47459
0.374349
0.896317
0.313663
1.07889
0.958421
1.89496
0.896317
0.785832
0.573675
0.896317
0.896317
0.896317
1.03378
0.719585
1.96783
0.882839
1.7573
2.4084
0.775493
1.13052
1.10356
0.896317
0.505261
0.741587
1.33323
0.539733
1.48188
0.836949
1.94098
1.09185
0.531248
0.775493
0.896317
0.956476
0.956476
0.807623
1.48188
0.406645
0.406645
1.94098
1.05078
0.531248
1.20099
0.896317
1.26779
1.54535
1.47584
0.229838
1.7573
0.896317
0.896317
0.265679
0.708012
1.01204
0.938465
2.16284
0.120294
1.46044
2.53822
2.85452
2.90511
1.94098
1.1419
0.896317
1.00484
0.896317
0.759317
3.1126
1.94098
1.76834
0.00373884
0.882557
1.98571
1.00098
1.04442
1.26779
1.07796
1.80471
1.41834
1.67594
0.420665
1.03539
0.719585
0.896317
0.988332
0.896317
0.807623
1.94098
0.995237
0.896317
1.1419
1.36407
0.896317
1.06897
0.611359
1.26779
1.23094
1.94098
1.15876
1.07159
0.896317
2.22957
1.07796
0.746423
0.807623
1.94098
1.1419
1.94098
1.7573
0.336125
1.94098
1.1419
1.03506
1.07379
1.20099
0.785832
1.28929
0.426688
0.807036
0.216282
1.00484
0.573675
1.73885
0.836949
1.15
1.23094
1.83207
1.03506
1.7573
1.1419
1.06897
0.116579
0.381983
0.380288
0.505123
1.94098
0.625027
0.823052
1.07159
1.94098
0.295478
0.896317
1.94098
1.94098
1.94098
0.360809
0.308626
0.988332
0.896317
1.94098
0.170945
0.896317
0.8258
1.94098
0.507705
1.20099
1.7573
0.735798
0.61169
0.807623
1.07796
0.830765
0.811231
1.83006
0.836949
1.07379
1.00098
0.896317
1.34781
0.374349
0.585889
0.896317
0.775541
0.374349
1.20584
0.990387
0.896317
1.1419
0.701076
1.01805
0.719585
1.07796
1.00098
0.746423
0.803834
0.830855
1.94098
0.719585
0.0291406
1.21693
0.18098
0.807623
0.896317
2.14101
0.857223
0.295478
1.1419
1.34394
1.68645
0.611359
1.34394
1.68645
0.0235655
1.48196
1.55601
1.07379
1.74999
1.74999
1.22083
1.65326
1.74999
0.896317
1.1419
1.51894
0.666744
0.896317
0.896317
1.53207
1.15876
1.76661
1.74999
1.74999
1.74999
0.585889
0.963878
1.03539
0.896317
0.0235655
0.574058
1.23442
1.08414
1.08414
1.07889
1.74999
0.585889
0.896317
1.08414
1.07796
1.23442
1.02372
1.02372
1.55301
1.01805
1.1511
1.05355
1.1511
1.1419
1.60563
1.33323
1.74696
1.60563
0.987242
0.823052
1.45394
2.09699
2.82873
3.23954
1.07889
0.896317
1.60563
3.16496
0.896317
0.426688
0.525394
0.525394
0.958421
1.27338
0.3547
1.23094
0.530284
1.60563
1.34781
0.525394
0.896317
0.896317
0.978845
0.896317
0.896317
1.06597
0.222292
0.507167
0.611359
0.896317
1.17234
0.896317
0.896317
0.458382
1.38037
2.8445
3.24053
0.896317
1.1419
1.32133
0.369916
0.170945
1.99308
1.63971
1.07889
1.17878
1.20584
1.07796
0.896317
0.995237
0.803834
0.619656
1.26779
1.22177
0.0473986
1.85647
1.85647
1.51556
1.08939
1.70209
0.896317
1.08939
1.17234
0.0715617
0.87089
0.87089
0.87089
0.87089
0.830855
1.67707
0.896317
1.17234
0.896317
1.60563
0.619656
2.09294
3.44104
0.896317
0.896317
0.608979
7.00751
1.05895
0.505123
3.44104
1.60563
1.00966
0.896317
0.9252
0.9252
0.746423
0.116578
3.71524
0.830855
3.41393
0.573675
3.44104
0.625027
3.33834
2.87101
0.680515
1.52798
2.64561
0.180117
1.00484
0.696613
0.882839
0.710518
2.82969
0.313663
0.896317
0.680515
0.9252
0.507705
0.806924
0.995237
0.0691443
7.00751
7.00751
3.06091
1.02372
0.775493
0.746423
0.564638
0.896317
0.896317
0.406645
0.880135
1.05433
0.844094
2.47536
0.759317
1.7573
0.896317
1.08084
1.20099
0.811231
0.746423
2.96695
1.08939
0.372019
0.339314
0.369194
0.882557
0.580455
1.08939
0.987242
1.7573
3.46094
0.31494
2.30917
0.882839
3.21487
0.896317
0.896317
0.896317
1.20893
0.958421
0.896317
1.4651
0.775493
0.608389
1.46716
0.810938
1.7573
0.489594
0.759317
2.68642
0.570405
0.896317
0.896317
0.896317
1.17234
0.896317
0.813978
2.87658
0.489594
1.07889
0.896317
1.1419
0.425389
0.896317
2.74631
1.4651
1.15876
2.79537
2.28593
0.775541
0.896317
1.46716
1.4651
0.585889
0.176966
2.71886
0.9252
0.425389
1.45795
0.531248
7.00751
0.746423
2.98696
1.17234
0.956116
1.48641
0.896317
0.895638
0.679999
0.896317
1.51549
1.57555
1.81027
1.07159
0.830855
1.4651
0.932701
0.153812
1.07889
1.76523
1.07889
1.1419
0.150671
0.896317
0.573675
1.32041
1.03539
0.896317
0.440012
1.38817
0.570405
0.800994
0.813978
0.882839
0.570405
1.16766
0.896317
0.896317
0.896317
1.00966
0.585889
0.585889
0.896317
0.176211
0.573675
1.33323
1.07159
0.619656
1.33323
1.53207
0.896317
0.489594
1.51549
0.895638
1.32041
0.331117
0.741227
2.31855
2.32863
0.489594
0.170945
1.1419
0.896317
1.13026
0.759317
2.58631
0.425389
0.995711
0.458382
1.53904
0.746423
0.680515
1.20584
1.07796
0.871556
1.9337
0.746423
0.150671
0.896317
1.02029
0.803834
0.896317
0.573675
0.619656
0.896317
1.9337
1.77373
1.75081
1.75081
1.02029
1.23094
2.74249
0.896317
1.50319
1.154
2.49766
0.812012
0.746423
1.09185
7.00751
2.11112
2.11112
2.83087
2.59677
1.26779
1.08939
0.896317
2.83087
2.83087
2.59677
1.75081
1.36407
2.83087
0.978845
2.09556
2.15565
2.83087
1.23928
0.9252
0.325462
1.09652
1.17205
0.759317
1.50319
3.03225
1.75081
1.36407
1.36407
0.746113
2.59677
2.83087
0.810938
2.59677
0.775541
2.59677
2.71836
0.896317
1.00484
1.42947
0.680515
1.07889
0.380288
1.60287
1.20047
0.896317
1.33895
0.619384
2.46235
0.150671
1.28929
1.94992
0.882839
1.48798
0.574883
1.75081
1.02029
1.00098
0.636058
0.625027
0.824467
1.75081
1.75081
0.896317
1.32041
1.15876
1.32041
0.896317
1.53341
0.0567774
1.75081
1.28929
2.15681
1.53932
1.00098
1.17234
0.759317
1.56958
0.896317
1.56958
1.15876
1.18792
0.896317
0.573675
0.117088
0.679999
0.924279
1.03506
0.701076
1.03506
0.679999
0.679999
1.88974
0.896317
1.33323
1.36497
1.33323
1.03506
1.03506
2.51357
0.746423
1.07316
1.75081
7.00751
0.570405
1.75081
0.150671
1.75081
0.896317
1.1419
0.150671
1.75081
1.75081
1.38037
0.586869
1.61209
0.94017
0.736096
0.621874
1.46291
1.00098
1.0654
1.03539
0.228476
0.896317
0.896317
0.45105
0.505123
0.896317
0.531248
1.35328
1.07796
1.07889
1.32041
0.458382
0.649347
0.680515
1.80326
1.1419
0.636058
1.53513
1.53932
0.871556
1.09269
7.00751
0.871556
1.28929
0.625027
0.9252
0.896317
0.775493
1.26779
1.02029
0.896317
1.20851
1.00098
0.896317
0.717585
1.07796
1.09526
1.28758
1.1419
0.932752
1.04442
1.154
1.53932
1.50319
0.896317
1.37605
0.925585
1.15876
1.01255
1.06864
0.958421
0.871556
0.295478
1.37605
1.28996
1.03539
0.833078
1.37605
0.803834
1.34199
0.978845
1.38782
0.896317
0.896317
1.18304
0.150671
1.75081
0.830765
0.150671
0.0759358
1.32041
0.813682
1.23094
0.896317
0.680515
0.295478
0.00290597
0.573675
1.32777
3.15089
1.84745
0.896317
0.458382
0.759317
1.34394
1.3491
0.896317
1.26779
1.1419
1.32041
1.71932
1.20605
1.67625
1.47484
0.896317
0.896317
0.896317
0.896317
0.818078
0.150671
0.813682
0.896317
1.75081
0.719585
0.719585
0.813171
0.507705
0.896317
0.994343
0.9252
1.39528
0.631656
0.641849
0.0998592
0.429248
0.807036
0.742465
2.00453
1.73844
1.36407
0.150671
1.75081
1.1419
1.74822
0.150671
0.987242
0.507167
0.811231
0.338623
0.896317
1.42947
0.896317
0.896317
0.896317
0.458208
0.458382
0.458382
0.458382
0.810938
0.810938
0.810938
0.425328
6.3079
0.896317
6.35553
1.02372
2.15054
1.62043
1.26779
0.507167
0.896317
1.17234
1.17234
1.35764
0.759317
0.715372
0.116579
0.896317
1.00098
1.02029
0.896317
1.33323
0.810938
0.896317
0.989454
0.573675
0.443335
1.28813
0.600209
0.425389
1.28996
1.52345
3.28022
0.150671
0.308446
0.150671
0.150671
0.507167
1.1419
0.696613
1.28996
1.07379
0.150671
1.6997
0.896317
0.150671
1.05355
0.896317
0.150671
0.150671
0.150671
0.813171
1.23016
1.39588
0.328471
0.496899
0.896317
0.746423
0.9252
0.680515
2.26932
0.830765
0.255289
0.608979
1.32777
0.601165
1.1419
6.33226
1.50032
1.38037
1.89436
0.896317
1.67625
1.17878
0.331117
0.150671
7.00751
1.32041
1.1419
1.08084
0.978845
0.150671
0.896317
1.6213
0.32783
1.75081
0.150671
1.15876
0.367682
0.150671
1.32041
0.880135
0.896317
0.978845
0.374349
1.11627
1.1008
0.118209
1.08519
0.846738
0.830765
1.2061
1.79401
0.896317
0.443335
1.04442
1.26779
1.43831
0.150671
2.53613
0.759317
0.286216
0.0759358
1.36407
1.36407
1.36407
0.150671
1.33323
1.54129
1.61209
0.332282
0.606589
1.13361
0.896317
1.75081
1.48196
0.150671
0.710518
1.41834
1.41834
0.374349
1.04442
0.657699
0.735798
0.735798
1.17234
0.150671
0.150671
0.813682
0.611359
0.150671
0.719585
0.896317
0.746423
1.67625
0.896317
1.75081
1.67625
0.701076
0.150671
1.03539
1.32041
1.26779
0.150671
0.896317
0.150671
1.75081
0.150671
1.26779
0.389893
1.2889
1.67625
0.237627
1.67625
2.25043
1.67625
1.20608
1.28996
1.22169
1.67625
1.81027
1.47484
1.2061
0.0759358
0.531248
0.150671
0.896317
0.785832
0.507705
0.425389
0.810938
0.896317
2.10305
0.958421
1.154
0.150495
0.150495
0.150671
2.10305
0.150671
0.987242
0.458697
0.896317
0.701076
1.75081
0.882839
0.150671
1.7573
0.525394
0.150671
0.813171
0.150671
1.98376
0.812012
0.572259
1.52345
0.331117
2.10305
1.28996
1.41834
1.75081
0.236081
0.236081
0.236081
1.75081
0.160929
0.746423
0.160929
0.0191759
1.75081
0.896317
1.47484
1.04861
0.896317
0.608979
1.08519
0.680515
1.47484
0.150671
1.36407
0.574389
2.8708
1.08969
1.28929
0.810938
0.354814
2.65948
0.896317
0.896317
1.20099
0.44925
0.00801585
0.406645
0.896317
0.406645
0.818078
0.619699
1.95026
1.69736
0.775493
0.896317
0.331117
2.04975
0.830765
1.30127
0.621874
0.813978
1.13026
1.17878
1.87023
0.896317
0.679999
0.331117
0.406645
0.896317
0.652889
0.406645
0.0567774
0.381807
1.20099
0.896317
0.896317
1.62215
0.896317
0.958421
0.896317
0.406645
0.574389
0.896317
1.23094
0.625027
1.7573
2.92707
0.621874
1.00098
1.32041
0.896317
0.896317
0.938465
0.896317
1.04442
1.02029
0.611359
0.896317
0.775493
1.38037
0.611359
0.406645
1.28929
1.41834
0.809073
1.26276
0.785832
0.896317
1.7573
0.896317
1.70081
0.896317
0.896317
0.3541
0.896317
1.04861
1.33323
0.850656
0.531248
1.85981
1.1419
0.340225
0.295478
0.896317
1.1419
0.680515
0.680288
1.53207
0.775541
1.0654
0.830765
0.896317
1.28813
0.896317
1.08084
2.1951
0.896317
1.27456
0.652889
0.574389
0.458382
0.426688
1.52798
0.759317
0.759317
0.759317
0.313663
1.47337
1.1419
0.636058
1.08939
0.830765
0.570405
1.36407
0.573675
1.7573
0.608979
1.08939
0.31494
1.13026
0.574389
0.896317
0.990387
2.32299
1.61227
0.611359
0.679999
0.710518
6.89966
1.00098
1.06897
0.896317
0.679999
0.896317
1.1419
0.896317
0.896317
0.896317
0.871556
0.608979
0.574389
0.608979
0.896317
0.990387
0.0223007
0.813978
1.7573
0.746423
1.07889
1.7573
0.896317
0.679999
1.1419
0.574389
0.558868
0.785832
1.2061
1.7345
0.987242
0.406645
0.0759358
0.730733
0.458382
0.896317
1.00484
0.140587
1.59951
1.17234
0.570405
0.390923
0.896317
1.28813
1.1419
0.710518
0.844626
1.1419
0.896317
1.26779
1.20851
0.896317
0.525394
0.570405
0.126706
1.7573
0.803834
0.608979
0.512555
1.18113
0.746423
1.26779
1.81468
0.406645
0.574389
0.818078
1.47337
0.803834
1.26779
1.1419
0.406645
0.406645
0.759317
0.406645
0.406645
2.1951
0.896317
1.1419
1.56958
0.896317
1.82617
1.09185
0.680288
1.04861
1.93563
0.748452
0.120799
1.05355
0.710518
1.23094
0.813682
0.930234
0.896317
0.896317
0.574389
0.896317
0.759317
0.0782369
0.884977
2.21647
1.59085
0.775541
1.00966
0.778952
0.775541
0.978845
0.619656
3.32285
0.517196
1.53207
0.896317
0.0457134
1.36223
0.545619
0.990159
0.406645
1.08939
0.947812
2.00951
0.564638
1.07316
0.850656
1.1419
1.16766
0.692953
1.52798
1.52345
0.0162076
1.53207
0.525394
0.525394
3.06694
0.393248
0.730733
0.882557
1.00098
0.696613
0.277725
0.882557
1.26779
0.507167
0.556374
1.17234
1.70289
0.182913
0.436116
0.818078
0.896317
1.01805
0.896317
1.21778
1.17234
0.425389
0.544668
4.15824
0.896317
0.987242
0.896317
0.619656
1.1419
3.06694
1.28813
1.52798
0.512555
1.32041
3.0073
1.04581
1.20099
1.26779
0.217698
0.0017926
3.12104
2.32299
1.59951
0.09143
0.699193
0.896317
0.277317
0.0514304
0.730733
0.730733
2.47851
3.49119
0.896317
1.41834
0.995237
1.17234
1.17234
0.0283847
0.896317
0.848389
1.20099
0.406645
1.1419
0.611359
1.39588
0.896317
0.896317
0.896317
0.896317
0.850656
0.833078
0.621874
1.08939
0.896317
1.02017
1.00484
0.696613
0.896317
0.406645
1.26779
1.38782
0.978845
0.332282
0.619656
1.51549
0.896317
0.386675
4.69589
0.679999
1.38062
1.64492
0.18955
0.376911
0.896317
1.00098
1.85645
1.50583
1.20985
1.1419
1.20584
0.896317
1.56958
0.463793
0.896317
0.249874
0.987242
1.84148
1.67003
3.2261
6.99011
1.32352
0.896317
0.343652
0.807036
0.9252
1.2061
0.9252
0.680288
0.679999
1.08515
0.507167
0.896317
0.896317
0.748452
0.896317
0.895638
0.810938
1.53513
0.295866
5.47757
0.679999
0.406645
1.07639
1.7573
0.871556
1.7573
0.467857
1.1419
0.118563
1.80291
0.664557
0.896317
0.896317
0.812012
0.601496
0.896317
0.370969
0.833078
0.406645
0.896317
0.871556
0.0694871
1.07889
0.076732
0.458382
0.680515
0.896317
0.19206
1.34781
0.987242
0.507167
0.564638
0.895638
0.719585
0.848985
0.812284
2.55814
1.7573
0.896317
0.244749
0.458382
0.896317
0.896317
1.26779
0.824467
1.07889
0.505123
0.621824
0.343652
0.679999
1.7573
2.9497
1.88732
0.178936
0.178936
0.536006
1.22429
0.880135
0.896317
0.896317
1.2061
0.995736
0.896317
0.896317
1.52798
0.374036
0.406645
0.746483
0.602406
0.602406
0.882839
0.896317
0.932701
0.406645
1.07796
0.850846
1.26779
0.507167
0.374349
0.830855
0.850846
2.53495
0.0782369
0.850846
0.757756
1.00966
0.896317
0.343652
0.896317
0.850846
1.1419
0.813978
0.823052
0.880135
1.33323
3.90191
0.807036
1.154
0.621824
0.421915
1.4791
0.406645
0.850846
0.525394
0.896317
0.290945
1.19768
0.18955
0.0691443
0.0691443
0.896317
3.62637
0.896317
0.896317
0.775493
2.05863
2.11438
0.896317
3.20292
1.0654
1.2374
1.54582
0.116579
1.17234
0.813682
0.523286
6.65087
4.95267
3.80019
1.59753
0.775493
0.896317
1.32777
2.27983
0.406645
0.507167
0.896317
1.50984
1.00966
0.293749
0.458382
0.896317
0.930616
1.17878
0.170945
0.313663
0.896317
1.07796
0.233783
1.32777
1.1419
0.882557
0.896317
0.896317
0.295866
1.22169
1.47526
0.896317
0.803834
0.810938
1.13026
0.896317
0.278691
0.785832
1.26779
0.987242
0.507167
1.16766
2.26382
1.7573
4.90742
0.406645
4.27676
0.526392
1.81027
0.896317
1.17234
0.297374
0.896317
1.07159
0.896317
1.13026
1.52798
0.430689
4.12879
4.27676
0.812012
0.896317
0.746423
4.12744
1.09185
1.05355
1.41834
1.53513
0.759317
1.06897
1.20584
1.1419
1.02029
1.38037
0.813682
0.619656
1.08084
0.12852
1.04442
0.882557
1.36407
1.07159
0.896317
1.17234
1.7573
0.896317
0.896317
3.79254
0.995237
0.0951516
0.896317
0.507705
3.79254
3.79254
3.79254
0.198872
1.79461
0.746423
3.79254
0.896317
1.50829
0.71617
1.34577
2.69398
1.60658
1.33323
0.406645
3.79254
0.896317
0.896317
0.525394
1.07163
0.896317
0.746423
0.505123
0.406645
0.896317
0.141261
1.26779
0.621874
3.6952
3.74069
0.830855
0.896317
1.7573
0.7336
1.06653
1.06653
1.34158
0.896317
0.406645
1.12614
0.570405
1.0005
0.978845
0.892236
0.978845
1.06653
0.611882
0.480554
1.30253
1.95026
0.636058
1.95026
4.03344
0.901955
0.807036
0.896317
0.896317
0.759317
1.07163
0.785832
0.896317
1.45173
3.22876
0.406645
1.07163
1.79361
1.07163
1.04861
1.07163
4.03344
0.896317
0.811231
0.9252
0.710518
0.896317
1.07159
3.36498
0.710518
2.58794
0.759317
2.23103
1.68887
0.836949
0.18955
0.18955
0.270041
0.331117
5.17741
3.21846
3.58202
1.53513
0.556442
0.627799
1.52798
0.295866
0.511431
0.636058
0.896317
1.07163
0.896317
0.811231
0.719585
0.896317
0.882557
1.7573
4.03344
0.871556
0.7663
0.896317
1.55301
0.710518
0.882557
1.1201
0.0753566
0.18354
0.990387
0.18354
1.28813
1.04442
0.994486
4.14558
1.01805
0.171477
4.03344
4.03344
1.23697
4.03344
0.406645
4.14558
4.03344
0.812012
0.503974
1.53207
4.14558
0.507167
0.507167
0.987242
1.1419
0.680288
1.16495
0.680288
0.746423
1.07163
0.896317
0.759317
1.17878
0.929929
0.680515
0.680515
0.896317
0.406645
3.83589
0.896317
0.406645
0.00424882
1.38037
7.00751
1.81027
1.00484
0.759317
4.08867
7.00751
2.05669
0.619656
0.871556
0.426876
3.8613
1.15876
0.759317
1.53513
0.507167
1.34394
0.295866
0.896317
2.05669
0.983427
0.9252
3.93933
3.70714
0.406645
1.07796
1.32777
0.896317
2.86612
0.746423
0.759317
0.406645
0.896317
0.406645
0.896317
0.611359
3.93933
0.531248
